Fecha,Casos confirmados acumulados,Casos recuperados acumulados,Casos fallecidos acumulados,Casos activos confirmados,Casos activos probables,Casos nuevos,Casos nuevos con sintomas,Casos nuevos sin sintomas,Casos nuevos por laboratorio,Casos nuevos por antigeno,Casos con sospecha de reinfeccion,Casos recuperados nuevos,Casos fallecidos nuevos,Antigenos informados nuevos,Antigenos informados acumulados,PCR informados nuevos,PCR informados acumulados,Cupos en residencias,Usuarios en residencias,Numero de residencias,UCI habilitadas,UCI ocupadas por confirmados,UCI ocupadas por no confirmados,UCI ocupacion media movil real,Re regional,Re Iquique,Re Tamarugal,Positividad diaria,Vacunados acumulados 1° dosis,Vacunados acumulados 2° dosis,Vacunados acumulados unica dosis,Vacunados acumulados dosis de refuerzo,Vacunados acumulados 4° dosis,Casos acumulados en Alto Hospicio,Casos acumulados en Camiña,Casos acumulados en Colchane,Casos acumulados en Huara,Casos acumulados en Iquique,Casos acumulados en Pica,Casos acumulados en Pozo Almonte,Casos acumulados en Comuna desconocida,Casos activos en Alto Hospicio,Casos activos en Camiña,Casos activos en Colchane,Casos activos en Huara,Casos activos en Iquique,Casos activos en Pica,Casos activos en Pozo Almonte,Casos activos en Comuna desconocida,Paso a Paso Alto Hospicio,Paso a Paso Camiña,Paso a Paso Colchane,Paso a Paso Huara,Paso a Paso Iquique,Paso a Paso Pica,Paso a Paso Pozo Almonte,Paso a Paso (dias) Alto Hospicio,Paso a Paso (dias) Camiña,Paso a Paso (dias) Colchane,Paso a Paso (dias) Huara,Paso a Paso (dias) Iquique,Paso a Paso (dias) Pica,Paso a Paso (dias) Pozo Almonte,Movilidad Iquique,Movilidad Pica,Movilidad Alto Hospicio,Movilidad Pozo almonte,Movilidad Huara,Notificacion PCR Alto Hospicio,Notificacion PCR Camiña,Notificacion PCR Colchane,Notificacion PCR Huara,Notificacion PCR Iquique,Notificacion PCR Pica,Notificacion PCR Pozo Almonte,BAC Alto Hospicio,BAC Camiña,BAC Colchane,BAC Huara,BAC Iquique,BAC Pica,BAC Pozo Almonte,Positividad Alto Hospicio,Positividad Camiña,Positividad Colchane,Positividad Huara,Positividad Iquique,Positividad Pica,Positividad Pozo Almonte,Cobertura de testeo Alto Hospicio,Cobertura de testeo Camiña,Cobertura de testeo Colchane,Cobertura de testeo Huara,Cobertura de testeo Iquique,Cobertura de testeo Pica,Cobertura de testeo Pozo Almonte,Oportunidad en notificacion Alto Hospicio,Oportunidad en notificacion Camiña,Oportunidad en notificacion Colchane,Oportunidad en notificacion Huara,Oportunidad en notificacion Iquique,Oportunidad en notificacion Pica,Oportunidad en notificacion Pozo Almonte,Fallecidos Alto Hospicio,Fallecidos Camiña,Fallecidos Colchane,Fallecidos Huara,Fallecidos Iquique,Fallecidos Pica,Fallecidos Pozo Almonte,Fallecidos Comuna desconocida,Fallecidos total comunal,Fallecidos confirmados DEIS Alto Hospicio,Fallecidos confirmados DEIS Camiña,Fallecidos confirmados DEIS Colchane,Fallecidos confirmados DEIS Huara,Fallecidos confirmados DEIS Iquique,Fallecidos confirmados DEIS Pica,Fallecidos confirmados DEIS Pozo Almonte,Fallecidos probables DEIS Alto Hospicio,Fallecidos probables DEIS Camiña,Fallecidos probables DEIS Colchane,Fallecidos probables DEIS Huara,Fallecidos probables DEIS Iquique,Fallecidos probables DEIS Pica,Fallecidos probables DEIS Pozo Almonte,Incidencia regional estimada,Incidencia Iquique estimada,Incidencia Tamarugal estimada,Tasa de casos nuevos Iquique estimada,Tasa de casos nuevos Tamarugal estimada,Incidencia acumulada Alto Hospicio,Incidencia acumulada Camina,Incidencia acumulada Colchane,Incidencia acumulada Huara,Incidencia acumulada Iquique,Incidencia acumulada Pica,Incidencia acumulada Pozo Almonte,Incidencia acumulada regional,Positividad media movil *,Mortalidad especifica *,Crecimiento semanal *,Crecimiento diario *,UCI ocupacion media movil aprox *,UCI error abs *,Tasa casos nuevos *,Positividad antigeno *,Positividad antigeno media movil *,Mortalidad especifica comunal Alto Hospicio *,Mortalidad especifica comunal Camiña *,Mortalidad especifica comunal Colchane *,Mortalidad especifica comunal Huara *,Mortalidad especifica comunal Iquique *,Mortalidad especifica comunal Pica *,Mortalidad especifica comunal Pozo Almonte *,Tasa de activos (incidencia) *
2020-03-03,0,,,,,0,0.0,,,,,,,,,,,,,,,,,,,,,,,,,,,,,,,,,,,,,,,,,,,,,,,,,,,,,,,,,0.99,0.99,1.0,1.03,1.01,,,,,,,,,,,,,,,,,,,,,,,,,,,,,,,,,,,,,,,,,,,,,,,,,,,,,,,,,,,,,,,,,,,,,,,,,,,,,,,,,,,,,,,,
2020-03-04,0,,,,,0,0.0,,,,,,,,,,,,,,,,,,,,,,,,,,,,,,,,,,,,,,,,,,,,,,,,,,,,,,,,,0.99,0.99,1.0,1.03,1.01,,,,,,,,,,,,,,,,,,,,,,,,,,,,,,,,,,,,,,,,,,,,,,,,,,,,,,,,,,,,,,,,,,,,,,,,,,,,,,,,,,,,,,,,
2020-03-05,0,,,,,0,0.0,,,,,,,,,,,,,,,,,,,,,,,,,,,,,,,,,,,,,,,,,,,,,,,,,,,,,,,,,0.99,0.99,1.0,1.03,1.01,,,,,,,,,,,,,,,,,,,,,,,,,,,,,,,,,,,,,,,,,,,,,,,,,,,,,,,,,,,,,,,,,,,,,,,,,,,,,,,,,,,,,,,,
2020-03-06,0,,,,,0,0.0,,,,,,,,,,,,,,,,,,,,,,,,,,,,,,,,,,,,,,,,,,,,,,,,,,,,,,,,,0.99,0.99,1.0,1.03,1.01,,,,,,,,,,,,,,,,,,,,,,,,,,,,,,,,,,,,,,,,,,,,,,,,,,,,,,,,,,,,,,,,,,,,,,,,,,,,,,,,,,,,,,,,
2020-03-07,0,,,,,0,0.0,,,,,,,,,,,,,,,,,,,,,,,,,,,,,,,,,,,,,,,,,,,,,,,,,,,,,,,,,1.03,1.02,1.0,0.99,1.03,,,,,,,,,,,,,,,,,,,,,,,,,,,,,,,,,,,,,,,,,,,,,,,,,,,,,,,,,,,,,,,,,,,,,,,,,,,,,,,,,,,,,,,,
2020-03-08,0,,,,,0,0.0,,,,,,,,,,,,,,,,,,2.41,3.15,4.01,,,,,,,,,,,,,,,,,,,,,,,,,,,,,,,,,,,,,1.03,1.02,1.0,0.99,1.03,,,,,,,,,,,,,,,,,,,,,,,,,,,,,,,,,,,,,,,,,,,,,,,,,,,,,,,,,,,,,,,,,,,,,,,,,,,,,,,,,,,,,,,,
2020-03-09,0,,,,,0,0.0,,,,,,,,,,,,,,,,,,2.24,2.74,4.27,,,,,,,,,,,,,,,,,,,,,,,,,,,,,,,,,,,,,1.0,1.0,0.99,0.96,0.98,,,,,,,,,,,,,,,,,,,,,,,,,,,,,,,,,,,,,,,,,,,,,,,,,,,,,,,,,,,,,,,,,,,,,,,,,,,,,,0.0,,,,,,,,,,
2020-03-10,0,,,,,0,0.0,,,,,,,,,,,,,,,,,,2.12,2.74,4.03,,,,,,,,,,,,,,,,,,,,,,,,,,,,,,,,,,,,,1.0,1.0,0.99,0.96,0.98,,,,,,,,,,,,,,,,,,,,,,,,,,,,,,,,,,,,,,,,,,,,,,,,,,,,,,,,,,,,,,,,,,,,,,,,,,,,,,0.0,,,,,,,,,,
2020-03-11,0,,,,,0,0.0,,,,,,,,,,,,,,,,,,2.0,2.37,3.82,,,,,,,,,,,,,,,,,,,,,,,,,,,,,,,,,,,,,1.0,1.0,0.99,0.96,0.98,,,,,,,,,,,,,,,,,,,,,,,,,,,,,,,,,,,,,,,,,,,,,,,,,,,,,,,,,,,,,,,,,,,,,,,,,,,,,,0.0,,,,,,,,,,
2020-03-12,0,,,,,0,0.0,,,,,,,,,,,,,,,,,,1.72,2.07,3.57,,,,,,,,,,,,,,,,,,,,,,,,,,,,,,,,,,,,,1.0,1.0,0.99,0.96,0.98,,,,,,,,,,,,,,,,,,,,,,,,,,,,,,,,,,,,,,,,,,,,,,,,,,,,,,,,,,,,,,,,,,,,,,,,,,,,,,0.0,,,,,,,,,,
2020-03-13,0,,,,,0,0.0,,,,,,,,,,,,,,,,,,1.65,1.96,3.46,,,,,,,,,,,,,,,,,,,,,,,,,,,,,,,,,,,,,1.0,1.0,0.99,0.96,0.98,,,,,,,,,,,,,,,,,,,,,,,,,,,,,,,,,,,,,,,,,,,,,,,,,,,,,,,,,,,,,,,,,,,,,,,,,,,,,,0.0,,,,,,,,,,
2020-03-14,0,,,,,0,0.0,,,,,,,,,,,,,,,,,,1.63,1.92,3.16,,,,,,,,,,,,,,,,,,,,,,,,,,,,,,,,,,,,,0.98,0.97,0.99,0.91,0.92,,,,,,,,,,,,,,,,,,,,,,,,,,,,,,,,,,,,,,,,,,,,,,,,,,,,,,,,,,,,,,,,,,,,,,,,,,,,,,0.0,,,,,,,,,,
2020-03-15,0,,,,,0,0.0,,,,,,,,,,,,,,,,,,1.63,1.71,3.0,,,,,,,,,,,,,,,,,,,,,,,,,,,,,,,,,,,,,0.98,0.97,0.99,0.91,0.92,,,,,,,,,,,,,,,,,,,,,,,,,,,,,,,,,,,,,,,,,,,,,,,,,,,,,,,,,,,,,,,,,,,,,,,,,,,,,,0.0,,,,,,,,,,
2020-03-16,0,,,,,0,0.0,,,,,,,,,,,,,,,,,,1.7,1.87,2.99,,,,,,,,,,,,,,,,,,,,,,,,,,,,,,,,,,,,,0.9,0.86,0.92,0.96,0.84,,,,,,,,,,,,,,,,,,,,,,,,,,,,,,,,,,,,,,,,,,,,,,,,,,,,,,,,,,,,,,,,,,,,,,,,,,,,,,0.0,,,,,,,,,,
2020-03-17,0,,,,,0,0.0,,,,,,,,,,,,,,,,,,1.61,1.89,2.95,,,,,,,,,,,,,,,,,,,,,,,,,,,,,,,,,,,,,0.9,0.86,0.92,0.96,0.84,,,,,,,,,,,,,,,,,,,,,,,,,,,,,,,,,,,,,,,,,,,,,,,,,,,,,,,,,,,,,,,,,,,,,,,,,,,,,,0.0,,,,,,,,,,
2020-03-18,0,,,,,0,0.0,,,,,,,,,,,,,,,,,,1.65,1.82,2.98,,,,,,,,,,,,,,,,,,,,,,,,,,,,,,,,,,,,,0.9,0.86,0.92,0.96,0.84,,,,,,,,,,,,,,,,,,,,,,,,,,,,,,,,,,,,,,,,,,,,,,,,,,,,,,,,,,,,,,,,,,,,,,,,,,,,,,0.0,,,,,,,,,,
2020-03-19,0,,,,,0,0.0,,,,,,,,,,,,,,,,,,1.83,1.83,2.79,,,,,,,,,,,,,,,,,,,,,,,,,,,,,,,,,,,,,0.9,0.86,0.92,0.96,0.84,,,,,,,,,,,,,,,,,,,,,,,,,,,,,,,,,,,,,,,,,,,,,,,,,,,,,,,,,,,,,,,,,,,,,,,,,,,,,,0.0,,,,,,,,,,
2020-03-20,0,,,,,0,0.0,,,,,,,,,,,,,,,,,,1.82,1.8,2.77,,,,,,,,,,,,,,,,,,,,,,,,,,,,,,,,,,,,,0.9,0.86,0.92,0.96,0.84,,,,,,,,,,,,,,,,,,,,,,,,,,,,,,,,,,,,,,,,,,,,,,,,,,,,,,,,,,,,,,,,,,,,,,,,,,,,,,0.0,,,,,,,,,,
2020-03-21,0,,,,,0,0.0,,,,,,,,,,,,,,,,,,1.82,1.68,2.79,,,,,,,,,,,,,,,,,,,,,,,,,,,,,,,,,,,,,0.82,0.81,0.71,0.8,0.63,,,,,,,,,,,,,,,,,,,,,,,,,,,,,,,,,,,,,,,,,,,,,,,,,,,,,,,,,,,,,,,,,,,,,,,,,,,,,,0.0,,,,,,,,,,
2020-03-22,0,,0.0,,,0,0.0,,,,,,,,,,,,,,,,,,1.76,1.62,2.78,,,,,,,,,,,,,,,,,,,,,,,,,,,,,,,,,,,,,0.82,0.81,0.71,0.8,0.63,,,,,,,,,,,,,,,,,,,,,,,,,,,,,,,,,,,,,,,,,,,,,,,,,,,,,,,,,,,,,,,,,,,,,,,,,0.0,,,,,0.0,,,,,,,,,,
2020-03-23,1,,0.0,1.0,,1,1.0,,,,,,0.0,,,,,,,,,,,,1.78,1.53,2.84,,,,,,,,,,,,,,,,,,,,,,,,,,,,,,,,,,,,,0.73,0.72,0.72,0.73,0.55,,,,,,,,,,,,,,,,,,,,,,,,,,,,,,,,,,,,,,,,,,,,,,,,,,,,,,,,,,,,,,,,,,,,,,,,,0.0,inf,inf,,,0.04,,,,,,,,,,0.26
2020-03-24,4,,0.0,4.0,,3,3.0,,,,,,0.0,,,,,,,,,,,,1.71,1.5,3.24,,,,,,,,,,,,,,,,,,,,,,,,,,,,,,,,,,,,,0.73,0.72,0.72,0.73,0.55,,,,,,,,,,,,,,,,,,,,,,,,,,,,,,,,,,,,,,,,,,,,,,,,,,,,,,,,,,,,,,,,,,,,,,,,,0.0,inf,3.0,,,0.15,,,,,,,,,,1.05
2020-03-25,4,,0.0,4.0,,0,0.0,,,,,,0.0,,,,,,,,,,,,1.65,1.49,2.93,,,,,,,,,,,,,,,,,,,,,,,,,,,,,,,,,,,,,0.73,0.72,0.72,0.73,0.55,,,,,,,,,,,,,,,,,,,,,,,,,,,,,,,,,,,,,,,,,,,,,,,,,,,,,,,,,,,,,,,,,,,,,,,,,0.0,inf,0.0,,,0.15,,,,,,,,,,1.05
2020-03-26,5,,0.0,5.0,,1,1.0,,,,,,0.0,,,,,,,,,,,,1.55,1.46,2.61,,,,,,,,,,,,,,,,,,,,,,,,,,,,,,,,,,,,,0.73,0.72,0.72,0.73,0.55,,,,,,,,,,,,,,,,,,,,,,,,,,,,,,,,,,,,,,,,,,,,,,,,,,,,,,,,,,,,,,,,,,,,,,,,,0.0,inf,inf,,,0.19,,,,,,,,,,1.31
2020-03-27,5,,0.0,5.0,,0,0.0,,,,,,0.0,,,,,,,,,,,,1.49,1.44,2.43,,,,,,,,,,,,,,,,,,,,,,,,,,,,,,,,,,,,,0.73,0.72,0.72,0.73,0.55,,,,,,,,,,,,,,,,,,,,,,,,,,,,,,,,,,,,,,,,,,,,,,,,,,,,,,,,,,,,,,,,,,,,,,,,,0.0,inf,0.0,,,0.19,,,,,,,,,,1.31
2020-03-28,5,,0.0,5.0,,0,0.0,,,,,,0.0,,,,,,,,,,,,1.41,1.4,2.56,,,,,,,,,,,,,,,,,,,,,,,,,,,,,,,,,,,,,0.8,0.79,0.59,0.67,0.57,,,,,,,,,,,,,,,,,,,,,,,,,,,,,,,,,,,,,,,,,,,,,,,,,,,,,,,,,,,,,,,,,,,,,,,,,0.0,inf,,,,0.19,,,,,,,,,,1.31
2020-03-29,6,,0.0,6.0,,1,1.0,,,,,,0.0,,,,,,,,,,,,1.38,1.39,2.44,,,,,,,,,,,,,,,,,,,,,,,,,,,,,,,,,,,,,0.8,0.79,0.59,0.67,0.57,,,,,,,,,,,,,,,,,,,,,,,,,,,,,,,,,,,,,,,,,,,,,,,,,,,,,,,,,,,,,,,,,,,,,,,,,0.0,inf,inf,,,0.22,,,,,,,,,,1.57
2020-03-30,8,,0.0,8.0,,2,2.0,,,,,,0.0,,,,,,,,,,,,1.4,1.45,2.54,,,,,,,0.0,0.0,0.0,0.0,5.0,0.0,0.0,,,,,,,,,,,,,,,,,,,,,,,,,,,,,,,,,,,,,,,,,,,,,,,,,,,,,,,,,,,,,,,,,,,,,,,,,,,,,,,,,,,,,,,,,,,,0.0,0.0,0.0,0.0,2.2,0.0,0.0,1.3,,0.0,7.0,2.0,,,0.26,,,,,,,,,,2.09
2020-03-31,10,,0.0,10.0,,2,2.0,,,,,,0.0,,,,,,,,,,,,1.44,1.45,2.45,,,,,,,,,,,,,,,,,,,,,,,,,,,,,,,,,,,,,,,,,,,,,,,,,,,,,,,,,,,,,,,,,,,,,,,,,,,,,,,,,,,,,,,,,,,,,,,,,,,,,,,,,,,,,,,,,,0.0,1.5,1.0,,,0.22,,,,,,,,,,2.61
2020-04-01,10,,0.0,10.0,,0,0.0,,,,,,0.0,,,,,,,,,1.0,,,1.47,1.47,2.78,,,,,,,0.0,0.0,0.0,0.0,9.0,0.0,0.0,,,,,,,,,,,,,,,,,,,,,,,,0.78,0.74,0.77,0.9,0.55,,,,,,,,,,,,,,,,,,,,,,,,,,,,,,,,,,,,,,,,,,,,,,,,,,,,,,,,,,,1.09,0.89,4.73,,,0.0,0.0,0.0,0.0,4.0,0.0,0.0,2.4,,0.0,1.5,0.0,,,0.22,,,,,,,,,,2.61
2020-04-02,12,,0.0,12.0,,2,2.0,,,,,,0.0,,,,,,,,,1.0,,,1.53,1.45,2.51,,,,,,,,,,,,,,,,,,,,,,,,,,,,,,,,,,,,,0.78,0.74,0.77,0.9,0.55,,,,,,,,,,,,,,,,,,,,,,,,,,,,,,,,,,,,,,,,,,,,,,,,,,,,,,,,,,,1.26,0.84,3.68,,,,,,,,,,,,0.0,1.4,inf,,,0.26,,,,,,,,,,3.14
2020-04-03,13,,0.0,13.0,,1,1.0,,,,,,0.0,,,,,,,,,1.0,,,1.51,1.42,2.52,,,,,,,0.0,0.0,0.0,0.0,10.0,0.0,0.0,,,,,,,,,,,,,,,,,,,,,,,,0.78,0.74,0.77,0.9,0.55,,,,,,,,,,,,,,,,,,,,,,,,,,,,,,,,,,,,,,,,,,,,,,,,,,,,,,,,,,,1.11,0.8,5.75,,,0.0,0.0,0.0,0.0,4.5,0.0,0.0,2.6,,0.0,1.6,0.5,,,0.3,,,,,,,,,,3.4
2020-04-04,17,,0.0,17.0,,4,4.0,,,,,,0.0,,,,,,,,,1.0,,,1.48,1.4,2.18,,,,,,,,,,,,,,,,,,,,,,,,,,,,,,,,,,,,,0.83,0.82,0.64,0.62,0.43,,,,,,,,,,,,,,,,,,,,,,,,,,,,,,,,,,,,,,,,,,,,,,,,,,,,,,,,,,,1.02,0.8,3.65,,,,,,,,,,,,0.0,2.4,4.0,,,0.45,,,,,,,,,,4.44
2020-04-05,20,,0.0,20.0,,3,3.0,,,,,,0.0,,,,,,,,,1.0,,,1.46,1.4,2.1,,,,,,,,,,,,,,,,,,,,,,,,,,,,,,,,,,,,,0.83,0.82,0.64,0.62,0.43,,,,,,,,,,,,,,,,,,,,,,,,,,,,,,,,,,,,,,,,,,,,,,,,,,,,,,,,,,,1.08,0.88,6.19,,,,,,,,,,,,0.0,2.33,0.75,,,0.52,,,,,,,,,,5.23
2020-04-06,21,,0.0,20.0,,1,1.0,,,,,,0.0,,,,,,,,,2.0,,,1.46,1.41,1.92,,,,,,,5.0,0.0,0.0,0.0,13.0,0.0,0.0,,,,,,,,,,,,,,,,,,,,,,,,0.77,0.74,0.72,0.78,0.45,,,,,,,,,,,,,,,,,,,,,,,,,,,,,,,,,,,,,,,,,,,,,,,,,,,,,,,,,,,1.59,1.27,5.49,,,3.8,0.0,0.0,0.0,5.8,0.0,0.0,4.7,,0.0,1.86,0.33,,,0.49,,,,,,,,,,5.23
2020-04-07,23,1.0,0.0,19.0,,2,2.0,,,,,,0.0,,,,,,,,,2.0,,,1.47,1.41,1.89,,,,,,,,,,,,,,,,,,,,,,,,,,,,,,,,,,,,,0.77,0.74,0.72,0.78,0.45,,,,,,,,,,,,,,,,,,,,,,,,,,,,,,,,,,,,,,,,,,,,,,,,,,,,,,,,,,,1.75,1.23,7.25,0.96,5.25,,,,,,,,,,0.0,2.17,2.0,,,0.49,,,,,,,,,,4.96
2020-04-08,26,4.0,0.0,22.0,,3,3.0,,,,,3.0,0.0,,,,,,,,,2.0,,,1.43,1.37,1.68,,,,,,,6.0,0.0,0.0,0.0,16.0,0.0,0.0,,,,,,,,,,,,,,,,,,,,,,,,0.77,0.74,0.72,0.78,0.45,,,,,,,,,,,,,,,,,,,,,,,,,,,,,,,,,,,,,,,,,,,,,,,,,,,,,,,,,,,1.5,1.21,5.31,1.0,5.33,4.6,0.0,0.0,0.0,7.2,0.0,0.0,5.7,,0.0,2.67,1.5,,,0.6,,,,,,,,,,5.75
2020-04-09,29,4.0,0.0,24.0,,3,3.0,,,,,0.0,0.0,,,,,,,,,2.0,,,1.36,1.35,1.56,,,,,,,,,,,,,,,,,,,,,,,,,,,,,,,,,,,,,0.77,0.74,0.72,0.78,0.45,,,,,,,,,,,,,,,,,,,,,,,,,,,,,,,,,,,,,,,,,,,,,,,,,,,,,,,,,,,1.5,1.2,4.88,1.05,5.5,,,,,,,,,,0.0,2.43,1.0,,,0.63,,,,,,,,,,6.27
2020-04-10,35,5.0,0.0,30.0,,6,6.0,,,,,1.0,0.0,,,,,,,,,3.0,,,1.34,1.33,1.41,,,,,,,10.0,0.0,0.0,0.0,18.0,5.0,0.0,,,,,,,,,,,,,,,,,,,,,,,,0.77,0.74,0.72,0.78,0.45,,,,,,,,,,,,,,,,,,,,,,,,,,,,,,,,,,,,,,,,,,,,,,,,,,,,,,,,,,,1.54,1.14,4.79,1.1,5.37,7.7,0.0,0.0,0.0,8.1,83.9,0.0,8.6,,0.0,2.75,2.0,,,0.82,,,,,,,,,,7.84
2020-04-11,38,5.0,0.0,33.0,,3,3.0,,,,,0.0,0.0,,,,,,,,,3.0,,,1.31,1.32,1.32,,,,,,,,,,,,,,,,,,,,,,,,,,,,,,,,,,,,,0.75,0.77,0.57,0.31,0.3,,,,,,,,,,,,,,,,,,,,,,,,,,,,,,,,,,,,,,,,,,,,,,,,,,,,,,,,,,,1.38,1.18,3.75,1.16,5.38,,,,,,,,,,0.0,1.75,0.5,,,0.78,,,,,,,,,,8.62
2020-04-12,46,5.0,0.0,40.0,,8,8.0,,,,,0.0,0.0,,,,,,,,,2.0,,,1.26,1.28,1.18,,,,,,,,,,,,,,,,,,,,,,,,,,,,,,,,,,,,,0.75,0.77,0.57,0.31,0.3,,,,,,,,,,,,,,,,,,,,,,,,,,,,,,,,,,,,,,,,,,,,,,,,,,,,,,,,,,,1.34,1.05,3.39,1.18,4.98,,,,,,,,,,0.0,1.86,2.67,,,0.97,,,,,,,,,,10.45
2020-04-13,52,6.0,0.0,44.0,,6,6.0,,,,,1.0,0.0,,,,,,,,,2.0,,,1.26,1.31,1.1,,,,,,,14.0,0.0,0.0,0.0,26.0,10.0,2.0,,8.0,0.0,0.0,0.0,11.0,9.0,2.0,,,,,,,,,,,,,,,,0.77,0.76,0.74,0.85,0.47,,,,,,,,,,,,,,,,,,,,,,,,,,,,,,,,,,,,,,,,,,,,,,,,,,,,,,,,,,,2.13,1.87,3.8,1.27,4.74,10.8,0.0,0.0,0.0,11.6,167.8,11.5,13.6,,0.0,2.38,0.75,,,1.16,,,,,,,,,,11.5
2020-04-14,62,8.0,0.0,52.0,,10,10.0,,,,,2.0,0.0,,,,,,,,13.0,1.0,7.0,,1.27,1.36,1.02,,,,,,,,,,,,,,,,,,,,,,,,,,,,,,,,,,,,,0.77,0.76,0.74,0.85,0.47,,,,,,,,,,,,,,,,,,,,,,,,,,,,,,,,,,,,,,,,,,,,,,,,,,,,,,,,,,,2.37,2.08,4.69,1.39,4.37,,,,,,,,,,0.0,3.0,1.67,,,1.46,,,,,,,,,,13.59
2020-04-15,62,10.0,0.0,52.0,,0,0.0,,,,,2.0,0.0,,,,,,,,13.0,0.0,6.0,,1.31,1.41,1.05,,,,,,,15.0,0.0,0.0,0.0,26.0,19.0,2.0,,8.0,0.0,0.0,0.0,8.0,17.0,2.0,,,,,,,,,,,,,,,,0.77,0.76,0.74,0.85,0.47,,,,,,,,,,,,,,,,,,,,,,,,,,,,,,,,,,,,,,,,,,,,,,,,,,,,,,,,,,,2.46,2.18,5.03,1.53,4.34,11.5,0.0,0.0,0.0,11.6,318.9,11.5,16.2,,0.0,2.25,0.0,,,1.34,,,,,,,,,,13.59
2020-04-16,66,10.0,0.0,54.0,,4,4.0,,,,,0.0,0.0,,,30.0,30.0,,,,13.0,0.0,6.0,,1.31,1.42,1.09,13.33,,,,,,,,,,,,,,,,,,,,,,,,,,,,,,,,,,,,0.77,0.76,0.74,0.85,0.47,,,,,,,,,,,,,,,,,,,,,,,,,,,,,,,,,,,,,,,,,,,,,,,,,,,,,,,,,,,2.21,2.03,5.0,1.65,4.35,,,,,,,,,,0.0,2.18,inf,,,1.38,,,,,,,,,,14.11
2020-04-17,73,12.0,0.0,60.0,,7,7.0,,,,,2.0,0.0,,,,,,,,13.0,0.0,4.0,,1.31,1.41,1.05,,,,,,,16.0,0.0,0.0,0.0,31.0,24.0,2.0,,7.0,0.0,0.0,0.0,10.0,21.0,0.0,,,,,,,,,,,,,,,,0.77,0.76,0.74,0.85,0.47,,,,,,,,,,,,,,,,,,,,,,,,,,,,,,,,,,,,,,,,,,,,,,,,,,,,,,,,,,,2.27,1.96,3.36,1.76,4.15,12.3,0.0,0.0,0.0,13.9,402.8,11.5,19.1,,0.0,1.73,1.75,,,1.42,,,,,,,,,,15.68
2020-04-18,81,13.0,0.0,64.0,,8,8.0,,,,,1.0,0.0,,,60.0,90.0,,,,15.0,0.0,5.0,,1.3,1.39,1.05,13.33,,,,,,,,,,,,,,,,,,,,,,,,,,,,,,,,,,,,0.81,0.81,0.65,0.66,0.41,,,,,,,,,,,,,,,,,,,,,,,,,,,,,,,,,,,,,,,,,,,,,,,,,,,,,,,,,,,2.06,1.95,3.17,1.87,4.06,,,,,,,,,,0.0,2.05,1.14,,,1.6,,,,,,,,,,16.72
2020-04-19,90,17.0,0.0,70.0,,9,9.0,,,,,4.0,0.0,,,0.0,90.0,,,,15.0,1.0,4.0,,1.29,1.4,1.02,inf,,,,,,,,,,,,,,,,,,,,,,,,,,,,,,,,,,,,0.81,0.81,0.65,0.66,0.41,,,,,,,,,,,,,,,,,,,,,,,,,,,,,,,,,,,,,,,,,,,,,,,,,,,,,,,,,,,2.06,2.02,2.56,2.01,3.95,,,,,,,,,,0.0,1.69,1.12,,,1.64,,,,,,,,,,18.29
2020-04-20,93,20.0,0.0,72.0,,3,3.0,,,,,3.0,0.0,,,0.0,90.0,,,,15.0,1.0,3.0,39.56,1.34,1.48,1.02,inf,,,,,,27.0,0.0,0.0,0.0,36.0,28.0,2.0,,15.0,0.0,0.0,0.0,10.0,17.0,0.0,,,,,,,,,,,,,,,,0.77,0.76,0.76,0.76,0.54,,,,,,,,,,,,,,,,,,,,,,,,,,,,,,,,,,,,,,,,,,,,,,,,,,,,,,,,,,,3.69,3.78,3.16,2.29,3.85,20.8,0.0,0.0,0.0,16.1,470.0,11.5,24.3,,0.0,1.32,0.33,39.71,0.15,1.53,,,,,,,,,,18.81
2020-04-21,104,21.0,0.0,81.0,,11,11.0,,,,,1.0,0.0,,,30.0,120.0,,,,11.0,1.0,2.0,37.06,1.35,1.5,0.96,36.67,,,,,,,,,,,,,,,,,,,,,,,,,,,,,,,,,,,,0.77,0.76,0.76,0.76,0.54,,,,,,,,,,,,,,,,,,,,,,,,,,,,,,,,,,,,,,,,,,,,,,,,,,,,,,,,,,,3.53,3.71,2.83,2.52,3.59,,,,,,,,,,0.0,1.08,3.67,34.81,2.25,1.57,,,,,,,,,,21.16
2020-04-22,114,23.0,0.0,88.0,,10,10.0,,,,,2.0,0.0,,,59.0,179.0,,,,12.0,2.0,4.0,37.61,1.31,1.46,0.9,16.95,,,,,,,,,,,,,,,,,,,,,,,,,,,,,,,,,,,,0.77,0.76,0.76,0.76,0.54,,,,,,,,,,,,,,,,,,,,,,,,,,,,,,,,,,,,,,,,,,,,,,,,,,,,,,,,,,,3.12,3.28,2.58,2.68,3.24,,,,,,,,,,0.0,1.44,0.91,35.36,2.25,1.94,,,,,,,,,,22.99
2020-04-23,128,26.0,0.0,99.0,,14,14.0,,,,,3.0,0.0,,,30.0,209.0,,,,11.0,2.0,4.0,38.81,1.3,1.45,0.86,46.67,,,,,,,,,,,,,,,,,,,,,,,,,,,,,,,,,,,,0.77,0.76,0.76,0.76,0.54,,,,,,,,,,,,,,,,,,,,,,,,,,,,,,,,,,,,,,,,,,,,,,,,,,,,,,,,,,,3.04,3.52,2.46,2.89,2.87,,,,,,,,,,0.0,1.68,1.4,36.56,2.25,2.31,,,,,,,,,,25.86
2020-04-24,134,29.0,0.0,99.0,,6,6.0,,,,,3.0,0.0,,,203.0,412.0,,,,11.0,2.0,2.0,40.91,1.29,1.45,0.88,2.96,,,,,,39.0,0.0,0.0,0.0,58.0,31.0,2.0,,19.0,0.0,0.0,0.0,29.0,13.0,0.0,,,,,,,,,,,,,,,,0.77,0.76,0.76,0.76,0.54,,,,,,,,,,,,,,,,,,,,,,,,,,,,,,,,,,,,,,,,,,,,,,,,,,,,,,,,,,,3.28,3.7,2.64,3.14,2.77,30.0,0.0,0.0,0.0,26.0,520.3,11.5,34.0,,0.0,1.61,0.43,37.36,3.55,2.28,,,,,,,,,,25.86
2020-04-25,143,35.0,1.0,104.0,,9,9.0,,,,,6.0,1.0,,,118.0,530.0,,,,11.0,3.0,5.0,44.29,1.31,1.45,0.91,7.63,,,,,,,,,,,,,,,,,,,,,,,,,,,,,,,,,,,,0.82,0.83,0.62,0.6,0.44,,,,,,,,,,,,,,,,,,,,,,,,,,,,,,,,,,,,,,,,,,,,,,,,,,,,,,,,,,,3.51,3.87,3.0,3.41,2.75,,,,,,,,,,0.26,1.44,1.5,42.99,1.3,2.31,,,,,,,,,,27.17
2020-04-26,156,38.0,1.0,109.0,,13,13.0,,,,,3.0,0.0,,,58.0,588.0,,,,11.0,2.0,4.0,47.32,1.36,1.48,1.01,22.41,,,,,,,,,,,,,,,,,,,,,,,,,,,,,,,,,,,,0.82,0.83,0.62,0.6,0.44,,,,,,,,,,,,,,,,,,,,,,,,,,,,,,,,,,,,,,,,,,,,,,,,,,,,,,,,,,,4.31,4.69,3.6,3.79,2.9,,,,,,,,,,0.26,1.5,1.44,46.02,1.3,2.46,,,,,,,,,,28.48
2020-04-27,164,46.0,1.0,111.0,,8,8.0,,,,,8.0,0.0,,,58.0,646.0,,,,11.0,2.0,4.0,51.3,1.5,1.59,1.09,13.79,,,,,,55.0,0.0,0.0,0.0,75.0,31.0,2.0,,27.0,0.0,0.0,0.0,38.0,9.0,0.0,,,,,,,,,,,,,,,,0.8,0.78,0.83,0.9,0.6,,,,,,,,,,,,,,,,,,,,,,,,,,,,,,,,,,,,,,,,,,,,,,,,,,,,,,,,,,,7.84,8.3,4.44,4.44,3.08,42.3,0.0,0.0,0.0,33.6,520.3,11.5,42.6,21.01,0.26,1.73,0.62,50.0,1.3,2.65,,,,,,,,,,29.0
2020-04-28,169,52.0,1.0,106.0,,5,5.0,,,,,6.0,0.0,,,57.0,703.0,,,,11.0,2.0,2.0,52.6,1.61,1.69,1.25,8.77,,,,,,,,,,,,,,,,,,,,,,,,,,,,,,,,,,,,0.8,0.78,0.83,0.9,0.6,,,,,,,,,,,,,,,,,,,,,,,,,,,,,,,,,,,,,,,,,,,,,,,,,,,,,,,,,,,8.58,9.22,5.73,5.23,3.49,,,,,,,,,17.03,0.26,1.55,0.62,51.3,1.3,2.43,,,,,,,,,,27.69
2020-04-29,183,62.0,1.0,120.0,,14,14.0,0.0,,,,10.0,0.0,,,111.0,814.0,,,,11.0,3.0,3.0,51.95,1.64,1.67,1.37,12.61,,,,,,,,,,,,,,,,,,,,,,,,,,,,,,,,,,,,0.8,0.78,0.83,0.9,0.6,,,,,,,,,,,,,,,,,,,,,,,,,,,,,,,,,,,,,,,,,,,,,,,,,,,,,,,,,,,7.67,7.33,5.44,5.8,3.9,,,,,,,,,16.41,0.26,1.33,2.8,51.95,0.0,2.58,,,,,,,,,,31.35
2020-04-30,198,62.0,1.0,131.0,,15,15.0,0.0,,,,0.0,0.0,,,124.0,938.0,,,,11.0,2.0,3.0,50.65,1.66,1.65,1.42,12.1,,,,,,,,,,,,,,,,,,,,,,,,,,,,,,,,,,,,0.8,0.78,0.83,0.9,0.6,,,,,,,,,,,,,,,,,,,,,,,,,,,,,,,,,,,,,,,,,,,,,,,,,,,,,,,,,,,8.14,8.16,5.12,6.47,4.28,,,,,,,,,11.47,0.26,1.13,1.07,50.65,0.0,2.61,,,,,,,,,,34.22
2020-05-01,200,66.0,1.0,126.0,,2,0.0,2.0,,,,4.0,0.0,,,8.0,946.0,,,,12.0,2.0,4.0,51.3,1.69,1.66,1.5,25.0,,,,,,77.0,0.0,0.0,0.0,90.0,31.0,2.0,,38.0,0.0,0.0,0.0,39.0,0.0,0.0,,,,,,,,,,,,,,,,0.8,0.78,0.83,0.9,0.6,,,,,,,,,,,,,,,,,,,,,,,,,,,,,,,,,,,,,,,,,,,,,,,,,,,,,,,,,,,9.52,9.75,6.06,7.33,4.77,59.2,0.0,0.0,0.0,40.3,520.3,11.5,52.3,14.62,0.26,1.08,0.13,52.6,1.3,2.46,,,,,,,,,,32.92
2020-05-02,212,73.0,1.0,130.0,,12,11.0,1.0,,,,7.0,0.0,,,102.0,1048.0,,,,12.0,2.0,2.0,49.35,1.74,1.68,1.51,11.76,,,,,,,,,,,,,,,,,,,,,,,,,,,,,,,,,,,,0.84,0.84,0.8,0.7,0.58,,,,,,,,,,,,,,,,,,,,,,,,,,,,,,,,,,,,,,,,,,,,,,,,,,,,,,,,,,,11.57,10.77,5.32,8.32,5.1,,,,,,,,,15.21,0.26,1.11,6.0,46.97,2.38,2.58,,,,,,,,,,33.96
2020-05-03,272,81.0,1.0,181.0,,60,54.0,6.0,,,,8.0,0.0,,,90.0,1138.0,,,,12.0,4.0,4.0,51.08,1.81,1.67,1.49,66.67,,,,,,,,,,,,,,,,,,,,,,,,,,,,,,,,,,,,0.84,0.84,0.8,0.7,0.58,,,,,,,,,,,,,,,,,,,,,,,,,,,,,,,,,,,,,,,,,,,,,,,,,,,,,,,,,,,14.96,12.02,5.71,9.36,5.4,,,,,,,,,21.53,0.26,1.76,5.0,48.7,2.38,4.33,,,,,,,,,,47.29
2020-05-04,295,90.0,1.0,201.0,,23,16.0,7.0,,,,9.0,0.0,,,90.0,1228.0,,,,12.0,4.0,2.0,51.62,1.82,1.67,1.48,25.56,,,,,,128.0,0.0,0.0,3.0,122.0,31.0,3.0,,78.0,0.0,0.0,3.0,63.0,0.0,1.0,,,,,,,,,,,,,,,,0.85,0.79,0.92,0.74,0.66,,,,,,,,,,,,,,,,,,,,,,,,,,,,,,,,,,,,,,,,,,,,,,,,,,,,,,,,,,,18.55,16.8,6.72,10.58,5.73,98.5,0.0,0.0,100.0,54.6,520.3,17.2,75.0,23.21,0.26,1.85,0.38,48.05,3.57,4.89,,,,,,,,,,52.51
2020-05-05,322,93.0,1.0,217.0,,27,14.0,13.0,,,,3.0,0.0,,,123.0,1351.0,,,,14.0,5.0,3.0,53.29,1.88,1.65,1.45,21.95,,,,,,,,,,,,,,,,,,,,,,,,,,,,,,,,,,,,0.85,0.79,0.92,0.74,0.66,,,,,,,,,,,,,,,,,,,,,,,,,,,,,,,,,,,,,,,,,,,,,,,,,,,,,,,,,,,23.6,17.32,7.74,11.74,6.02,,,,,,,,,25.09,0.26,2.35,1.17,51.02,2.27,5.71,,,,,,,,,,56.69
2020-05-06,339,104.0,1.0,224.0,,17,13.0,4.0,,,,11.0,0.0,,,53.0,1404.0,,,,14.0,5.0,6.0,58.02,1.83,1.68,1.47,32.08,,,,,,,,,,,,,,,,,,,,,,,,,,,,,,,,,,,,0.85,0.79,0.92,0.74,0.66,,,,,,,,,,,,,,,,,,,,,,,,,,,,,,,,,,,,,,,,,,,,,,,,,,,,,,,,,,,20.2,19.63,8.53,13.49,6.46,,,,,,,,,27.87,0.26,2.26,0.63,54.45,3.57,5.82,,,,,,,,,,58.52
2020-05-07,417,114.0,1.0,288.0,,78,38.0,40.0,,,,10.0,0.0,,,221.0,1625.0,,,,14.0,5.0,7.0,62.76,1.65,1.56,1.42,35.29,,,,,,,,,,,,,,,,,,,,,,,,,,,,,,,,,,,,0.85,0.79,0.92,0.74,0.66,,,,,,,,,,,,,,,,,,,,,,,,,,,,,,,,,,,,,,,,,,,,,,,,,,,,,,,,,,,13.32,12.91,7.13,14.17,6.75,,,,,,,,,31.19,0.26,3.13,4.59,60.2,2.55,8.17,,,,,,,,,,75.24
2020-05-08,459,128.0,1.0,324.0,,42,5.0,37.0,,,,14.0,0.0,,,169.0,1794.0,,,,14.0,4.0,5.0,66.84,1.52,1.48,1.37,24.85,,,,,,161.0,0.0,0.0,6.0,253.0,35.0,4.0,,93.0,0.0,0.0,6.0,169.0,3.0,2.0,,,,,,,,,,,,,,,,0.85,0.79,0.92,0.74,0.66,,,,,,,,,,,,,,,,,,,,,,,,,,,,,,,,,,,,,,,,,,,,,,,,,,,,,,,,,,,14.26,15.17,7.28,14.95,6.92,123.8,0.0,0.0,200.0,113.2,587.4,23.0,119.9,31.17,0.26,3.92,0.54,62.24,4.59,9.67,,,,,,,,,,84.65
2020-05-09,485,134.0,1.0,342.0,,26,25.0,1.0,,,,6.0,0.0,,,184.0,1978.0,,,,14.0,6.0,6.0,71.94,1.4,1.4,1.38,14.13,,,,,,,,,,,,,,,,,,,,,,,,,,,,,,,,,,,,0.87,0.86,0.78,0.55,0.55,,,,,,,,,,,,,,,,,,,,,,,,,,,,,,,,,,,,,,,,,,,,,,,,,,,,,,,,,,,13.79,14.41,8.77,15.47,7.41,,,,,,,,,31.5,0.26,3.96,0.62,69.73,2.21,10.19,,,,,,,,,,89.35
2020-05-10,520,142.0,1.0,364.0,,35,28.0,7.0,,,,8.0,0.0,,,185.0,2163.0,,,,14.0,6.0,3.0,72.62,1.32,1.36,1.33,18.92,,,,,,,,,,,,,,,,,,,,,,,,,,,,,,,,,,,,0.87,0.86,0.78,0.55,0.55,,,,,,,,,,,,,,,,,,,,,,,,,,,,,,,,,,,,,,,,,,,,,,,,,,,,,,,,,,,17.46,17.8,7.01,16.29,7.6,,,,,,,,,24.68,0.26,2.14,1.35,69.39,3.23,9.26,,,,,,,,,,95.1
2020-05-11,547,155.0,1.0,383.0,,27,18.0,9.0,,,,13.0,0.0,,,275.0,2438.0,,,,14.0,7.0,2.0,75.51,1.35,1.4,1.54,9.82,,,,,,188.0,0.0,0.0,9.0,308.0,37.0,5.0,,94.0,0.0,0.0,7.0,206.0,4.0,3.0,,,,,,,,,,,,,,,,0.8,0.78,0.84,0.73,0.63,,,,,,,,,,,,,,,,,,,,,,,,,,,,,,,,,,,,,,,,,,,,,,,,,,,,,,,,,,,29.06,28.21,17.98,17.92,9.21,144.6,0.0,0.0,300.0,137.8,621.0,28.7,142.9,22.43,0.26,1.92,0.77,71.43,4.08,9.41,,,,,,,,,,100.06
2020-05-12,578,163.0,1.0,409.0,,31,23.0,8.0,,,,8.0,0.0,,,0.0,2438.0,,,,14.0,9.0,4.0,79.59,1.3,1.42,1.49,inf,,,,,,,,,,,,,,,,,,,,,,,,,,,,,,,,,,,,0.8,0.78,0.84,0.73,0.63,,,,,,,,,,,,,,,,,,,,,,,,,,,,,,,,,,,,,,,,,,,,,,,,,,,,,,,,,,,27.21,28.62,11.17,19.54,9.7,,,,,,,,,,0.26,1.67,1.15,76.53,3.06,9.55,,,,,,,,,,106.85
2020-05-13,615,168.0,1.0,432.0,,37,31.0,6.0,,,,5.0,0.0,,,0.0,2438.0,,,,21.0,8.0,11.0,81.97,1.31,1.4,1.45,inf,,,,,,,,,,,,,,,,,,,,,,,,,,,,,,,,,,,,0.8,0.78,0.84,0.73,0.63,,,,,,,,,,,,,,,,,,,,,,,,,,,,,,,,,,,,,,,,,,,,,,,,,,,,,,,,,,,29.35,28.94,13.05,20.86,10.34,,,,,,,,,,0.26,1.77,1.19,78.23,3.74,10.3,,,,,,,,,,112.86
2020-05-14,682,182.0,1.0,484.0,,67,51.0,16.0,,,,14.0,0.0,,,274.0,2712.0,,,,22.0,9.0,8.0,84.38,1.33,1.42,1.47,24.45,,,,,,,,,,,,,,,,,,,,,,,,,,,,,,,,,,,,0.8,0.78,0.84,0.73,0.63,,,,,,,,,,,,,,,,,,,,,,,,,,,,,,,,,,,,,,,,,,,,,,,,,,,,,,,,,,,24.82,26.41,13.31,22.79,11.22,,,,,,,,,,0.26,1.21,1.81,77.03,7.36,9.89,,,,,,,,,,126.45
2020-05-15,779,197.0,2.0,578.0,,97,75.0,22.0,,,,15.0,1.0,,,346.0,3058.0,,,,22.0,13.0,8.0,86.8,1.4,1.45,1.47,28.03,,,,,,276.0,0.0,0.0,13.0,440.0,37.0,7.0,,118.0,0.0,0.0,7.0,293.0,4.0,3.0,,,,,,,,,,,,,,,,0.8,0.78,0.84,0.73,0.63,,,,,,,,,,,,,,,,,,,,,,,,,,,,,,,,,,,,,,,,,,,,,,,,,,,,,,,,,,,32.51,31.54,13.53,25.13,12.12,212.3,0.0,0.0,433.3,196.9,621.0,40.2,201.9,,0.52,1.24,1.45,81.48,5.32,11.94,,,,,,,,,,151.0
2020-05-16,845,199.0,2.0,632.0,,66,51.0,15.0,,,,2.0,0.0,,,268.0,3326.0,,,,23.0,13.0,9.0,87.6,1.39,1.42,1.48,24.63,,,,,,,,,,,,,,,,,,,,,,,,,,,,,,,,,,,,0.59,0.68,0.53,0.26,0.32,,,,,,,,,,,,,,,,,,,,,,,,,,,,,,,,,,,,,,,,,,,,,,,,,,,,,,,,,,,26.22,26.31,16.48,26.83,13.22,,,,,,,,,,0.52,1.32,0.68,82.9,4.7,13.44,,,,,,,,,,165.11
2020-05-17,975,211.0,4.0,700.0,,130,108.0,22.0,,,,12.0,2.0,,,374.0,3700.0,,,,23.0,12.0,6.0,91.06,1.36,1.39,1.45,34.76,,,,,,,,,,,,,,,,,,,,,,,,,,,,,,,,,,,,0.59,0.68,0.53,0.26,0.32,,,,,,,,,,,,,,,,,,,,,,,,,,,,,,,,,,,,,,,,,,,,,,,,,,,,,,,,,,,27.5,28.54,12.59,28.37,14.01,,,,,,,,,,1.05,1.83,1.97,84.89,6.16,16.98,,,,,,,,,,182.88
2020-05-18,1056,271.0,4.0,758.0,,81,73.0,8.0,,,,60.0,0.0,,,284.0,3984.0,,,,29.0,16.0,4.0,90.67,1.33,1.34,1.56,28.52,,,,,,379.0,0.0,0.0,15.0,610.0,39.0,10.0,,183.0,0.0,0.0,5.0,371.0,4.0,4.0,,,,,,,,,,,,,,,,0.6,0.62,0.62,0.55,0.4,,,,,,,,,,,,,,,,,,,,,,,,,,,,,,,,,,,,,,,,,,,,,,,,,,,,,,,,,,,37.99,36.03,33.59,29.48,16.24,291.5,0.0,0.0,500.0,273.0,654.6,57.5,275.1,,1.05,2.02,0.62,85.56,5.11,19.0,,,,,,,,,,198.03
2020-05-19,1109,294.0,4.0,784.0,,53,40.0,13.0,,,,23.0,0.0,,,269.0,4253.0,,,,29.0,18.0,3.0,88.77,1.28,1.28,1.57,19.7,,,,,,,,,,,,,,,,,,,,,,,,,,,,,,,,,,,,0.6,0.62,0.62,0.55,0.4,,,,,,,,,,,,,,,,,,,,,,,,,,,,,,,,,,,,,,,,,,,,,,,,,,,,,,,,,,,32.21,32.69,22.89,30.06,17.92,,,,,,,,,,1.05,2.07,0.65,82.64,6.13,19.82,,,,,,,,,,204.82
2020-05-20,1139,321.0,4.0,797.0,,30,28.0,2.0,,,,27.0,0.0,,,121.0,4374.0,,,,29.0,18.0,5.0,87.97,1.27,1.26,1.65,24.79,,,,,,,,,,,,,,,,,,,,,,,,,,,,,,,,,,,,0.6,0.62,0.62,0.55,0.4,,,,,,,,,,,,,,,,,,,,,,,,,,,,,,,,,,,,,,,,,,,,,,,,,,,,,,,,,,,39.45,37.47,33.14,31.28,20.79,,,,,,,,,26.41,1.05,1.9,0.57,81.05,6.92,19.56,,,,,,,,,,208.22
2020-05-21,1246,338.0,4.0,826.0,,107,99.0,8.0,,,,17.0,0.0,,,361.0,4735.0,,,,29.0,21.0,10.0,88.13,1.24,1.22,1.65,29.64,,,,,,,,,,,,,,,,,,,,,,,,,,,,,,,,,,,,0.6,0.62,0.62,0.55,0.4,,,,,,,,,,,,,,,,,,,,,,,,,,,,,,,,,,,,,,,,,,,,,,,,,,,,,,,,,,,31.13,30.47,30.47,31.86,23.24,,,,,,,,,27.15,1.05,2.13,3.57,85.28,2.85,21.05,,,,,,,,,,215.79
2020-05-22,1393,416.0,5.0,930.0,,147,121.0,26.0,,,,78.0,1.0,,,342.0,5077.0,,,,29.0,18.0,6.0,85.82,1.17,1.16,1.63,42.98,,,,,,504.0,0.0,0.0,18.0,812.0,37.0,20.0,,246.0,0.0,0.0,7.0,419.0,1.0,13.0,,,,,,,,,,,,,,,,0.6,0.62,0.62,0.55,0.4,,,,,,,,,,,,,,,,,,,,,,,,,,,,,,,,,,,,,,,,,,,,,,,,,,,,,,,,,,,30.84,30.18,31.29,31.67,25.78,387.7,0.0,0.0,600.0,363.4,621.0,115.0,363.4,29.29,1.31,1.92,1.37,83.47,2.36,22.92,,,,,,,,,,242.96
2020-05-23,1471,458.0,5.0,982.0,,78,68.0,10.0,,,,42.0,0.0,,,347.0,5424.0,,,,29.0,17.0,4.0,83.12,1.19,1.17,1.56,22.48,,,,,,,,,,,,,,,,,,,,,,,,,,,,,,,,,,,,0.64,0.69,0.56,0.28,0.41,,,,,,,,,,,,,,,,,,,,,,,,,,,,,,,,,,,,,,,,,,,,,,,,,,,,,,,,,,,36.76,35.51,29.29,32.98,27.61,,,,,,,,,28.98,1.31,1.74,0.53,80.15,2.98,23.36,,,,,,,,,,256.55
2020-05-24,1564,484.0,7.0,1038.0,,93,85.0,8.0,,,,26.0,2.0,,,335.0,5759.0,,,,29.0,17.0,6.0,79.8,1.15,1.13,1.5,27.76,,,,,,,,,,,,,,,,,,,,,,,,,,,,,,,,,,,,0.64,0.69,0.56,0.28,0.41,,,,,,,,,,,,,,,,,,,,,,,,,,,,,,,,,,,,,,,,,,,,,,,,,,,,,,,,,,,28.16,28.52,25.01,32.98,29.38,,,,,,,,,27.98,1.83,1.29,1.19,80.3,0.49,21.98,,,,,,,,,,271.18
2020-05-25,1630,519.0,7.0,1077.0,,66,53.0,13.0,,,,35.0,0.0,,,365.0,6124.0,,,,29.0,15.0,2.0,77.83,1.12,1.12,1.37,18.08,,,,,,591.0,0.0,0.0,19.0,951.0,39.0,28.0,,253.0,0.0,0.0,6.0,469.0,2.0,19.0,,,,,,,,,,,,,,,,0.65,0.65,0.66,0.59,0.44,,,,,,,,,,,,,,,,,,,,,,,,,,,,,,,,,,,,,,,,,,,,,,,,,,,,,,,,,,,39.69,40.41,32.56,33.61,29.24,454.6,0.0,0.0,633.3,425.6,654.6,161.0,425.3,26.49,1.83,1.13,0.71,78.82,0.99,21.42,,,,,,,,,,281.37
2020-05-26,1737,546.0,8.0,1152.0,,107,97.0,10.0,,,,27.0,1.0,,,586.0,6710.0,,,,34.0,16.0,0.0,74.21,1.1,1.1,1.37,18.26,,,,,,,,,,,,,,,,,,,,,,,,,,,,,,,,,,,,0.65,0.65,0.66,0.59,0.44,,,,,,,,,,,,,,,,,,,,,,,,,,,,,,,,,,,,,,,,,,,,,,,,,,,,,,,,,,,32.7,33.26,38.64,33.69,31.49,,,,,,,,,26.29,2.09,1.18,1.62,75.2,0.99,23.44,,,,,,,,,,300.96
2020-05-27,1811,577.0,11.0,1186.0,,74,70.0,4.0,,,,31.0,3.0,,,314.0,7024.0,,,,34.0,16.0,4.0,72.75,1.06,1.05,1.4,23.57,,,,,,,,,,,,,,,,,,,,,,,,,,,,,,,,,,,,0.65,0.65,0.66,0.59,0.44,,,,,,,,,,,,,,,,,,,,,,,,,,,,,,,,,,,,,,,,,,,,,,,,,,,,,,,,,,,35.31,31.7,53.92,32.87,34.45,,,,,,,,,26.11,2.87,1.28,0.69,72.27,0.48,25.08,,,,,,,,,,309.84
2020-05-28,1957,614.0,12.0,1264.0,,146,119.0,27.0,,,,37.0,1.0,,,360.0,7384.0,,,,34.0,23.0,6.0,71.14,1.05,1.04,1.4,40.56,,,,,,,,,,,,,,,,,,,,,,,,,,,,,,,,,,,,0.65,0.65,0.66,0.59,0.44,,,,,,,,,,,,,,,,,,,,,,,,,,,,,,,,,,,,,,,,,,,,,,,,,,,,,,,,,,,31.2,29.59,48.7,32.74,37.06,,,,,,,,,27.67,3.14,1.26,1.97,69.18,1.96,26.54,,,,,,,,,,330.22
2020-05-29,2093,681.0,14.0,1302.0,,136,130.0,6.0,,,,67.0,2.0,,,470.0,7854.0,40.0,32.0,2.0,34.0,23.0,4.0,71.15,1.03,1.02,1.35,28.94,,,,,,744.0,2.0,1.0,30.0,1218.0,45.0,47.0,,252.0,2.0,1.0,11.0,514.0,7.0,30.0,,,,,,,,,,,,,,,,0.65,0.65,0.66,0.59,0.44,,,,,,,,,,,,,,,,,,,,,,,,,,,,,,,,,,,,,,,,,,,,,,,,,,,,,,,,,,,29.68,28.29,40.17,32.47,38.33,572.3,145.5,63.2,1000.0,545.1,755.3,270.2,545.2,25.66,3.66,1.14,0.93,68.7,2.45,26.13,,,,,,,,,,340.15
2020-05-30,2250,777.0,18.0,1389.0,,157,124.0,33.0,,,,96.0,4.0,,,565.0,8419.0,40.0,32.0,2.0,34.0,23.0,5.0,73.41,0.99,0.98,1.31,27.79,,,,,,,,,,,,,,,,,,,,,,,,,,,,,,,,,,,,0.66,0.68,0.55,0.29,0.33,,,,,,,,,,,,,,,,,,,,,,,,,,,,,,,,,,,,,,,,,,,,,,,,,,,,,,,,,,,28.53,27.32,39.68,31.3,39.81,,,,,,,,,26.42,4.7,1.24,1.15,70.12,3.29,29.07,,,,,,,,,,362.88
2020-05-31,2361,843.0,21.0,1369.0,,111,86.0,25.0,,,,66.0,3.0,,,472.0,8891.0,119.0,45.0,4.0,34.0,25.0,4.0,75.67,0.97,0.96,1.28,23.52,,,,,,,,,,,,,,,,,,,,,,,,,,,,,,,,,,,,0.66,0.68,0.55,0.29,0.33,,,,,,,,,,,,,,,,,,,,,,,,,,,,,,,,,,,,,,,,,,,,,,,,,,,,,,,,,,,24.51,22.53,34.68,30.44,41.19,,,,,,,,,25.81,5.49,1.35,0.71,70.98,4.69,29.75,,,,,,,,,,357.65
2020-06-01,2526,971.0,22.0,1452.0,,165,152.0,13.0,,,,128.0,1.0,,,445.0,9336.0,,,,34.0,26.0,0.0,78.99,1.0,0.96,1.37,37.08,,,,,,919.0,4.0,1.0,31.0,1447.0,51.0,69.0,,297.0,3.0,1.0,9.0,532.0,12.0,46.0,,,,,,,,,,,,,,,,0.64,0.65,0.65,0.65,0.45,,,,,,,,,,,,,,,,,,,,,,,,,,,,,,,,,,,,,,,,,,,,,,,,,,,,,,,,,,,44.26,39.71,68.4,30.34,46.31,706.9,290.9,63.2,1033.3,647.5,856.0,396.7,658.9,28.53,5.75,1.56,1.49,73.53,5.46,33.44,,,,,,,,,,379.34
2020-06-02,2594,1052.0,23.0,1466.0,,68,60.0,8.0,,,,81.0,1.0,,,346.0,9682.0,119.0,76.0,4.0,34.0,29.0,0.0,85.71,1.0,0.95,1.37,19.65,,,,,,,,,,,,,,,,,,,,,,,,,,,,,,,,,,,,0.64,0.65,0.65,0.65,0.45,,,,,,,,,,,,,,,,,,,,,,,,,,,,,,,,,,,,,,,,,,,,,,,,,,,,,,,,,,,32.62,28.08,62.09,29.6,49.66,,,,,,,,,28.73,6.01,1.36,0.41,78.99,6.72,31.98,,,,,,,,,,382.99
2020-06-03,2682,1105.0,28.0,1519.0,,88,76.0,12.0,,,,53.0,5.0,,,207.0,9889.0,119.0,85.0,4.0,34.0,32.0,0.0,87.82,0.98,0.94,1.27,42.51,,,,,,,,,,,,,,,,,,,,,,,,,,,,,,,,,,,,0.64,0.65,0.65,0.65,0.45,,,,,,,,,,,,,,,,,,,,,,,,,,,,,,,,,,,,,,,,,,,,,,,,,,,,,,,,,,,29.57,27.97,50.8,29.07,49.22,,,,,,,,,31.43,7.32,1.3,1.29,84.03,3.78,32.51,,,,,,,,,,396.84
2020-06-04,2810,1135.0,28.0,1540.0,,128,108.0,20.0,,,,30.0,0.0,,,248.0,10137.0,219.0,97.0,8.0,40.0,32.0,5.0,89.56,0.98,0.94,1.25,51.61,,,,,,,,,,,,,,,,,,,,,,,,,,,,,,,,,,,,0.64,0.65,0.65,0.65,0.45,,,,,,,,,,,,,,,,,,,,,,,,,,,,,,,,,,,,,,,,,,,,,,,,,,,,,,,,,,,31.08,26.55,60.69,28.64,50.93,,,,,,,,,33.01,7.32,1.2,1.45,85.06,4.5,31.84,,,,,,,,,,402.33
2020-06-05,2965,1242.0,28.0,1549.0,,155,139.0,16.0,,,,107.0,0.0,,,458.0,10595.0,248.0,111.0,8.0,40.0,34.0,0.0,92.14,0.99,0.94,1.3,33.84,,,,,,1062.0,8.0,4.0,33.0,1700.0,57.0,91.0,,265.0,7.0,3.0,6.0,509.0,15.0,44.0,,,,,,,,,,,,,,,,0.64,0.65,0.65,0.65,0.45,,,,,,,,,,,,,,,,,,,,,,,,,,,,,,,,,,,,,,,,,,,,,,,,,,,,,,,,,,,31.92,25.8,72.67,28.28,55.57,816.9,581.8,252.7,1100.0,760.8,956.7,523.1,772.0,33.71,7.32,1.25,1.21,85.86,6.28,32.54,,,,,,,,,,404.68
2020-06-06,3094,1388.0,30.0,1598.0,,129,104.0,25.0,,,,146.0,2.0,,,446.0,11041.0,235.0,118.0,10.0,44.0,39.0,0.0,92.85,1.01,0.94,1.32,28.92,,,,,,,,,,,,,,,,,,,,,,,,,,,,,,,,,,,,0.68,0.71,0.6,0.3,0.37,,,,,,,,,,,,,,,,,,,,,,,,,,,,,,,,,,,,,,,,,,,,,,,,,,,,,,,,,,,30.5,25.74,66.72,28.05,59.44,,,,,,,,,33.88,7.84,1.08,0.83,86.76,6.09,31.5,,,,,,,,,,417.48
2020-06-07,3250,1466.0,35.0,1658.0,,156,119.0,37.0,,,,78.0,5.0,,,450.0,11491.0,235.0,131.0,10.0,44.0,41.0,0.0,94.53,1.0,0.95,1.25,34.67,,,,,,,,,,,,,,,,,,,,,,,,,,,,,,,,,,,,0.68,0.71,0.6,0.3,0.37,,,,,,,,,,,,,,,,,,,,,,,,,,,,,,,,,,,,,,,,,,,,,,,,,,,,,,,,,,,24.24,21.92,38.19,27.97,59.94,,,,,,,,,35.47,9.14,1.12,1.21,87.89,6.64,33.18,,,,,,,,,,433.15
2020-06-08,3392,1557.0,35.0,1734.0,,142,133.0,9.0,,,,91.0,0.0,,,449.0,11940.0,235.0,162.0,10.0,47.0,44.0,0.0,96.02,0.99,0.93,1.26,31.63,,,,,,1238.0,10.0,5.0,37.0,1904.0,59.0,121.0,,301.0,7.0,3.0,8.0,521.0,14.0,56.0,,,,,,,,,,,,,,,,0.64,0.65,0.63,0.59,0.43,,,,,,,,,,,,,,,,,,,,,,,,,,,,,,,,,,,,,,,,,,,,,,,,,,,,,,,,,,,40.07,33.72,91.98,27.11,63.31,952.3,727.3,315.9,1233.3,852.0,990.3,695.6,881.5,34.69,9.14,0.97,0.91,90.34,5.69,32.32,,,,,,,,,,453.01
2020-06-09,3491,1623.0,35.0,1727.0,,99,89.0,10.0,,,,66.0,0.0,,,312.0,12252.0,235.0,164.0,10.0,47.0,45.0,3.0,96.26,1.02,0.96,1.35,31.73,,,,,,,,,,,,,,,,,,,,,,,,,,,,,,,,,,,,0.64,0.65,0.63,0.59,0.43,,,,,,,,,,,,,,,,,,,,,,,,,,,,,,,,,,,,,,,,,,,,,,,,,,,,,,,,,,,38.69,30.63,116.95,27.48,71.14,,,,,,,,,36.42,9.14,1.05,0.7,92.74,3.52,33.48,,,,,,,,,,451.18
2020-06-10,3591,1729.0,46.0,1745.0,,100,79.0,21.0,,,,106.0,11.0,,,329.0,12581.0,313.0,250.0,8.0,47.0,42.0,0.0,97.1,1.01,0.96,1.26,30.4,,,,,,,,,,,,,,,,,,,,,,,,,,,,,,,,,,,,0.64,0.65,0.63,0.59,0.43,,,,,,,,,,,,,,,,,,,,,,,,,,,,,,,,,,,,,,,,,,,,,,,,,,,,,,,,,,,28.42,26.23,47.61,27.23,70.69,,,,,,,,,34.69,12.02,1.04,1.01,92.06,5.04,33.93,,,,,,,,,,455.88
2020-06-11,3696,1800.0,46.0,1705.0,,105,92.0,13.0,,,,71.0,0.0,,,344.0,12925.0,467.0,310.0,10.0,49.0,47.0,2.0,96.87,1.0,0.95,1.19,30.52,,,,,,,,,,,,,,,,,,,,,,,,,,,,,,,,,,,,0.64,0.65,0.63,0.59,0.43,,,,,,,,,,,,,,,,,,,,,,,,,,,,,,,,,,,,,,,,,,,,,,,,,,,,,,,,,,,28.57,24.04,55.8,26.87,69.99,,,,,,,,,31.67,12.02,1.04,1.05,93.13,3.74,33.07,,,,,,,,,,445.43
2020-06-12,3823,1945.0,48.0,1696.0,,127,91.0,36.0,,,,145.0,2.0,,,495.0,13420.0,467.0,310.0,10.0,47.0,45.0,0.0,96.62,0.97,0.96,1.06,25.66,,,,,,1345.0,10.0,10.0,40.0,2142.0,60.0,192.0,,235.0,4.0,8.0,5.0,474.0,8.0,97.0,,,,,,,,,,,,,,,,0.64,0.65,0.63,0.59,0.43,,,,,,,,,,,,,,,,,,,,,,,,,,,,,,,,,,,,11.0,1.0,1.0,2.0,32.0,0.0,1.0,,48.0,,,,,,,,,,,,,,,26.57,24.43,38.19,26.67,65.06,1034.6,727.3,631.7,1333.3,958.5,1007.0,1103.8,992.5,30.5,12.54,0.98,1.21,94.67,1.95,32.02,,,,,,,,,,443.08
2020-06-13,4004,2079.0,52.0,1720.0,,181,152.0,29.0,,,,134.0,4.0,,,395.0,13815.0,489.0,326.0,10.0,49.0,45.0,2.0,97.01,0.95,0.94,1.0,45.82,,,,,,,,,,,,,,,,,,,,,,,,,,,,,,,,,,,,0.66,0.69,0.57,0.28,0.36,,,,,,,,,,,,,,,,,,,,,,,,,,,,,,,,,,,,11.0,1.0,1.0,2.0,32.0,0.0,1.0,,48.0,,,,,,,,,,,,,,,23.81,21.33,45.96,26.04,62.1,,,,,,,,,32.92,13.59,1.08,1.43,95.71,1.3,33.96,,,,,,,,,,449.35
2020-06-14,4145,2232.0,58.0,1747.0,,141,119.0,22.0,,,,153.0,6.0,,,482.0,14297.0,491.0,358.0,10.0,53.0,45.0,9.0,94.85,0.94,0.94,0.99,29.25,,,,,,,,,,,,,,,,,,,,,,,,,,,,,,,,,,,,0.66,0.69,0.57,0.28,0.36,,,,,,,,,,,,,,,,,,,,,,,,,,,,,,,,,,,,11.0,1.0,1.0,2.0,32.0,0.0,1.0,,48.0,,,,,,,,,,,,,,,20.66,19.42,34.59,25.68,61.58,,,,,,,,,32.14,15.15,1.01,0.78,96.95,2.1,33.4,,,,,,,,,,456.41
2020-06-15,4258,2340.0,58.0,1696.0,,113,90.0,23.0,,,,108.0,0.0,,,360.0,14657.0,491.0,381.0,10.0,50.0,36.0,6.0,92.89,0.91,0.93,0.92,31.39,,,,,,1468.0,12.0,16.0,41.0,2379.0,67.0,240.0,,247.0,3.0,12.0,5.0,547.0,14.0,115.0,,,,,,,,,,,,,,,,0.68,0.67,0.63,0.58,0.41,,,,,,,,,,,,,,,,,,,,,,,,,,,,,,,,,,,,15.0,2.0,1.0,2.0,36.0,0.0,2.0,,58.0,,,,,,,,,,,,,,,31.87,30.21,59.62,25.18,56.96,1129.2,872.7,1010.7,1366.7,1064.6,1124.5,1379.7,1103.3,32.11,15.15,1.0,0.8,95.58,2.69,32.32,,,,,,,,,,443.08
2020-06-16,4365,2504.0,58.0,1736.0,,107,96.0,11.0,,,,164.0,0.0,,,328.0,14985.0,491.0,401.0,10.0,50.0,35.0,4.0,91.21,0.87,0.91,0.78,32.62,,,,,,,,,,,,,,,,,,,,,,,,,,,,,,,,,,,,0.68,0.67,0.63,0.58,0.41,,,,,,,,,,,,,,,,,,,,,,,,,,,,,,,,,,,,15.0,2.0,1.0,2.0,36.0,0.0,2.0,,58.0,,,,,,,,,,,,,,,26.58,24.11,49.25,24.25,47.29,,,,,,,,,32.24,15.15,0.97,0.95,92.13,0.92,32.62,,,,,,,,,,453.53
2020-06-17,4787,2571.0,67.0,2066.0,,114,105.0,9.0,,,,67.0,9.0,,,348.0,15333.0,668.0,401.0,10.0,50.0,38.0,0.0,88.36,0.89,0.9,0.84,32.76,,,,,,,,,,,,,,,,,,,,,,,,,,,,,,,,,,,,0.68,0.67,0.63,0.58,0.41,,,,,,,,,,,,,,,,,,,,,,,,,,,,,,,,,,,,15.0,2.0,1.0,2.0,36.0,0.0,2.0,,58.0,,,,,,,,,,,,,,,26.91,21.28,58.53,23.55,48.85,,,,,,,,,32.58,17.5,0.98,1.07,90.22,1.87,33.14,,,,,,,,,,539.75
2020-06-18,4869,2654.0,68.0,2019.0,,82,69.0,13.0,0.0,,,83.0,1.0,,,289.0,15622.0,651.0,388.0,10.0,50.0,40.0,0.0,86.65,0.9,0.91,0.85,28.37,,,,,,,,,,,,,,,,,,,,,,,,,,,,,,,,,,,,0.68,0.67,0.63,0.58,0.41,,,,,,,,,,,,,,,,,,,,,,,,,,,,,,,,,,,,15.0,2.0,1.0,2.0,36.0,0.0,2.0,,58.0,,,,,,,,,,,,,,,26.37,22.91,46.21,23.38,47.48,,,,,,,,,32.27,17.77,0.98,0.72,87.36,0.71,32.28,,,,,,,,,,527.47
2020-06-19,4995,2782.0,71.0,1987.0,,126,108.0,14.0,4.0,,,128.0,3.0,,,384.0,16006.0,651.0,376.0,10.0,49.0,42.0,4.0,85.22,0.91,0.91,0.88,32.81,,,,,,1672.0,16.0,26.0,55.0,2698.0,77.0,298.0,258.0,243.0,1.0,14.0,10.0,575.0,15.0,130.0,44.0,,,,,,,,,,,,,,,0.68,0.67,0.63,0.58,0.41,,,,,,,,,,,,,,,,,,,,,,,,,,,,,,,,,,,,18.0,2.0,2.0,2.0,45.0,0.0,2.0,0.0,71.0,,,,,,,,,,,,,,,23.84,21.73,39.98,23.0,47.73,1286.2,1163.6,1642.5,1833.3,1207.4,1292.4,1713.1,1332.4,33.29,18.55,1.01,1.54,87.1,1.88,32.25,,,,,,,,,,519.11
2020-06-20,5143,2937.0,79.0,2000.0,,148,124.0,19.0,5.0,,,155.0,8.0,,,484.0,16490.0,642.0,373.0,11.0,49.0,38.0,5.0,83.47,0.91,0.92,0.87,30.58,,,,,,,,,,,,,,,,,,,,,,,,,,,,,,,,,,,,0.72,0.72,0.56,0.38,0.37,,,,,,,,,,,,,,,,,,,,,,,,,,,,,,,,,,,,18.0,2.0,2.0,2.0,45.0,0.0,2.0,0.0,71.0,,,,,,,,,,,,,,,21.76,19.6,33.66,22.75,45.98,,,,,,,,,31.11,20.64,0.91,1.17,85.93,2.46,31.01,,,,,,,,,,522.5
2020-06-21,5258,3064.0,80.0,982.0,87.0,115,92.0,20.0,3.0,,,127.0,1.0,,,371.0,16861.0,642.0,374.0,11.0,49.0,36.0,2.0,82.13,0.91,0.92,0.9,31.0,,,,,,,,,,,,,,,,,,,,,,,,,,,,,,,,,,,,0.72,0.72,0.56,0.38,0.37,,,,,,,,,,,,,,,,,,,,,,,,,,,,,,,,,,,,18.0,2.0,2.0,2.0,45.0,0.0,2.0,0.0,71.0,,,,,,,,,,,,,,,17.33,15.73,36.59,22.22,46.26,,,,,,,,,31.36,20.9,0.9,0.78,82.45,0.33,30.04,,,,,,,,,,256.55
2020-06-22,5355,3215.0,80.0,992.0,83.0,97,76.0,16.0,5.0,,,151.0,0.0,,,370.0,17231.0,642.0,374.0,11.0,49.0,35.0,2.0,80.91,0.92,0.91,0.91,26.22,,,,,,,,,,,,,,,,,,,,,,,,,,,,,,,,,,,,0.67,0.65,0.65,0.66,0.47,,,,,,,,,,,,,,,,,,,,,,,,,,,,,,,,,,,,18.0,2.0,2.0,2.0,45.0,0.0,2.0,0.0,71.0,,,,,,,,,,,,,,,29.55,25.85,53.87,21.6,45.44,,,,,,,,,30.62,20.9,0.91,0.84,81.24,0.33,29.45,,,,,,,,,,259.16
2020-06-23,5442,3357.0,80.0,927.0,74.0,87,65.0,18.0,4.0,,,142.0,0.0,,,334.0,17565.0,642.0,433.0,11.0,49.0,34.0,1.0,79.7,0.92,0.91,0.9,26.05,,,,,,1815.0,16.0,43.0,63.0,2952.0,83.0,342.0,271.0,239.0,1.0,27.0,12.0,548.0,18.0,106.0,40.0,,,,,,,,,,,,,,,0.67,0.65,0.65,0.66,0.47,,,,,,,,,,,,,,,,,,,,,,,,,,,,,,,,,,,,22.0,2.0,2.0,2.0,50.0,0.0,2.0,0.0,80.0,,,,,,,,,,,,,,,24.62,22.55,41.08,21.38,44.27,1396.2,1163.6,2716.4,2100.0,1321.0,1393.1,1966.1,1459.1,29.68,20.9,0.88,0.9,80.3,0.61,28.7,,,,,,,,,,242.18
2020-06-24,5504,3545.0,84.0,862.0,71.0,62,51.0,11.0,0.0,,,188.0,4.0,,,318.0,17883.0,642.0,436.0,11.0,49.0,36.0,2.0,79.64,0.92,0.93,0.9,19.5,,,,,,,,,,,,,,,,,,,,,,,,,,,,,,,,,,,,0.67,0.65,0.65,0.66,0.47,,,,,,,,,,,,,,,,,,,,,,,,,,,,,,,,,,,,22.0,2.0,2.0,2.0,50.0,0.0,2.0,0.0,80.0,,,,,,,,,,,,,,,24.28,21.9,49.45,21.47,42.98,,,,,,,,,27.79,21.95,0.81,0.71,80.52,0.89,26.76,,,,,,,,,,225.2
2020-06-25,5577,3650.0,85.0,822.0,80.0,73,58.0,11.0,4.0,,,105.0,1.0,,,384.0,18267.0,619.0,409.0,11.0,43.0,37.0,7.0,80.6,0.9,0.92,0.87,19.01,,,,,,,,,,,,,,,,,,,,,,,,,,,,,,,,,,,,0.67,0.65,0.65,0.66,0.47,,,,,,,,,,,,,,,,,,,,,,,,,,,,,,,,,,,,22.0,2.0,2.0,2.0,50.0,0.0,2.0,0.0,80.0,,,,,,,,,,,,,,,19.06,17.86,31.15,20.75,40.83,,,,,,,,,26.45,22.21,0.82,1.18,83.71,3.12,26.42,,,,,,,,,,214.75
2020-06-26,5712,3775.0,85.0,839.0,70.0,135,111.0,19.0,5.0,,,125.0,0.0,,,505.0,18772.0,619.0,410.0,10.0,43.0,32.0,7.0,80.97,0.91,0.92,0.93,26.73,,,,,,,,,,,,,,,,,,,,,,,,,,,,,,,,,,,,0.67,0.65,0.65,0.66,0.47,,,,,,,,,,,,,,,,,,,,,,,,,,,,,,,,,,,,22.0,2.0,2.0,2.0,50.0,0.0,2.0,0.0,80.0,,,,,,,,,,,,,,,22.99,20.2,51.52,20.53,42.47,,,,,,,,,25.58,22.21,0.83,1.85,83.26,2.28,26.76,,,,,,,,,,219.19
2020-06-27,5771,3952.0,88.0,793.0,63.0,59,43.0,15.0,1.0,,,177.0,3.0,,,349.0,19121.0,631.0,406.0,10.0,43.0,31.0,4.0,80.98,0.91,0.93,0.93,16.91,,,,,,,,,,,,,,,,,,,,,,,,,,,,,,,,,,,,0.73,0.74,0.61,0.56,0.36,,,,,,,,,,,,,,,,,,,,,,,,,,,,,,,,,,,,22.0,2.0,2.0,2.0,50.0,0.0,2.0,0.0,80.0,,,,,,,,,,,,,,,18.99,18.2,26.8,20.33,41.49,,,,,,,,,23.63,22.99,0.76,0.44,82.35,1.37,23.44,,,,,,,,,,207.17
2020-06-28,5893,4087.0,91.0,821.0,73.0,122,101.0,16.0,5.0,,,135.0,3.0,,,607.0,19728.0,631.0,449.0,10.0,42.0,32.0,7.0,83.46,0.93,0.93,0.96,20.1,,,,,,1949.0,25.0,54.0,65.0,3210.0,90.0,377.0,260.0,218.0,8.0,24.0,9.0,495.0,17.0,64.0,36.0,,,,,,,,,,,,,,,0.73,0.74,0.61,0.56,0.36,,,,,,,,,,,,,,,,,,,,,,,,,,,,,,,,,,,,25.0,2.0,2.0,3.0,64.0,0.0,3.0,0.0,99.0,,,,,,,,,,,,,,,17.54,14.53,43.14,20.16,42.43,1499.2,1818.2,3411.2,2166.7,1436.5,1510.6,2167.3,1575.3,22.07,23.77,0.79,2.07,84.54,1.08,23.7,,,,,,,,,,214.49
2020-06-29,5974,5068.0,91.0,819.0,66.0,81,61.0,15.0,5.0,,,135.0,0.0,,,380.0,20108.0,631.0,475.0,10.0,42.0,32.0,7.0,85.89,0.91,0.91,0.98,21.32,,,,,,,,,,,,,,,,,,,,,,,,,,,,,,,,,,,,0.7,0.7,0.72,0.6,0.54,,,,,,,,,,,,,,,,,,,,,,,,,,,,,,,,,,,,25.0,2.0,2.0,3.0,64.0,0.0,3.0,0.0,99.0,,,,,,,,,,,,,,,23.53,19.93,56.19,19.31,42.76,,,,,,,,,21.37,23.77,0.78,0.66,87.02,1.13,23.1,,,,,,,,,,213.96
2020-06-30,6049,5193.0,91.0,771.0,70.0,75,53.0,18.0,4.0,,,125.0,0.0,,,352.0,20460.0,631.0,469.0,10.0,42.0,31.0,9.0,88.37,0.95,0.93,1.11,21.31,,,,,,,,,,,,,,,,,,,,,,,,,,,,,,,,,,,,0.7,0.7,0.72,0.6,0.54,,,,,,,,,,,,,,,,,,,,,,,,,,,,,,,,,,,,25.0,2.0,2.0,3.0,64.0,0.0,3.0,0.0,99.0,,,,,,,,,,,,,,,28.42,22.86,77.75,19.35,48.0,,,,,,,,,20.7,23.77,0.79,0.93,90.42,2.05,22.65,,,,,,,,,,201.42
2020-07-01,6116,5285.0,91.0,746.0,67.0,67,51.0,14.0,2.0,,,92.0,0.0,,,522.0,20982.0,635.0,442.0,10.0,42.0,30.0,9.0,89.92,0.98,0.94,1.21,12.84,,,,,,1982.0,29.0,58.0,68.0,3319.0,91.0,396.0,295.0,219.0,10.0,20.0,9.0,417.0,14.0,65.0,39.0,,,,,,,,,,,,,,,0.7,0.7,0.72,0.6,0.54,,,,,,,,,,,,,,,,,,,,,,,,,,,,,,,,,,,,25.0,2.0,2.0,3.0,65.0,0.0,5.0,0.0,102.0,,,,,,,,,,,,,,,27.74,21.72,87.56,19.33,53.44,1524.6,2109.1,3663.9,2266.7,1485.3,1527.4,2276.5,1629.7,19.74,23.77,0.85,0.89,92.6,2.68,22.84,,,,,,,,,,194.89
2020-07-02,6215,5380.0,95.0,743.0,66.0,99,72.0,17.0,10.0,,,95.0,4.0,,,320.0,21302.0,674.0,449.0,11.0,42.0,29.0,7.0,89.21,1.0,0.95,1.24,30.94,,,,,,,,,,,,,,,,,,,,,,,,,,,,,,,,,,,,0.7,0.7,0.72,0.6,0.54,,,,,,,,,,,,,,,,,,,,,,,,,,,,,,,,,,,,25.0,2.0,2.0,3.0,65.0,0.0,5.0,0.0,102.0,,,,,,,,,,,,,,,21.04,17.3,53.24,19.25,56.6,,,,,,,,,21.45,24.82,0.9,1.48,90.23,1.02,23.81,,,,,,,,,,194.11
2020-07-03,6298,5479.0,96.0,731.0,64.0,83,53.0,21.0,9.0,,,99.0,1.0,,,375.0,21677.0,674.0,436.0,11.0,42.0,29.0,9.0,88.15,1.0,0.94,1.29,22.13,,,,,,,,,,,,,,,,,,,,,,,,,,,,,,,,,,,,0.7,0.7,0.72,0.6,0.54,,,,,,,,,,,,,,,,,,,,,,,,,,,,,,,,,,,,25.0,2.0,2.0,3.0,65.0,0.0,5.0,0.0,102.0,,,,,,,,,,,,,,,23.28,17.12,85.53,18.8,61.46,,,,,,,,,20.79,25.08,0.82,0.84,90.2,2.05,21.87,,,,,,,,,,190.97
2020-07-04,6372,5565.0,98.0,718.0,75.0,74,55.0,11.0,8.0,,,86.0,2.0,,,590.0,22267.0,666.0,415.0,11.0,42.0,25.0,7.0,86.73,0.99,0.92,1.34,12.54,,,,,,,,,,,,,,,,,,,,,,,,,,,,,,,,,,,,0.71,0.75,0.61,0.53,0.45,,,,,,,,,,,,,,,,,,,,,,,,,,,,,,,,,,,,25.0,2.0,2.0,3.0,65.0,0.0,5.0,0.0,102.0,,,,,,,,,,,,,,,17.7,14.02,68.81,18.21,67.46,,,,,,,,,20.17,25.6,0.96,0.89,89.46,2.72,22.43,,,,,,,,,,187.58
2020-07-05,6508,5657.0,102.0,769.0,84.0,136,100.0,30.0,6.0,,,92.0,4.0,,,607.0,22874.0,665.0,402.0,11.0,42.0,24.0,7.0,84.69,0.99,0.92,1.34,22.41,,,,,,2065.0,33.0,61.0,78.0,3583.0,111.0,429.0,302.0,205.0,13.0,15.0,15.0,455.0,29.0,55.0,40.0,,,,,,,,,,,,,,,0.71,0.75,0.61,0.53,0.45,,,,,,,,,,,,,,,,,,,,,,,,,,,,,,,,,,,,30.0,2.0,2.0,3.0,69.0,0.0,6.0,0.0,112.0,,,,,,,,,,,,,,,17.09,12.43,74.36,17.91,71.92,1588.5,2400.0,3853.4,2600.0,1603.4,1863.0,2466.2,1740.5,20.5,26.65,0.97,1.84,86.73,2.04,22.95,,,,,,,,,,200.9
2020-07-06,6632,5724.0,102.0,828.0,75.0,124,85.0,34.0,5.0,,,67.0,0.0,,,786.0,23660.0,665.0,428.0,11.0,43.0,26.0,7.0,82.73,1.0,0.94,1.28,15.78,,,,,,,,,,,,,,,,,,,,,,,,,,,,,,,,,,,,0.68,0.7,0.7,0.65,0.51,,,,,,,,,,,,,,,,,,,,,,,,,,,,,,,,,,,,30.0,2.0,2.0,3.0,69.0,0.0,6.0,0.0,112.0,,,,,,,,,,,,,,,24.1,21.23,64.87,18.1,73.16,,,,,,,,,19.71,26.65,1.06,0.91,84.43,1.7,24.56,,,,,,,,,,216.32
2020-07-07,6705,5835.0,102.0,792.0,70.0,73,45.0,25.0,3.0,,,111.0,0.0,,,548.0,24208.0,667.0,452.0,11.0,43.0,26.0,7.0,80.76,0.96,0.93,1.18,13.32,,,,,,,,,,,,,,,,,,,,,,,,,,,,,,,,,,,,0.68,0.7,0.7,0.65,0.51,,,,,,,,,,,,,,,,,,,,,,,,,,,,,,,,,,,,30.0,2.0,2.0,3.0,69.0,0.0,6.0,0.0,112.0,,,,,,,,,,,,,,,22.99,19.0,62.02,17.54,70.91,,,,,,,,,18.56,26.65,1.08,0.59,81.79,1.03,24.48,,,,,,,,,,206.91
2020-07-08,6789,5937.0,105.0,771.0,86.0,84,56.0,27.0,1.0,,,102.0,3.0,,,503.0,24711.0,667.0,475.0,11.0,43.0,27.0,6.0,78.8,0.94,0.91,1.09,16.7,,,,,,,,,,,,,,,,,,,,,,,,,,,,,,,,,,,,0.68,0.7,0.7,0.65,0.51,,,,,,,,,,,,,,,,,,,,,,,,,,,,,,,,,,,,30.0,2.0,2.0,3.0,69.0,0.0,6.0,0.0,112.0,,,,,,,,,,,,,,,23.23,18.1,66.39,17.03,67.89,,,,,,,,,19.12,27.43,1.1,1.15,79.49,0.69,25.12,,,,,,,,,,201.42
2020-07-09,6867,6026.0,107.0,773.0,86.0,78,40.0,31.0,7.0,,,89.0,2.0,,,435.0,25146.0,675.0,493.0,11.0,43.0,27.0,6.0,77.52,0.94,0.91,1.07,17.93,,,,,,,,,,,,,,,,,,,,,,,,,,,,,,,,,,,,0.68,0.7,0.7,0.65,0.51,,,,,,,,,,,,,,,,,,,,,,,,,,,,,,,,,,,,30.0,2.0,2.0,3.0,69.0,0.0,6.0,0.0,112.0,,,,,,,,,,,,,,,18.88,14.75,55.49,16.66,68.21,,,,,,,,,17.26,27.95,1.02,0.93,78.21,0.69,24.33,,,,,,,,,,201.95
2020-07-10,6961,6085.0,107.0,807.0,64.0,94,68.0,21.0,5.0,,,59.0,0.0,,,462.0,25608.0,673.0,523.0,11.0,43.0,27.0,6.0,76.59,0.91,0.9,0.95,20.35,,,,,,2150.0,35.0,72.0,92.0,3814.0,163.0,474.0,310.0,165.0,7.0,16.0,21.0,433.0,71.0,66.0,35.0,,,,,,,,,,,,,,,0.68,0.7,0.7,0.65,0.51,,,,,,,,,,,,,,,,,,,,,,,,,,,,,,,,,,,,33.0,2.0,2.0,3.0,78.0,0.0,7.0,0.0,125.0,,,,,,,,,,,,,,,17.5,14.1,35.87,16.23,61.12,1653.9,2545.5,4548.3,3066.7,1706.8,2735.8,2724.9,1857.5,17.0,27.95,1.13,1.21,76.25,0.34,24.74,,,,,,,,,,210.83
2020-07-11,7050,6157.0,108.0,812.0,61.0,89,66.0,20.0,3.0,,,72.0,1.0,,,480.0,26088.0,673.0,535.0,11.0,43.0,26.0,0.0,75.01,0.92,0.91,0.88,18.54,,,,,,,,,,,,,,,,,,,,,,,,,,,,,,,,,,,,0.71,0.77,0.62,0.58,0.42,,,,,,,,,,,,,,,,,,,,,,,,,,,,,,,,,,,,33.0,2.0,2.0,3.0,78.0,0.0,7.0,0.0,125.0,,,,,,,,,,,,,,,15.56,12.89,35.36,16.07,56.34,,,,,,,,,17.86,28.22,1.13,0.95,74.0,1.01,25.3,,,,,,,,,,212.14
2020-07-12,7147,6254.0,111.0,824.0,54.0,97,70.0,12.0,15.0,,,97.0,3.0,,,621.0,26709.0,673.0,523.0,11.0,43.0,27.0,4.0,74.09,0.91,0.92,0.83,15.62,,,,,,,,,,,,,,,,,,,,,,,,,,,,,,,,,,,,0.71,0.77,0.62,0.58,0.42,,,,,,,,,,,,,,,,,,,,,,,,,,,,,,,,,,,,33.0,2.0,2.0,3.0,78.0,0.0,7.0,0.0,125.0,,,,,,,,,,,,,,,13.73,11.28,39.83,15.91,51.41,,,,,,,,,16.89,29.0,1.04,1.09,73.75,0.33,23.85,,,,,,,,,,215.27
2020-07-13,7191,6325.0,111.0,797.0,52.0,44,23.0,14.0,7.0,,,71.0,0.0,,,413.0,27122.0,673.0,550.0,11.0,45.0,27.0,5.0,73.28,0.89,0.89,0.8,10.65,,,,,,2191.0,36.0,77.0,105.0,3934.0,168.0,508.0,322.0,137.0,6.0,15.0,28.0,409.0,69.0,83.0,39.0,,,,,,,,,,,,,,,0.69,0.71,0.73,0.71,0.52,,,,,,,,,,,,,,,,,,,,,,,,,,,,,,,,,,,,34.0,2.0,2.0,3.0,80.0,0.0,9.0,0.0,130.0,,,,,,,,,,,,,,,18.91,16.31,40.58,15.2,47.94,1685.4,2618.2,4864.2,3500.0,1760.5,2819.7,2920.4,1917.8,16.16,29.0,0.85,0.45,72.95,0.33,20.86,,,,,,,,,,208.22
2020-07-14,7217,6400.0,111.0,748.0,52.0,26,21.0,2.0,3.0,,,75.0,0.0,,,406.0,27528.0,678.0,552.0,11.0,45.0,27.0,5.0,72.14,0.9,0.88,0.81,6.4,,,,,,,,,,,,,,,,,,,,,,,,,,,,,,,,,,,,0.69,0.71,0.73,0.71,0.52,,,,,,,,,,,,,,,,,,,,,,,,,,,,,,,,,,,,34.0,2.0,2.0,3.0,80.0,0.0,9.0,0.0,130.0,,,,,,,,,,,,,,,21.14,15.63,50.82,14.72,46.34,,,,,,,,,15.17,29.0,0.78,0.59,72.14,0.0,19.11,,,,,,,,,,195.42
2020-07-15,7266,6500.0,115.0,693.0,68.0,49,39.0,6.0,4.0,,,100.0,4.0,,,227.0,27755.0,682.0,554.0,11.0,45.0,27.0,0.0,70.07,0.89,0.89,0.79,21.59,,,,,,,,,,,,,,,,,,,,,,,,,,,,,,,,,,,,0.69,0.71,0.73,0.71,0.52,,,,,,,,,,,,,,,,,,,,,,,,,,,,,,,,,,,,34.0,2.0,2.0,3.0,80.0,0.0,9.0,0.0,130.0,,,,,,,,,,,,,,,19.55,15.74,46.4,14.39,43.48,,,,,,,,,15.87,30.04,0.71,1.88,69.75,0.32,17.8,,,,,,,,,,181.05
2020-07-16,7353,6604.0,117.0,632.0,66.0,43,30.0,7.0,6.0,,,104.0,2.0,,,321.0,28076.0,677.0,543.0,11.0,44.0,28.0,0.0,68.85,0.9,0.91,0.79,13.4,,,,,,,,,,,,,,,,,,,,,,,,,,,,,,,,,,,,0.69,0.71,0.73,0.71,0.52,,,,,,,,,,,,,,,,,,,,,,,,,,,,,,,,,,,,34.0,2.0,2.0,3.0,80.0,0.0,9.0,0.0,130.0,,,,,,,,,,,,,,,17.64,15.43,42.73,14.48,41.66,,,,,,,,,15.22,30.57,0.68,0.88,67.88,0.97,16.5,,,,,,,,,,165.11
2020-07-17,7451,6660.0,139.0,658.0,61.0,98,64.0,21.0,13.0,,,56.0,22.0,,,675.0,28751.0,677.0,535.0,11.0,41.0,30.0,3.0,69.71,1.01,1.01,0.94,14.52,,,,,,2241.0,37.0,78.0,116.0,4073.0,176.0,520.0,336.0,119.0,3.0,13.0,28.0,344.0,57.0,55.0,38.0,,,,,,,,,,,,,,,0.69,0.71,0.73,0.71,0.52,,,,,,,,,,,,,,,,,,,,,,,,,,,,,,,,,,,,34.0,2.0,2.0,4.0,87.0,0.0,9.0,0.0,138.0,,,,,,,,,,,,,,,28.86,23.06,74.95,15.76,47.24,1723.9,2690.9,4927.4,3866.7,1822.7,2954.0,2989.4,1979.5,14.39,36.31,0.67,2.28,68.41,1.3,16.65,,,,,,,,,,171.9
2020-07-18,7557,6786.0,140.0,636.0,47.0,105,68.0,14.0,23.0,,,126.0,1.0,,,568.0,29319.0,677.0,548.0,11.0,41.0,30.0,1.0,71.89,1.03,1.05,0.98,18.49,,,,,,,,,,,,,,,,,,,,,,,,,,,,,,,,,,,,0.7,0.76,0.6,0.23,0.43,,,,,,,,,,,,,,,,,,,,,,,,,,,,,,,,,,,,34.0,2.0,2.0,4.0,87.0,0.0,9.0,0.0,138.0,,,,,,,,,,,,,,,19.13,16.86,44.35,16.33,48.52,,,,,,,,,14.38,36.58,0.68,1.07,70.58,1.32,17.24,,,,,,,,,,166.16
2020-07-19,7627,6867.0,141.0,624.0,43.0,70,55.0,10.0,5.0,,,81.0,1.0,,,306.0,29625.0,677.0,534.0,11.0,41.0,31.0,1.0,73.44,1.05,1.07,1.01,22.88,,,,,,,,,,,,,,,,,,,,,,,,,,,,,,,,,,,,0.7,0.76,0.6,0.23,0.43,,,,,,,,,,,,,,,,,,,,,,,,,,,,,,,,,,,,34.0,2.0,2.0,4.0,87.0,0.0,9.0,0.0,138.0,,,,,,,,,,,,,,,16.88,14.09,46.42,16.73,49.46,,,,,,,,,15.42,36.84,0.68,0.67,71.43,2.01,16.23,,,,,,,,,,163.02
2020-07-20,7761,6951.0,144.0,671.0,33.0,134,75.0,38.0,21.0,,,84.0,3.0,,,689.0,30314.0,677.0,512.0,11.0,42.0,33.0,1.0,74.51,1.1,1.13,1.05,19.45,,,,,,2313.0,43.0,79.0,125.0,4198.0,192.0,546.0,371.0,144.0,7.0,4.0,27.0,335.0,39.0,53.0,72.0,,,,,,,,,,,,,,,0.7,0.73,0.76,0.63,0.54,,,,,,,,,,,,,,,,,,,,,,,,,,,,,,,,,,,,35.0,2.0,2.0,4.0,91.0,0.0,9.0,0.0,143.0,,,,,,,,,,,,,,,27.32,25.18,53.85,18.0,51.36,1779.2,3127.3,4990.5,4166.7,1878.6,3222.6,3138.8,2055.3,16.67,37.62,0.94,1.91,72.84,1.67,19.59,,,,,,,,,,175.3
2020-07-21,7820,7026.0,144.0,655.0,27.0,54,45.0,5.0,4.0,,,75.0,0.0,,,534.0,30848.0,677.0,501.0,11.0,42.0,32.0,1.0,75.57,1.11,1.15,1.13,10.11,,,,,,,,,,,,,,,,,,,,,,,,,,,,,,,,,,,,0.7,0.73,0.76,0.63,0.54,,,,,,,,,,,,,,,,,,,,,,,,,,,,,,,,,,,,35.0,2.0,2.0,4.0,91.0,0.0,9.0,0.0,143.0,,,,,,,,,,,,,,,25.54,20.76,80.64,18.73,55.62,,,,,,,,,17.2,37.62,1.08,0.4,73.9,1.67,20.64,,,,,,,,,,171.12
2020-07-22,7869,7130.0,144.0,600.0,19.0,50,41.0,4.0,5.0,,,104.0,0.0,,,374.0,31222.0,677.0,492.0,11.0,42.0,32.0,3.0,77.57,1.14,1.18,1.1,13.37,,,,,,,,,,,,,,,,,,,,,,,,,,,,,,,,,,,,0.7,0.73,0.76,0.63,0.54,,,,,,,,,,,,,,,,,,,,,,,,,,,,,,,,,,,,35.0,2.0,2.0,4.0,91.0,0.0,9.0,0.0,143.0,,,,,,,,,,,,,,,26.31,22.8,43.45,19.74,55.2,,,,,,,,,16.03,37.62,1.16,0.93,77.23,0.33,20.68,,,,,,,,,,156.75
2020-07-23,7953,7204.0,150.0,604.0,16.0,84,64.0,9.0,11.0,,,74.0,6.0,,,369.0,31591.0,677.0,466.0,11.0,42.0,29.0,6.0,79.73,1.22,1.17,1.61,22.76,,,,,,,,,,,,,,,,,,,,,,,,,,,,,,,,,,,,0.7,0.73,0.76,0.63,0.54,,,,,,,,,,,,,,,,,,,,,,,,,,,,,,,,,,,,35.0,2.0,2.0,4.0,91.0,0.0,9.0,0.0,143.0,,,,,,,,,,,,,,,34.26,19.43,235.39,20.31,82.72,,,,,,,,,17.37,39.19,1.35,1.68,80.05,0.32,22.21,,,,,,,,,,157.8
2020-07-24,8079,7292.0,150.0,642.0,16.0,125,105.0,13.0,7.0,,,88.0,0.0,,,732.0,32323.0,677.0,437.0,11.0,42.0,29.0,6.0,79.12,1.11,1.07,1.37,17.08,,,,,,2371.0,43.0,86.0,132.0,4404.0,196.0,581.0,372.0,129.0,3.0,9.0,21.0,344.0,23.0,47.0,60.0,,,,,,,,,,,,,,,0.7,0.73,0.76,0.63,0.54,,,,,,,,,,,,,,,,,,,,,,,,,,,,,,,,,,,,39.0,2.0,2.0,4.0,94.0,1.0,9.0,0.0,151.0,,,,,,,,,,,,,,,18.52,15.03,36.52,19.17,77.23,1823.9,3127.3,5432.7,4400.0,1970.8,3289.7,3340.0,2138.3,17.73,39.19,1.39,1.49,80.45,1.34,23.21,,,,,,,,,,167.72
2020-07-25,8147,7357.0,153.0,642.0,17.0,70,48.0,17.0,5.0,,,65.0,3.0,,,277.0,32600.0,769.0,410.0,11.0,42.0,26.0,2.0,77.49,1.15,1.08,1.38,25.27,,,,,,,,,,,,,,,,,,,,,,,,,,,,,,,,,,,,0.73,0.78,0.67,0.43,0.47,,,,,,,,,,,,,,,,,,,,,,,,,,,,,,,,,,,,39.0,2.0,2.0,4.0,94.0,1.0,9.0,0.0,151.0,,,,,,,,,,,,,,,30.62,20.44,90.92,19.68,83.88,,,,,,,,,18.7,39.97,1.27,0.56,79.18,1.68,21.91,,,,,,,,,,167.72
2020-07-26,8188,7407.0,155.0,631.0,25.0,41,19.0,20.0,2.0,,,50.0,2.0,,,429.0,33029.0,769.0,422.0,11.0,42.0,26.0,1.0,74.83,1.11,1.06,1.26,9.56,,,,,,,,,,,,,,,,,,,,,,,,,,,,,,,,,,,,0.73,0.78,0.67,0.43,0.47,,,,,,,,,,,,,,,,,,,,,,,,,,,,,,,,,,,,39.0,2.0,2.0,4.0,94.0,1.0,9.0,0.0,151.0,,,,,,,,,,,,,,,15.22,13.36,33.08,19.57,81.98,,,,,,,,,16.8,40.49,1.28,0.59,77.21,2.38,20.83,,,,,,,,,,164.85
2020-07-27,8308,7450.0,159.0,705.0,25.0,120,84.0,17.0,19.0,,,43.0,4.0,,,792.0,33821.0,769.0,453.0,11.0,42.0,26.0,0.0,72.45,1.06,1.01,1.18,15.15,,,,,,2414.0,39.0,89.0,133.0,4552.0,205.0,602.0,385.0,128.0,1.0,12.0,18.0,399.0,26.0,53.0,68.0,,,,,,,,,,,,,,,0.72,0.73,0.76,0.67,0.58,,,,,,,,,,,,,,,,,,,,,,,,,,,,,,,,,,,,44.0,2.0,2.0,4.0,97.0,1.0,10.0,0.0,160.0,,,,,,,,,,,,,,,23.25,21.06,48.05,18.99,81.15,1856.9,2836.4,5622.2,4433.3,2037.0,3440.8,3460.8,2199.5,16.19,41.54,1.04,2.93,74.49,2.04,20.3,,,,,,,,,,184.18
2020-07-28,8585,7524.0,160.0,907.0,21.0,276,116.0,94.0,66.0,,,74.0,1.0,,,1358.0,35179.0,769.0,526.0,11.0,42.0,26.0,2.0,71.43,1.0,0.98,1.05,20.32,,,,,,,,,,,,,,,,,,,,,,1.0,3.0,3.0,3.0,1.0,3.0,1.0,0.0,0.0,0.0,0.0,0.0,0.0,0.0,0.72,0.73,0.76,0.67,0.58,,,,,,,,,,,,,,,,,,,,,,,,,,,,,,,,,,,,44.0,2.0,2.0,4.0,97.0,1.0,10.0,0.0,160.0,,,,,,,,,,,,,,,17.33,16.27,35.36,18.34,74.68,,,,,,,,,17.64,41.8,1.39,2.3,72.79,1.36,28.59,,,,,,,,,,236.96
2020-07-29,8648,7598.0,160.0,896.0,36.0,63,38.0,9.0,16.0,,,74.0,0.0,,,468.0,35647.0,769.0,538.0,11.0,42.0,28.0,4.0,71.77,0.94,0.93,1.01,13.46,,,,,,,,,,,,,,,,,,,,,,1.0,3.0,3.0,3.0,1.0,3.0,1.0,1.0,1.0,1.0,1.0,1.0,1.0,1.0,0.72,0.73,0.76,0.67,0.58,,,,,,,,,,,,,,,,,,,,,,,,,,,,,,,,,,,,44.0,2.0,2.0,4.0,97.0,1.0,10.0,0.0,160.0,,,,,,,,,,,,,,,17.58,16.08,32.51,17.38,73.12,,,,,,,,,17.66,41.8,1.41,0.23,71.77,0.0,29.07,,,,,,,,,,234.08
2020-07-30,8764,7666.0,162.0,942.0,42.0,116,85.0,23.0,8.0,,,68.0,2.0,,,604.0,36251.0,769.0,585.0,11.0,42.0,29.0,7.0,71.09,0.88,0.94,0.62,19.21,,,,,,,,,,,,,,,,,,,,,,1.0,3.0,3.0,3.0,1.0,3.0,1.0,2.0,2.0,2.0,2.0,2.0,2.0,2.0,0.72,0.73,0.76,0.67,0.58,,,,,,,,,,,,,,,,,,,,,,,,,,,,,,,,,,,,44.0,2.0,2.0,4.0,97.0,1.0,10.0,0.0,160.0,,,,,,,,,,,,,,,22.4,18.91,33.95,17.31,44.34,,,,,,,,,17.15,42.32,1.36,1.84,72.11,1.02,30.27,,,,,,,,,,246.1
2020-07-31,8797,7730.0,166.0,907.0,45.0,35,17.0,16.0,2.0,,,64.0,4.0,,,390.0,36641.0,769.0,614.0,11.0,42.0,26.0,7.0,71.43,0.89,0.95,0.64,8.97,,,,,,2523.0,42.0,92.0,135.0,4782.0,237.0,716.0,401.0,180.0,3.0,12.0,13.0,483.0,46.0,140.0,59.0,1.0,3.0,3.0,3.0,1.0,3.0,1.0,3.0,3.0,3.0,3.0,3.0,3.0,3.0,0.72,0.73,0.76,0.67,0.58,,,,,,,,,,,,,,,,,,,,,,,,,,,,,,,,,,,,45.0,2.0,2.0,4.0,100.0,1.0,12.0,0.0,166.0,,,,,,,,,,,,,,,16.09,14.4,26.8,17.22,42.95,1940.8,3054.5,5811.7,4500.0,2140.0,3977.8,4116.1,2332.5,15.99,43.37,1.16,0.3,71.43,0.0,26.91,,,,,,,,,,236.96
2020-08-01,8863,7836.0,168.0,865.0,50.0,64,39.0,21.0,4.0,,,106.0,2.0,,,584.0,37225.0,769.0,553.0,11.0,42.0,26.0,2.0,71.43,0.82,0.91,0.55,10.96,,,,,,,,,,,,,,,,,,,,,,1.0,3.0,3.0,3.0,1.0,3.0,1.0,4.0,4.0,4.0,4.0,4.0,4.0,4.0,0.74,0.78,2.01,0.67,2.09,,,,,,,,,,,,,,,,,,,,,,,,,,,,,,,,,,,,45.0,2.0,2.0,4.0,100.0,1.0,12.0,0.0,166.0,,,,,,,,,,,,,,,16.84,15.15,24.84,16.46,33.51,,,,,,,,,13.95,43.89,1.22,1.83,71.43,0.0,26.68,,,,,,,,,,225.98
2020-08-02,8922,7926.0,170.0,832.0,61.0,61,42.0,9.0,10.0,,,90.0,2.0,,,588.0,37813.0,710.0,555.0,10.0,42.0,25.0,2.0,71.09,0.85,0.92,0.59,10.37,,,,,,,,,,,,,,,,,,,,,,1.0,3.0,3.0,3.0,1.0,3.0,1.0,5.0,5.0,5.0,5.0,5.0,5.0,5.0,0.74,0.78,2.01,0.67,2.09,,,,,,,,,,,,,,,,,,,,,,,,,,,,,,,,,,,,45.0,2.0,2.0,4.0,100.0,1.0,12.0,0.0,166.0,,,,,,,,,,,,,,,14.34,12.08,26.87,16.28,32.63,,,,,,,,,14.06,44.41,1.32,0.95,71.43,0.34,27.43,,,,,,,,,,217.36
2020-08-03,8985,7983.0,173.0,835.0,64.0,63,25.0,32.0,6.0,,,57.0,3.0,,,555.0,38368.0,707.0,571.0,10.0,42.0,24.0,1.0,70.41,0.87,0.93,0.61,11.35,,,,,,2595.0,42.0,92.0,134.0,4889.0,251.0,741.0,403.0,190.0,3.0,11.0,9.0,433.0,48.0,143.0,49.0,1.0,3.0,3.0,3.0,1.0,3.0,1.0,6.0,6.0,6.0,6.0,6.0,6.0,6.0,0.72,0.74,0.75,0.67,0.57,,,,,,,,,,,,,,,,,,,,,,,,,,,,,,,,,,,,47.0,2.0,3.0,4.0,103.0,1.0,13.0,0.0,173.0,,,,,,,,,,,,,,,23.36,20.42,34.82,16.19,30.73,1996.2,3054.5,5811.7,4466.7,2187.8,4212.8,4259.8,2389.7,13.52,45.2,1.25,1.03,71.09,0.68,25.3,,,,,,,,,,218.14
2020-08-04,9045,8084.0,173.0,794.0,56.0,60,44.0,10.0,6.0,,,101.0,0.0,,,418.0,38786.0,707.0,579.0,10.0,42.0,23.0,1.0,68.03,0.92,0.94,0.7,14.35,,,,,,,,,,,,,,,,,,,,,,1.0,3.0,3.0,3.0,1.0,3.0,1.0,7.0,7.0,7.0,7.0,7.0,7.0,7.0,0.72,0.74,0.75,0.67,0.57,,,,,,,,,,,,,,,,,,,,,,,,,,,,,,,,,,,,47.0,2.0,3.0,4.0,103.0,1.0,13.0,0.0,173.0,,,,,,,,,,,,,,,20.05,16.11,45.85,16.17,32.23,,,,,,,,,12.67,45.2,0.6,0.95,69.73,1.7,17.24,,,,,,,,,,207.43
2020-08-05,9128,8163.0,173.0,798.0,66.0,83,67.0,10.0,6.0,,,79.0,0.0,,,1515.0,40301.0,707.0,576.0,10.0,42.0,22.0,6.0,64.29,0.94,0.94,0.8,5.48,,,,,,,,,,,,,,,,,,,,,,1.0,3.0,3.0,3.0,1.0,3.0,1.0,8.0,8.0,8.0,8.0,8.0,8.0,8.0,0.72,0.74,0.75,0.67,0.57,,,,,,,,,,,,,,,,,,,,,,,,,,,,,,,,,,,,47.0,2.0,3.0,4.0,103.0,1.0,13.0,0.0,173.0,,,,,,,,,,,,,,,17.82,14.71,49.21,15.97,34.62,,,,,,,,,11.53,45.2,0.62,1.38,68.37,4.08,17.99,,,,,,,,,,208.48
2020-08-06,9167,8257.0,177.0,738.0,94.0,39,13.0,7.0,19.0,,,94.0,4.0,,,599.0,40900.0,707.0,592.0,10.0,37.0,16.0,0.0,60.78,0.92,0.93,0.85,6.51,,,,,,,,,,,,,,,,,,,,,,1.0,3.0,3.0,3.0,1.0,3.0,1.0,9.0,9.0,9.0,9.0,9.0,9.0,9.0,0.72,0.74,0.75,0.67,0.57,,,,,,,,,,,,,,,,,,,,,,,,,,,,,,,,,,,,47.0,2.0,3.0,4.0,103.0,1.0,13.0,0.0,173.0,,,,,,,,,,,,,,,18.63,15.99,39.0,15.55,35.34,,,,,,,,,9.71,46.24,0.5,0.47,62.3,1.52,15.12,,,,,,,,,,192.8
2020-08-07,9252,8346.0,178.0,733.0,110.0,85,59.0,12.0,14.0,,,89.0,1.0,,,659.0,41559.0,707.0,601.0,10.0,37.0,20.0,0.0,58.05,0.95,0.94,0.96,12.9,,,,,,2679.0,42.0,93.0,136.0,5076.0,259.0,769.0,422.0,195.0,2.0,3.0,6.0,380.0,41.0,145.0,62.0,1.0,3.0,3.0,3.0,1.0,3.0,1.0,10.0,10.0,10.0,10.0,10.0,10.0,10.0,0.72,0.74,0.75,0.67,0.57,,,,,,,,,,,,,,,,,,,,,,,,,,,,,,,,,,,,49.0,2.0,3.0,4.0,107.0,1.0,13.0,0.0,179.0,,,,,,,,,,,,,,,17.45,13.9,48.53,15.48,38.44,2060.8,3054.5,5874.9,4533.3,2271.5,4347.1,4420.8,2475.6,10.28,46.5,0.63,2.18,58.8,0.74,16.98,,,,,,,,,,191.5
2020-08-08,9278,8414.0,180.0,689.0,112.0,27,22.0,4.0,1.0,,,68.0,2.0,,,465.0,42024.0,707.0,597.0,10.0,37.0,22.0,1.0,57.8,0.95,0.93,1.05,5.81,,,,,,,,,,,,,,,,,,,,,,1.0,3.0,3.0,3.0,1.0,3.0,1.0,11.0,11.0,11.0,11.0,11.0,11.0,11.0,0.75,0.8,0.71,0.34,0.54,,,,,,,,,,,,,,,,,,,,,,,,,,,,,,,,,,,,49.0,2.0,3.0,4.0,107.0,1.0,13.0,0.0,179.0,,,,,,,,,,,,,,,15.04,12.16,46.23,15.05,41.5,,,,,,,,,9.54,47.03,0.58,0.32,58.15,0.36,15.6,,,,,,,,,,180.0
2020-08-09,9367,8500.0,181.0,691.0,120.0,89,58.0,26.0,5.0,,,86.0,1.0,,,650.0,42674.0,707.0,571.0,10.0,37.0,23.0,0.0,58.22,0.95,0.93,1.08,13.69,,,,,,,,,,,,,,,,,,,,,,1.0,3.0,3.0,3.0,1.0,3.0,1.0,12.0,12.0,12.0,12.0,12.0,12.0,12.0,0.75,0.8,0.71,0.34,0.54,,,,,,,,,,,,,,,,,,,,,,,,,,,,,,,,,,,,49.0,2.0,3.0,4.0,107.0,1.0,13.0,0.0,179.0,,,,,,,,,,,,,,,13.81,11.28,37.32,14.94,42.99,,,,,,,,,10.01,47.29,0.61,3.3,57.85,0.37,16.65,,,,,,,,,,180.52
2020-08-10,9419,8624.0,182.0,618.0,116.0,52,30.0,18.0,4.0,,,124.0,1.0,,,474.0,43148.0,707.0,573.0,10.0,37.0,24.0,0.0,60.09,0.94,0.94,1.07,10.97,,,,,,2740.0,43.0,93.0,136.0,5193.0,266.0,794.0,413.0,203.0,2.0,2.0,3.0,374.0,33.0,82.0,30.0,1.0,3.0,3.0,3.0,1.0,3.0,1.0,13.0,13.0,13.0,13.0,13.0,13.0,13.0,0.73,0.74,0.78,0.68,0.6,,,,,,,,,,,,,,,,,,,,,,,,,,,,,,,,,,,,49.0,2.0,3.0,4.0,110.0,1.0,14.0,0.0,183.0,,,,,,,,,,,,,,,21.07,19.95,34.9,14.87,43.01,2107.7,3127.3,5874.9,4533.3,2323.9,4464.6,4564.5,2528.4,9.96,47.55,0.64,0.58,58.61,1.48,16.23,,,,,,,,,,161.45
2020-08-11,9543,8716.0,182.0,650.0,102.0,124,83.0,35.0,6.0,,,92.0,0.0,,,716.0,43864.0,708.0,529.0,10.0,37.0,26.0,0.0,62.7,0.93,0.95,1.02,17.32,,,,,,,,,,,,,,,,,,,,,,1.0,3.0,3.0,3.0,1.0,3.0,1.0,14.0,14.0,14.0,14.0,14.0,14.0,14.0,0.73,0.74,0.78,0.68,0.6,,,,,,,,,,,,,,,,,,,,,,,,,,,,,,,,,,,,49.0,2.0,3.0,4.0,110.0,1.0,14.0,0.0,183.0,,,,,,,,,,,,,,,17.37,16.14,34.49,14.87,41.38,,,,,,,,,10.38,47.55,1.08,2.38,60.49,2.21,18.62,,,,,,,,,,169.81
2020-08-12,9617,8789.0,182.0,651.0,119.0,72,42.0,22.0,8.0,,,73.0,0.0,,,455.0,44319.0,708.0,519.0,10.0,37.0,27.0,3.0,66.02,0.97,0.97,1.07,15.82,,,,,,,,,,,,,,,,,,,,,,1.0,3.0,3.0,3.0,1.0,3.0,1.0,15.0,15.0,15.0,15.0,15.0,15.0,15.0,0.73,0.74,0.78,0.68,0.6,,,,,,,,,,,,,,,,,,,,,,,,,,,,,,,,,,,,49.0,2.0,3.0,4.0,110.0,1.0,14.0,0.0,183.0,,,,,,,,,,,,,,,21.03,15.78,66.0,15.03,43.78,,,,,,,,,11.86,47.55,1.01,0.58,62.55,3.47,18.21,,,,,,,,,,170.07
2020-08-13,9702,8869.0,185.0,653.0,125.0,85,70.0,12.0,3.0,,,80.0,3.0,,,637.0,44956.0,706.0,517.0,10.0,37.0,25.0,3.0,68.34,0.97,0.97,1.08,13.34,,,,,,,,,,,,,,,,,,,,,,1.0,3.0,3.0,3.0,1.0,3.0,1.0,16.0,16.0,16.0,16.0,16.0,16.0,16.0,0.73,0.74,0.78,0.68,0.6,,,,,,,,,,,,,,,,,,,,,,,,,,,,,,,,,,,,49.0,2.0,3.0,4.0,110.0,1.0,14.0,0.0,183.0,,,,,,,,,,,,,,,17.75,14.58,44.06,14.83,44.51,,,,,,,,,12.84,48.33,1.32,1.18,67.18,1.16,19.93,,,,,,,,,,170.6
2020-08-14,9773,8955.0,185.0,638.0,123.0,72,42.0,28.0,2.0,,,86.0,0.0,,,669.0,45625.0,704.0,519.0,10.0,37.0,23.0,4.0,70.27,0.96,0.96,1.04,10.76,,,,,,2864.0,50.0,93.0,145.0,5393.0,294.0,829.0,420.0,201.0,8.0,1.0,11.0,387.0,40.0,78.0,27.0,1.0,3.0,3.0,3.0,1.0,3.0,1.0,17.0,17.0,17.0,17.0,17.0,17.0,17.0,0.73,0.74,0.78,0.68,0.6,,,,,,,,,,,,,,,,,,,,,,,,,,,,,,,,,,,,51.0,2.0,3.0,4.0,111.0,2.0,14.0,0.0,187.0,,,,,,,,,,,,,,,15.32,12.4,40.26,14.61,43.32,2203.1,3636.4,5874.9,4833.3,2413.4,4934.5,4765.7,2635.5,12.53,48.33,1.15,0.85,69.88,0.39,19.44,,,,,,,,,,166.68
2020-08-15,9825,9020.0,185.0,625.0,135.0,51,31.0,19.0,1.0,,,65.0,0.0,,,559.0,46184.0,703.0,496.0,10.0,37.0,23.0,5.0,72.2,0.97,0.97,0.96,9.12,,,,,,,,,,,,,,,,,,,,,,1.0,3.0,3.0,3.0,1.0,3.0,1.0,18.0,18.0,18.0,18.0,18.0,18.0,18.0,0.77,0.8,0.66,0.37,0.53,,,,,,,,,,,,,,,,,,,,,,,,,,,,,,,,,,,,51.0,2.0,3.0,4.0,111.0,2.0,14.0,0.0,187.0,,,,,,,,,,,,,,,14.58,12.15,25.45,14.61,40.36,,,,,,,,,13.0,48.33,1.3,0.71,71.81,0.39,20.34,,,,,,,,,,163.28
2020-08-16,9879,9089.0,186.0,609.0,153.0,54,29.0,23.0,2.0,,,69.0,1.0,,,687.0,46871.0,675.0,514.0,9.0,37.0,24.0,5.0,74.13,0.94,0.95,0.92,7.86,,,,,,,,,,,,,,,,,,,,,,1.0,3.0,3.0,3.0,1.0,3.0,1.0,19.0,19.0,19.0,19.0,19.0,19.0,19.0,0.77,0.8,0.66,0.37,0.53,,,,,,,,,,,,,,,,,,,,,,,,,,,,,,,,,,,,51.0,2.0,3.0,4.0,111.0,2.0,14.0,0.0,187.0,,,,,,,,,,,,,,,9.18,8.66,23.86,14.24,38.43,,,,,,,,,12.17,48.59,1.14,1.06,74.13,0.0,19.03,,,,,,,,,,159.1
2020-08-17,9971,9141.0,186.0,649.0,145.0,93,56.0,29.0,8.0,,,52.0,0.0,,,748.0,47619.0,675.0,522.0,9.0,37.0,24.0,6.0,75.68,0.9,0.89,0.91,12.43,,,,,,2951.0,57.0,96.0,148.0,5512.0,313.0,850.0,427.0,222.0,12.0,2.0,12.0,373.0,53.0,81.0,29.0,1.0,3.0,3.0,3.0,1.0,3.0,1.0,20.0,20.0,20.0,20.0,20.0,20.0,20.0,0.75,0.76,0.85,0.69,0.62,,,,,,,,,,,,,,,,,,,,,,,,,,,,,,,,,,,,51.0,2.0,3.0,4.0,112.0,2.0,14.0,0.0,188.0,,,,,,,,,,,,,,,14.87,13.21,27.21,13.27,37.33,2270.0,4145.5,6064.4,4933.3,2466.6,5253.4,4886.5,2705.0,12.38,48.59,1.27,1.72,76.45,0.77,20.56,,,,,,,,,,169.55
2020-08-18,10035,9204.0,186.0,650.0,137.0,63,32.0,28.0,3.0,,,63.0,0.0,,,532.0,48151.0,662.0,447.0,9.0,37.0,24.0,8.0,77.22,0.9,0.87,1.0,11.84,,,,,,,,,,,,,,,,,,,,,,1.0,3.0,3.0,3.0,1.0,3.0,1.0,21.0,21.0,21.0,21.0,21.0,21.0,21.0,0.75,0.76,0.85,0.69,0.62,,,,,,,,,,,,,,,,,,,,,,,,,,,,,,,,,,,,51.0,2.0,3.0,4.0,112.0,2.0,14.0,0.0,188.0,,,,,,,,,,,,,,,14.98,11.63,54.37,12.63,40.17,,,,,,,,,11.6,48.59,0.98,0.68,78.76,1.54,18.29,,,,,,,,,,169.81
2020-08-19,10085,9276.0,186.0,628.0,142.0,52,44.0,5.0,3.0,,,72.0,0.0,,,292.0,48443.0,611.0,507.0,8.0,37.0,23.0,7.0,77.99,0.86,0.86,0.86,17.81,,,,,,,,,,,,,,,,,,,,,,1.0,3.0,3.0,3.0,1.0,3.0,1.0,22.0,22.0,22.0,22.0,22.0,22.0,22.0,0.75,0.76,0.85,0.69,0.62,,,,,,,,,,,,,,,,,,,,,,,,,,,,,,,,,,,,51.0,2.0,3.0,4.0,112.0,2.0,14.0,0.0,188.0,,,,,,,,,,,,,,,13.98,12.14,25.59,12.11,34.4,,,,,,,,,11.88,48.59,0.96,0.83,78.76,0.77,17.54,,,,,,,,,,164.07
2020-08-20,10137,9344.0,191.0,607.0,149.0,52,37.0,12.0,3.0,,,68.0,5.0,,,481.0,48924.0,611.0,496.0,8.0,37.0,23.0,5.0,78.76,0.84,0.85,0.84,10.81,,,,,,,,,,,,,,,,,,,,,,1.0,3.0,3.0,3.0,1.0,3.0,1.0,23.0,23.0,23.0,23.0,23.0,23.0,23.0,0.75,0.76,0.85,0.69,0.62,,,,,,,,,,,,,,,,,,,,,,,,,,,,,,,,,,,,51.0,2.0,3.0,4.0,112.0,2.0,14.0,0.0,188.0,,,,,,,,,,,,,,,12.52,11.1,31.52,11.61,32.61,,,,,,,,,11.52,49.9,0.82,1.0,78.76,0.0,16.31,,,,,,,,,,158.58
2020-08-21,10213,9420.0,191.0,607.0,159.0,76,48.0,25.0,3.0,,,76.0,0.0,,,645.0,49569.0,611.0,502.0,8.0,37.0,23.0,3.0,78.38,0.85,0.87,0.81,11.78,,,,,,3052.0,58.0,96.0,150.0,5671.0,340.0,878.0,434.0,220.0,13.0,1.0,9.0,353.0,61.0,73.0,24.0,1.0,3.0,3.0,3.0,1.0,3.0,1.0,24.0,24.0,24.0,24.0,24.0,24.0,24.0,0.75,0.76,0.85,0.69,0.62,,,,,,,,,,,,,,,,,,,,,,,,,,,,,,,,,,,,53.0,2.0,3.0,4.0,115.0,2.0,14.0,0.0,193.0,,,,,,,,,,,,,,,13.89,11.84,24.29,11.53,30.33,2347.7,4218.2,6064.4,5000.0,2537.8,5706.6,5047.4,2789.9,11.67,49.9,0.85,1.46,78.38,0.0,16.46,,,,,,,,,,158.58
2020-08-22,10262,9484.0,193.0,590.0,177.0,49,29.0,18.0,2.0,,,64.0,2.0,,,612.0,50181.0,611.0,533.0,8.0,37.0,23.0,5.0,77.22,0.85,0.87,0.85,8.01,,,,,,,,,,,,,,,,,,,,,,1.0,3.0,3.0,3.0,1.0,3.0,1.0,25.0,25.0,25.0,25.0,25.0,25.0,25.0,0.78,0.92,0.73,0.32,0.59,,,,,,,,,,,,,,,,,,,,,,,,,,,,,,,,,,,,53.0,2.0,3.0,4.0,115.0,2.0,14.0,0.0,193.0,,,,,,,,,,,,,,,11.61,10.05,28.04,11.23,30.7,,,,,,,,,11.51,50.42,0.81,0.64,78.38,1.16,16.38,,,,,,,,,,154.14
2020-08-23,10331,9541.0,193.0,602.0,190.0,69,45.0,24.0,0.0,,,57.0,0.0,,,742.0,50923.0,611.0,531.0,8.0,37.0,21.0,6.0,75.68,0.87,0.88,0.86,9.3,,,,,,,,,,,,,,,,,,,,,,1.0,3.0,3.0,3.0,1.0,3.0,1.0,26.0,26.0,26.0,26.0,26.0,26.0,26.0,0.78,0.92,0.73,0.32,0.59,,,,,,,,,,,,,,,,,,,,,,,,,,,,,,,,,,,,53.0,2.0,3.0,4.0,115.0,2.0,14.0,0.0,193.0,,,,,,,,,,,,,,,8.61,7.81,19.38,11.11,30.06,,,,,,,,,11.71,50.42,0.89,1.41,77.61,1.93,16.94,,,,,,,,,,157.27
2020-08-24,10385,9601.0,196.0,593.0,189.0,54,34.0,15.0,5.0,,,60.0,3.0,,,850.0,51773.0,611.0,542.0,8.0,37.0,19.0,5.0,73.75,0.87,0.88,0.93,6.35,,,,,,3139.0,59.0,97.0,154.0,5807.0,353.0,901.0,437.0,248.0,8.0,2.0,9.0,367.0,57.0,64.0,23.0,1.0,3.0,3.0,3.0,1.0,3.0,1.0,27.0,27.0,27.0,27.0,27.0,27.0,27.0,0.75,0.78,0.86,0.66,0.62,1639.0,1035.0,382.0,29.0,7.0,25.0,119.0,60.3,68.8,81.7,75.9,28.6,32.0,79.0,11.3,12.2,13.4,3.4,14.3,16.0,21.0,94.0,94.0,96.0,93.5,75.0,96.2,94.4,96.8,92.9,78.4,100.0,100.0,75.0,100.0,53.0,2.0,3.0,4.0,118.0,3.0,15.0,0.0,198.0,,,,,,,,,,,,,,,12.7,11.09,35.96,10.81,31.31,2414.6,4290.9,6127.6,5133.3,2598.6,5924.8,5179.6,2859.9,10.84,51.21,0.75,0.78,75.29,1.54,15.49,,,,,,,,,,154.92
2020-08-25,10428,9684.0,196.0,553.0,181.0,44,18.0,21.0,5.0,,,83.0,0.0,,,517.0,52290.0,611.0,499.0,8.0,37.0,20.0,8.0,71.81,0.85,0.88,0.82,8.51,,,,,,,,,,,,,,,,,,,,,,1.0,3.0,3.0,3.0,1.0,3.0,1.0,28.0,28.0,28.0,28.0,28.0,28.0,28.0,0.75,0.78,0.86,0.66,0.62,1639.0,1035.0,382.0,29.0,7.0,25.0,119.0,60.3,68.8,81.7,75.9,28.6,32.0,79.0,11.3,12.2,13.4,3.4,14.3,16.0,21.0,94.0,94.0,96.0,93.5,75.0,96.2,94.4,96.8,92.9,78.4,100.0,100.0,75.0,100.0,53.0,2.0,3.0,4.0,118.0,3.0,15.0,0.0,198.0,,,,,,,,,,,,,,,10.7,9.49,24.05,10.5,26.98,,,,,,,,,10.37,51.21,0.81,0.81,73.75,1.93,14.78,,,,,,,,,,144.47
2020-08-26,10465,9738.0,196.0,536.0,176.0,38,24.0,9.0,5.0,,,54.0,0.0,,,517.0,52807.0,611.0,473.0,8.0,37.0,18.0,9.0,70.66,0.88,0.89,0.9,7.35,,,,,,,,,,,,,,,,,,,,,,1.0,3.0,3.0,3.0,1.0,3.0,1.0,29.0,29.0,29.0,29.0,29.0,29.0,29.0,0.75,0.78,0.86,0.66,0.62,1639.0,1035.0,382.0,29.0,7.0,25.0,119.0,60.3,68.8,81.7,75.9,28.6,32.0,79.0,11.3,12.2,13.4,3.4,14.3,16.0,21.0,94.0,94.0,96.0,93.5,75.0,96.2,94.4,96.8,92.9,78.4,100.0,100.0,75.0,100.0,53.0,2.0,3.0,4.0,118.0,3.0,15.0,0.0,198.0,,,,,,,,,,,,,,,13.84,10.84,37.39,10.32,28.66,,,,,,,,,8.87,51.21,0.81,0.86,72.59,1.93,14.26,,,,,,,,,,140.03
2020-08-27,10504,9814.0,198.0,497.0,160.0,39,18.0,18.0,3.0,,,76.0,2.0,,,593.0,53400.0,611.0,476.0,8.0,37.0,18.0,11.0,71.04,0.89,0.88,0.91,6.58,,,,,,,,,,,,,,,,,,,,,,1.0,3.0,3.0,3.0,1.0,3.0,1.0,30.0,30.0,30.0,30.0,30.0,30.0,30.0,0.75,0.78,0.86,0.66,0.62,1639.0,1035.0,382.0,29.0,7.0,25.0,119.0,60.3,68.8,81.7,75.9,28.6,32.0,79.0,11.3,12.2,13.4,3.4,14.3,16.0,21.0,94.0,94.0,96.0,93.5,75.0,96.2,94.4,96.8,92.9,78.4,100.0,100.0,75.0,100.0,53.0,2.0,3.0,4.0,118.0,3.0,15.0,0.0,198.0,,,,,,,,,,,,,,,11.42,9.04,28.68,10.02,28.26,,,,,,,,,8.27,51.73,0.84,1.03,72.97,1.93,13.77,,,,,,,,,,129.84
2020-08-28,10539,9880.0,199.0,465.0,172.0,35,22.0,11.0,2.0,,,66.0,1.0,,,578.0,53978.0,611.0,477.0,8.0,37.0,18.0,12.0,72.2,0.91,0.88,1.01,6.06,,,,,,3214.0,59.0,98.0,159.0,5922.0,366.0,919.0,443.0,200.0,2.0,2.0,10.0,299.0,42.0,53.0,22.0,1.0,3.0,3.0,3.0,1.0,3.0,1.0,31.0,31.0,31.0,31.0,31.0,31.0,31.0,0.75,0.78,0.86,0.66,0.62,1639.0,1035.0,382.0,29.0,7.0,25.0,119.0,60.3,68.8,81.7,75.9,28.6,32.0,79.0,11.3,12.2,13.4,3.4,14.3,16.0,21.0,94.0,94.0,96.0,93.5,75.0,96.2,94.4,96.8,92.9,78.4,100.0,100.0,75.0,100.0,53.0,2.0,3.0,4.0,120.0,4.0,15.0,0.0,201.0,,,,,,,,,,,,,,,13.51,9.71,41.9,9.72,30.77,2472.3,4290.9,6190.8,5300.0,2650.1,6143.0,5283.1,2920.8,7.45,51.99,0.74,0.9,74.52,2.32,12.24,,,,,,,,,,121.48
2020-08-29,10603,9938.0,199.0,471.0,179.0,64,42.0,21.0,1.0,,,58.0,0.0,,,719.0,54697.0,611.0,501.0,8.0,36.0,17.0,5.0,71.69,0.89,0.86,0.98,8.9,,,,,,,,,,,,,,,,,,,,,,1.0,3.0,3.0,3.0,1.0,3.0,1.0,32.0,32.0,32.0,32.0,32.0,32.0,32.0,0.78,0.85,0.73,0.35,0.58,1639.0,1035.0,382.0,29.0,7.0,25.0,119.0,60.3,68.8,81.7,75.9,28.6,32.0,79.0,11.3,12.2,13.4,3.4,14.3,16.0,21.0,94.0,94.0,96.0,93.5,75.0,96.2,94.4,96.8,92.9,78.4,100.0,100.0,75.0,100.0,53.0,2.0,3.0,4.0,120.0,4.0,15.0,0.0,201.0,,,,,,,,,,,,,,,8.1,6.84,19.75,9.26,29.59,,,,,,,,,7.58,51.99,0.78,1.83,72.44,0.75,12.8,,,,,,,,,,123.05
2020-08-30,10646,10006.0,203.0,443.0,191.0,43,29.0,11.0,3.0,,,68.0,4.0,,,808.0,55505.0,611.0,497.0,8.0,36.0,19.0,7.0,71.56,0.89,0.87,0.99,5.32,,,,,,,,,,,,,,,,,,,,,,1.0,3.0,3.0,3.0,1.0,3.0,1.0,33.0,33.0,33.0,33.0,33.0,33.0,33.0,0.78,0.85,0.73,0.35,0.58,1639.0,1035.0,382.0,29.0,7.0,25.0,119.0,60.3,68.8,81.7,75.9,28.6,32.0,79.0,11.3,12.2,13.4,3.4,14.3,16.0,21.0,94.0,94.0,96.0,93.5,75.0,96.2,94.4,96.8,92.9,78.4,100.0,100.0,75.0,100.0,53.0,2.0,3.0,4.0,120.0,4.0,15.0,0.0,201.0,,,,,,,,,,,,,,,7.44,6.69,21.36,9.1,29.87,,,,,,,,,7.01,53.03,0.7,0.67,72.33,0.77,11.83,,,,,,,,,,115.73
2020-08-31,10685,10036.0,204.0,451.0,178.0,39,29.0,8.0,2.0,,,30.0,1.0,,,976.0,56481.0,611.0,568.0,8.0,36.0,17.0,6.0,71.03,0.9,0.87,0.93,4.0,,,,,,3280.0,59.0,98.0,161.0,6032.0,375.0,930.0,448.0,196.0,1.0,2.0,10.0,306.0,39.0,51.0,22.0,1.0,3.0,3.0,3.0,1.0,3.0,1.0,34.0,34.0,34.0,34.0,34.0,34.0,34.0,0.77,0.78,0.9,0.58,0.74,2174.0,1433.0,403.0,8.0,9.0,33.0,139.0,73.0,79.8,86.1,87.5,100.0,78.8,83.5,6.6,6.6,10.9,0.0,11.1,15.2,8.6,95.0,94.8,95.9,100.0,75.0,97.0,97.8,91.0,89.4,65.9,0.0,0.0,100.0,100.0,54.0,2.0,3.0,4.0,123.0,4.0,15.0,0.0,205.0,,,,,,,,,,,,,,,11.31,9.79,21.75,8.91,27.84,2523.1,4290.9,6190.8,5366.7,2699.3,6294.1,5346.4,2973.8,6.67,53.3,0.73,0.91,72.19,1.16,11.27,,,,,,,,,,117.82
2020-09-01,10713,10085.0,204.0,430.0,177.0,28,5.0,21.0,2.0,,,49.0,0.0,,,442.0,56923.0,611.0,540.0,8.0,36.0,17.0,4.0,69.33,0.93,0.91,0.93,6.33,,,,,,,,,,,,,,,,,,,,,,1.0,3.0,3.0,3.0,1.0,3.0,1.0,35.0,35.0,35.0,35.0,35.0,35.0,35.0,0.77,0.78,0.9,0.58,0.74,2174.0,1433.0,403.0,8.0,9.0,33.0,139.0,73.0,79.8,86.1,87.5,100.0,78.8,83.5,6.6,6.6,10.9,0.0,11.1,15.2,8.6,95.0,94.8,95.9,100.0,75.0,97.0,97.8,91.0,89.4,65.9,0.0,0.0,100.0,100.0,54.0,2.0,3.0,4.0,123.0,4.0,15.0,0.0,205.0,,,,,,,,,,,,,,,11.46,10.18,21.95,9.01,27.54,,,,,,,,,6.36,53.3,0.72,0.72,69.71,0.39,10.67,,,,,,,,,,112.34
2020-09-02,10760,10144.0,204.0,418.0,181.0,46,33.0,9.0,4.0,,,59.0,0.0,,,488.0,57411.0,611.0,545.0,8.0,36.0,17.0,6.0,68.03,0.9,0.91,0.84,9.43,,,,,,,,,,,,,,,,,,,,,,1.0,3.0,3.0,3.0,1.0,3.0,1.0,36.0,36.0,36.0,36.0,36.0,36.0,36.0,0.77,0.78,0.9,0.58,0.74,2174.0,1433.0,403.0,8.0,9.0,33.0,139.0,73.0,79.8,86.1,87.5,100.0,78.8,83.5,6.6,6.6,10.9,0.0,11.1,15.2,8.6,95.0,94.8,95.9,100.0,75.0,97.0,97.8,91.0,89.4,65.9,0.0,0.0,100.0,100.0,54.0,2.0,3.0,4.0,123.0,4.0,15.0,0.0,205.0,,,,,,,,,,,,,,,10.35,9.91,14.38,8.88,24.25,,,,,,,,,6.66,53.3,0.77,1.64,68.41,0.39,10.97,,,,,,,,,,109.2
2020-09-03,10796,10193.0,206.0,404.0,202.0,36,23.0,11.0,2.0,,,49.0,2.0,,,378.0,57789.0,611.0,552.0,8.0,36.0,17.0,5.0,65.17,0.92,0.96,0.8,9.52,,,,,,,,,,,,,,,,,,,,,,1.0,3.0,3.0,3.0,1.0,3.0,1.0,37.0,37.0,37.0,37.0,37.0,37.0,37.0,0.77,0.78,0.9,0.58,0.74,2174.0,1433.0,403.0,8.0,9.0,33.0,139.0,73.0,79.8,86.1,87.5,100.0,78.8,83.5,6.6,6.6,10.9,0.0,11.1,15.2,8.6,95.0,94.8,95.9,100.0,75.0,97.0,97.8,91.0,89.4,65.9,0.0,0.0,100.0,100.0,54.0,2.0,3.0,4.0,123.0,4.0,15.0,0.0,205.0,,,,,,,,,,,,,,,11.53,10.79,14.5,9.13,22.23,,,,,,,,,7.08,53.82,0.79,0.78,65.95,0.78,10.86,,,,,,,,,,105.55
2020-09-04,10832,10234.0,207.0,398.0,197.0,36,26.0,10.0,0.0,,,41.0,1.0,,,699.0,58488.0,611.0,531.0,8.0,36.0,16.0,5.0,62.3,0.91,1.0,0.67,5.15,,,,,,3355.0,59.0,98.0,161.0,6142.0,388.0,964.0,455.0,187.0,0.0,1.0,7.0,272.0,35.0,59.0,25.0,1.0,3.0,3.0,3.0,1.0,3.0,1.0,38.0,38.0,38.0,38.0,38.0,38.0,38.0,0.77,0.78,0.9,0.58,0.74,2174.0,1433.0,403.0,8.0,9.0,33.0,139.0,73.0,79.8,86.1,87.5,100.0,78.8,83.5,6.6,6.6,10.9,0.0,11.1,15.2,8.6,95.0,94.8,95.9,100.0,75.0,97.0,97.8,91.0,89.4,65.9,0.0,0.0,100.0,100.0,54.0,2.0,3.0,4.0,125.0,4.0,15.0,0.0,207.0,,,,,,,,,,,,,,,11.73,11.75,11.09,9.42,17.83,2580.8,4290.9,6190.8,5366.7,2748.6,6512.3,5541.8,3036.3,6.95,54.08,0.89,1.0,62.7,0.4,10.9,,,,,,,,,,103.98
2020-09-05,10873,10280.0,207.0,393.0,189.0,41,17.0,21.0,3.0,,,46.0,0.0,,,650.0,59138.0,711.0,550.0,9.0,36.0,16.0,7.0,62.3,0.95,1.03,0.68,6.31,,,,,,,,,,,,,,,,,,,,,,1.0,3.0,3.0,3.0,1.0,3.0,1.0,39.0,39.0,39.0,39.0,39.0,39.0,39.0,0.86,0.91,0.85,0.53,0.73,2174.0,1433.0,403.0,8.0,9.0,33.0,139.0,73.0,79.8,86.1,87.5,100.0,78.8,83.5,6.6,6.6,10.9,0.0,11.1,15.2,8.6,95.0,94.8,95.9,100.0,75.0,97.0,97.8,91.0,89.4,65.9,0.0,0.0,100.0,100.0,54.0,2.0,3.0,4.0,125.0,4.0,15.0,0.0,207.0,,,,,,,,,,,,,,,9.9,9.23,12.28,9.76,16.76,,,,,,,,,6.58,54.08,0.78,1.14,63.1,0.79,10.04,,,,,,,,,,102.67
2020-09-06,10913,10326.0,210.0,384.0,189.0,40,23.0,16.0,1.0,,,46.0,3.0,,,940.0,60078.0,711.0,550.0,9.0,36.0,17.0,4.0,61.11,0.97,1.04,0.65,4.26,,,,,,,,,,,,,,,,,,,,,,1.0,3.0,3.0,3.0,1.0,3.0,1.0,40.0,40.0,40.0,40.0,40.0,40.0,40.0,,,,,,2174.0,1433.0,403.0,8.0,9.0,33.0,139.0,73.0,79.8,86.1,87.5,100.0,78.8,83.5,6.6,6.6,10.9,0.0,11.1,15.2,8.6,95.0,94.8,95.9,100.0,75.0,97.0,97.8,91.0,89.4,65.9,0.0,0.0,100.0,100.0,54.0,2.0,3.0,4.0,125.0,4.0,15.0,0.0,207.0,,,,,,,,,,,,,,,7.82,7.27,8.58,9.85,14.93,,,,,,,,,6.43,54.86,0.84,0.98,61.11,0.0,9.93,,,,,,,,,,100.32
2020-09-07,10934,10365.0,211.0,365.0,176.0,21,6.0,15.0,0.0,,,39.0,1.0,,,920.0,60998.0,711.0,583.0,9.0,36.0,17.0,4.0,60.32,0.99,1.05,0.66,2.28,,,,,,3418.0,59.0,98.0,162.0,6208.0,394.0,971.0,457.0,177.0,0.0,1.0,5.0,236.0,32.0,54.0,20.0,1.0,3.0,3.0,3.0,1.0,3.0,1.0,41.0,41.0,41.0,41.0,41.0,41.0,41.0,,,,,,2868.0,1546.0,392.0,9.0,2.0,25.0,161.0,77.9,81.3,89.8,77.8,100.0,96.0,87.0,3.7,5.2,7.4,0.0,0.0,4.0,6.2,94.1,96.8,98.0,100.0,100.0,89.3,98.8,95.3,93.8,89.7,0.0,0.0,100.0,100.0,55.0,2.0,3.0,4.0,130.0,4.0,14.0,0.0,212.0,54.0,2.0,1.0,2.0,138.0,2.0,12.0,10.0,1.0,0.0,1.0,31.0,0.0,3.0,12.12,11.32,14.87,10.06,13.95,2629.3,4290.9,6190.8,5400.0,2778.1,6613.0,5582.1,3074.1,6.18,55.12,0.82,0.52,60.32,0.0,9.26,,,41.54,145.45,63.17,66.67,61.76,33.57,68.99,95.36
2020-09-08,10973,10413.0,211.0,356.0,155.0,38,16.0,21.0,1.0,,,48.0,0.0,,,728.0,61726.0,711.0,535.0,9.0,36.0,17.0,8.0,61.9,0.99,1.06,0.63,5.22,,,,,,,,,,,,,,,,,,,,,,1.0,3.0,3.0,3.0,1.0,3.0,1.0,42.0,42.0,42.0,42.0,42.0,42.0,42.0,,,,,,2868.0,1546.0,392.0,9.0,2.0,25.0,161.0,77.9,81.3,89.8,77.8,100.0,96.0,87.0,3.7,5.2,7.4,0.0,0.0,4.0,6.2,94.1,96.8,98.0,100.0,100.0,89.3,98.8,95.3,93.8,89.7,0.0,0.0,100.0,100.0,55.0,2.0,3.0,4.0,130.0,4.0,14.0,0.0,212.0,54.0,2.0,1.0,2.0,138.0,2.0,12.0,10.0,1.0,0.0,1.0,31.0,0.0,3.0,11.74,11.16,10.0,10.21,12.24,,,,,,,,,6.02,55.12,0.9,1.81,61.9,0.0,9.63,,,41.54,145.45,63.17,66.67,61.76,33.57,68.99,93.01
2020-09-09,11021,10441.0,211.0,376.0,168.0,48,31.0,14.0,3.0,,,28.0,0.0,,,605.0,62331.0,711.0,521.0,9.0,36.0,17.0,10.0,62.7,1.03,1.09,0.64,7.93,,,,,,,,,,,,,,,,,,,,,,1.0,3.0,3.0,3.0,1.0,3.0,1.0,43.0,43.0,43.0,43.0,43.0,43.0,43.0,,,,,,2868.0,1546.0,392.0,9.0,2.0,25.0,161.0,77.9,81.3,89.8,77.8,100.0,96.0,87.0,3.7,5.2,7.4,0.0,0.0,4.0,6.2,94.1,96.8,98.0,100.0,100.0,89.3,98.8,95.3,93.8,89.7,0.0,0.0,100.0,100.0,55.0,2.0,3.0,4.0,130.0,4.0,14.0,0.0,212.0,54.0,2.0,1.0,2.0,138.0,2.0,12.0,10.0,1.0,0.0,1.0,31.0,0.0,3.0,13.15,12.81,9.62,10.62,11.56,,,,,,,,,5.81,55.12,0.88,1.26,63.49,0.79,9.7,,,41.54,145.45,63.17,66.67,61.76,33.57,68.99,98.23
2020-09-10,11051,10487.0,213.0,358.0,161.0,30,20.0,9.0,1.0,,,46.0,2.0,,,684.0,63015.0,741.0,505.0,9.0,36.0,15.0,7.0,63.1,1.02,1.05,0.67,4.39,,,,,,,,,,,,,,,,,,,,,,1.0,3.0,3.0,3.0,1.0,3.0,1.0,44.0,44.0,44.0,44.0,44.0,44.0,44.0,,,,,,2868.0,1546.0,392.0,9.0,2.0,25.0,161.0,77.9,81.3,89.8,77.8,100.0,96.0,87.0,3.7,5.2,7.4,0.0,0.0,4.0,6.2,94.1,96.8,98.0,100.0,100.0,89.3,98.8,95.3,93.8,89.7,0.0,0.0,100.0,100.0,55.0,2.0,3.0,4.0,130.0,4.0,14.0,0.0,212.0,54.0,2.0,1.0,2.0,138.0,2.0,12.0,10.0,1.0,0.0,1.0,31.0,0.0,3.0,11.14,9.49,10.44,10.43,10.98,,,,,,,,,5.08,55.65,0.87,0.62,63.49,0.4,9.48,,,41.54,145.45,63.17,66.67,61.76,33.57,68.99,93.53
2020-09-11,11091,10520.0,213.0,365.0,168.0,40,24.0,16.0,0.0,,,33.0,0.0,,,743.0,63758.0,741.0,523.0,9.0,36.0,15.0,7.0,63.49,0.98,0.98,0.7,5.38,,,,,,3492.0,59.0,98.0,162.0,6333.0,398.0,987.0,461.0,175.0,0.0,0.0,1.0,255.0,19.0,53.0,16.0,1.0,3.0,3.0,3.0,1.0,3.0,1.0,45.0,45.0,45.0,45.0,45.0,45.0,45.0,,,,,,2868.0,1546.0,392.0,9.0,2.0,25.0,161.0,77.9,81.3,89.8,77.8,100.0,96.0,87.0,3.7,5.2,7.4,0.0,0.0,4.0,6.2,94.1,96.8,98.0,100.0,100.0,89.3,98.8,95.3,93.8,89.7,0.0,0.0,100.0,100.0,55.0,2.0,3.0,4.0,129.0,7.0,14.0,0.0,214.0,54.0,2.0,1.0,2.0,138.0,4.0,12.0,11.0,1.0,0.0,1.0,31.0,0.0,3.0,8.76,7.41,9.04,9.81,10.69,2686.2,4290.9,6190.8,5400.0,2834.0,6680.1,5674.0,3132.4,5.11,55.65,0.88,1.33,63.89,0.4,9.63,,,41.54,145.45,63.17,66.67,61.76,67.14,68.99,95.36
2020-09-12,11132,10576.0,213.0,350.0,170.0,40,25.0,15.0,0.0,,,56.0,0.0,,,778.0,64536.0,741.0,581.0,9.0,34.0,15.0,5.0,62.37,0.95,0.95,0.7,5.14,,,,,,,,,,,,,,,,,,,,,,1.0,3.0,3.0,3.0,1.0,3.0,1.0,46.0,46.0,46.0,46.0,46.0,46.0,46.0,,,,,,2868.0,1546.0,392.0,9.0,2.0,25.0,161.0,77.9,81.3,89.8,77.8,100.0,96.0,87.0,3.7,5.2,7.4,0.0,0.0,4.0,6.2,94.1,96.8,98.0,100.0,100.0,89.3,98.8,95.3,93.8,89.7,0.0,0.0,100.0,100.0,55.0,2.0,3.0,4.0,129.0,7.0,14.0,0.0,214.0,54.0,2.0,1.0,2.0,138.0,4.0,12.0,11.0,1.0,0.0,1.0,31.0,0.0,3.0,7.88,7.01,7.11,9.5,9.95,,,,,,,,,4.94,55.65,0.96,1.0,63.17,0.79,9.59,,,41.54,145.45,63.17,66.67,61.76,67.14,68.99,91.44
2020-09-13,11193,10603.0,214.0,383.0,170.0,61,26.0,29.0,6.0,,,27.0,1.0,,,970.0,65506.0,741.0,594.0,9.0,36.0,15.0,6.0,62.37,0.94,0.94,0.72,6.29,,,,,,,,,,,,,,,,,,,,,,1.0,3.0,3.0,3.0,1.0,3.0,1.0,47.0,47.0,47.0,47.0,47.0,47.0,47.0,,,,,,2868.0,1546.0,392.0,9.0,2.0,25.0,161.0,77.9,81.3,89.8,77.8,100.0,96.0,87.0,3.7,5.2,7.4,0.0,0.0,4.0,6.2,94.1,96.8,98.0,100.0,100.0,89.3,98.8,95.3,93.8,89.7,0.0,0.0,100.0,100.0,55.0,2.0,3.0,4.0,129.0,7.0,14.0,0.0,214.0,54.0,2.0,1.0,2.0,138.0,4.0,12.0,11.0,1.0,0.0,1.0,31.0,0.0,3.0,6.2,5.66,5.99,9.27,9.58,,,,,,,,,5.23,55.91,1.05,1.52,63.17,0.79,10.38,,,41.54,145.45,63.17,66.67,61.76,67.14,68.99,100.06
2020-09-14,11234,10651.0,215.0,374.0,158.0,41,24.0,10.0,7.0,,,48.0,1.0,,,715.0,66221.0,741.0,629.0,9.0,36.0,15.0,5.0,61.97,0.92,0.91,0.7,5.73,,,,,,3560.0,59.0,98.0,164.0,6437.0,398.0,993.0,472.0,183.0,0.0,0.0,3.0,271.0,9.0,32.0,23.0,1.0,3.0,3.0,3.0,1.0,3.0,1.0,48.0,48.0,48.0,48.0,48.0,48.0,48.0,0.77,0.79,0.89,0.66,0.66,2273.0,1599.0,450.0,7.0,3.0,29.0,71.0,72.8,81.7,90.2,42.9,100.0,79.3,84.5,6.4,4.3,2.9,0.0,0.0,3.4,1.4,94.4,95.6,97.8,63.6,75.0,90.6,92.2,97.9,95.6,92.3,0.0,0.0,100.0,100.0,55.0,2.0,3.0,4.0,131.0,8.0,14.0,0.0,217.0,54.0,2.0,1.0,2.0,139.0,5.0,12.0,11.0,1.0,0.0,1.0,32.0,0.0,3.0,9.86,8.72,8.1,8.9,8.61,2738.5,4290.9,6190.8,5466.7,2880.6,6680.1,5708.5,3182.3,5.73,56.17,1.2,0.67,62.77,0.79,11.12,,,41.54,145.45,63.17,66.67,62.2,83.92,68.99,97.71
2020-09-15,11271,10699.0,215.0,363.0,141.0,37,21.0,15.0,1.0,,,48.0,0.0,,,587.0,66808.0,741.0,609.0,9.0,36.0,15.0,5.0,59.59,0.93,0.9,0.75,6.3,,,,,,,,,,,,,,,,,,,,,,1.0,3.0,3.0,3.0,1.0,3.0,1.0,49.0,49.0,49.0,49.0,49.0,49.0,49.0,0.77,0.79,0.89,0.66,0.66,2273.0,1599.0,450.0,7.0,3.0,29.0,71.0,72.8,81.7,90.2,42.9,100.0,79.3,84.5,6.4,4.3,2.9,0.0,0.0,3.4,1.4,94.4,95.6,97.8,63.6,75.0,90.6,92.2,97.9,95.6,92.3,0.0,0.0,100.0,100.0,55.0,2.0,3.0,4.0,131.0,8.0,14.0,0.0,217.0,54.0,2.0,1.0,2.0,139.0,5.0,12.0,11.0,1.0,0.0,1.0,32.0,0.0,3.0,11.29,9.09,9.72,8.6,8.58,,,,,,,,,5.88,56.17,1.15,0.9,60.78,1.19,11.08,,,41.54,145.45,63.17,66.67,62.2,83.92,68.99,94.83
2020-09-16,11293,10758.0,215.0,326.0,150.0,21,16.0,3.0,2.0,,,59.0,0.0,,,476.0,67284.0,741.0,592.0,9.0,36.0,14.0,8.0,58.01,0.88,0.83,0.78,4.41,,,,,,,,,,,,,,,,,,,,,,1.0,3.0,3.0,3.0,1.0,3.0,1.0,50.0,50.0,50.0,50.0,50.0,50.0,50.0,0.77,0.79,0.89,0.66,0.66,2273.0,1599.0,450.0,7.0,3.0,29.0,71.0,72.8,81.7,90.2,42.9,100.0,79.3,84.5,6.4,4.3,2.9,0.0,0.0,3.4,1.4,94.4,95.6,97.8,63.6,75.0,90.6,92.2,97.9,95.6,92.3,0.0,0.0,100.0,100.0,55.0,2.0,3.0,4.0,131.0,8.0,14.0,0.0,217.0,54.0,2.0,1.0,2.0,139.0,5.0,12.0,11.0,1.0,0.0,1.0,32.0,0.0,3.0,8.47,7.31,8.17,7.81,8.37,,,,,,,,,5.38,56.17,1.04,0.57,58.8,0.79,10.08,,,41.54,145.45,63.17,66.67,62.2,83.92,68.99,85.17
2020-09-17,11339,10801.0,218.0,326.0,151.0,46,28.0,14.0,4.0,,,43.0,3.0,,,772.0,68056.0,748.0,611.0,9.0,36.0,13.0,7.0,56.42,0.9,0.84,0.79,5.96,,,,,,,,,,,,,,,,,,,,,,1.0,3.0,3.0,3.0,1.0,3.0,1.0,51.0,51.0,51.0,51.0,51.0,51.0,51.0,0.77,0.79,0.89,0.66,0.66,2273.0,1599.0,450.0,7.0,3.0,29.0,71.0,72.8,81.7,90.2,42.9,100.0,79.3,84.5,6.4,4.3,2.9,0.0,0.0,3.4,1.4,94.4,95.6,97.8,63.6,75.0,90.6,92.2,97.9,95.6,92.3,0.0,0.0,100.0,100.0,55.0,2.0,3.0,4.0,131.0,8.0,14.0,0.0,217.0,54.0,2.0,1.0,2.0,139.0,5.0,12.0,11.0,1.0,0.0,1.0,32.0,0.0,3.0,10.74,8.01,7.92,7.6,8.01,,,,,,,,,5.6,56.95,1.13,2.19,58.01,1.59,10.67,,,41.54,145.45,63.17,66.67,62.2,83.92,68.99,85.17
2020-09-18,11381,10846.0,218.0,323.0,159.0,42,17.0,16.0,9.0,,,45.0,0.0,,,709.0,68765.0,748.0,641.0,9.0,36.0,11.0,8.0,55.23,0.9,0.85,0.8,5.92,,,,,,3629.0,59.0,98.0,164.0,6557.0,403.0,996.0,486.0,141.0,0.0,0.0,2.0,280.0,7.0,17.0,32.0,1.0,3.0,3.0,3.0,1.0,3.0,1.0,52.0,52.0,52.0,52.0,52.0,52.0,52.0,0.77,0.79,0.89,0.66,0.66,2273.0,1599.0,450.0,7.0,3.0,29.0,71.0,72.8,81.7,90.2,42.9,100.0,79.3,84.5,6.4,4.3,2.9,0.0,0.0,3.4,1.4,94.4,95.6,97.8,63.6,75.0,90.6,92.2,97.9,95.6,92.3,0.0,0.0,100.0,100.0,56.0,2.0,3.0,4.0,132.0,8.0,15.0,0.0,220.0,55.0,2.0,1.0,2.0,140.0,5.0,13.0,11.0,1.0,0.0,1.0,32.0,0.0,3.0,7.3,6.19,6.7,7.43,7.67,2791.6,4290.9,6190.8,5466.7,2934.3,6764.0,5725.8,3237.4,5.68,56.95,1.12,0.91,56.82,1.59,10.75,,,42.31,145.45,63.17,66.67,62.65,83.92,74.73,84.38
2020-09-19,11401,10898.0,218.0,291.0,151.0,20,12.0,4.0,4.0,,,52.0,0.0,,,644.0,69409.0,748.0,666.0,9.0,36.0,11.0,7.0,53.97,0.89,0.85,0.82,3.11,,,,,,,,,,,,,,,,,,,,,,1.0,3.0,3.0,3.0,1.0,3.0,1.0,53.0,53.0,53.0,53.0,53.0,53.0,53.0,0.72,0.78,0.8,0.25,0.5,2273.0,1599.0,450.0,7.0,3.0,29.0,71.0,72.8,81.7,90.2,42.9,100.0,79.3,84.5,6.4,4.3,2.9,0.0,0.0,3.4,1.4,94.4,95.6,97.8,63.6,75.0,90.6,92.2,97.9,95.6,92.3,0.0,0.0,100.0,100.0,56.0,2.0,3.0,4.0,132.0,8.0,15.0,0.0,220.0,55.0,2.0,1.0,2.0,140.0,5.0,13.0,11.0,1.0,0.0,1.0,32.0,0.0,3.0,6.09,5.48,6.19,7.21,7.54,,,,,,,,,5.39,56.95,1.04,0.48,55.56,1.59,10.0,,,42.31,145.45,63.17,66.67,62.65,83.92,74.73,76.02
2020-09-20,11435,10952.0,219.0,269.0,140.0,34,13.0,8.0,13.0,,,54.0,1.0,,,722.0,70131.0,758.0,693.0,9.0,36.0,11.0,7.0,52.78,0.9,0.87,0.89,4.71,,,,,,,,,,,,,,,,,,,,,,1.0,3.0,3.0,3.0,1.0,3.0,1.0,54.0,54.0,54.0,54.0,54.0,54.0,54.0,0.72,0.78,0.8,0.25,0.5,2273.0,1599.0,450.0,7.0,3.0,29.0,71.0,72.8,81.7,90.2,42.9,100.0,79.3,84.5,6.4,4.3,2.9,0.0,0.0,3.4,1.4,94.4,95.6,97.8,63.6,75.0,90.6,92.2,97.9,95.6,92.3,0.0,0.0,100.0,100.0,56.0,2.0,3.0,4.0,132.0,8.0,15.0,0.0,220.0,55.0,2.0,1.0,2.0,140.0,5.0,13.0,11.0,1.0,0.0,1.0,32.0,0.0,3.0,5.63,4.89,8.31,7.1,7.87,,,,,,,,,5.16,57.21,0.87,1.7,54.37,1.59,8.99,,,42.31,145.45,63.17,66.67,62.65,83.92,74.73,70.28
2020-09-21,11469,10989.0,219.0,266.0,136.0,34,18.0,7.0,9.0,,,37.0,0.0,,,699.0,70830.0,810.0,748.0,10.0,36.0,11.0,7.0,51.98,0.93,0.91,0.99,4.86,,,,,,3660.0,59.0,98.0,164.0,6600.0,407.0,1002.0,513.0,116.0,0.0,0.0,2.0,205.0,8.0,15.0,55.0,1.0,3.0,3.0,3.0,1.0,3.0,1.0,55.0,55.0,55.0,55.0,55.0,55.0,55.0,0.74,0.78,0.85,0.56,0.71,2314.0,1287.0,262.0,4.0,1.0,96.0,83.0,75.7,79.5,89.7,75.0,0.0,92.7,83.1,3.8,4.0,2.7,0.0,0.0,1.0,6.0,85.2,94.8,96.3,36.4,100.0,93.2,98.8,97.8,94.1,100.0,0.0,0.0,0.0,100.0,56.0,2.0,3.0,4.0,133.0,8.0,16.0,0.0,222.0,55.0,2.0,2.0,2.0,140.0,5.0,13.0,11.0,1.0,0.0,1.0,31.0,0.0,3.0,10.44,9.66,12.23,7.23,8.46,2815.4,4290.9,6190.8,5466.7,2953.5,6831.2,5760.3,3266.4,5.04,57.21,0.79,1.0,53.57,1.59,8.73,,,42.31,145.45,126.34,66.67,62.65,83.92,74.73,69.49
2020-09-22,11497,11024.0,219.0,259.0,125.0,28,23.0,4.0,1.0,,,35.0,0.0,,,354.0,71184.0,810.0,695.0,10.0,36.0,11.0,7.0,51.59,0.98,0.96,1.03,7.91,,,,,,,,,,,,,,,,,,,,,,1.0,3.0,3.0,3.0,1.0,3.0,1.0,56.0,56.0,56.0,56.0,56.0,56.0,56.0,0.74,0.78,0.85,0.56,0.71,2314.0,1287.0,262.0,4.0,1.0,96.0,83.0,75.7,79.5,89.7,75.0,0.0,92.7,83.1,3.8,4.0,2.7,0.0,0.0,1.0,6.0,85.2,94.8,96.3,36.4,100.0,93.2,98.8,97.8,94.1,100.0,0.0,0.0,0.0,100.0,56.0,2.0,3.0,4.0,133.0,8.0,16.0,0.0,222.0,55.0,2.0,2.0,2.0,140.0,5.0,13.0,11.0,1.0,0.0,1.0,31.0,0.0,3.0,13.49,11.07,11.4,7.52,8.7,,,,,,,,,5.27,57.21,0.76,0.82,52.78,1.19,8.4,,,42.31,145.45,126.34,66.67,62.65,83.92,74.73,67.66
2020-09-23,11512,11046.0,219.0,252.0,128.0,15,11.0,4.0,0.0,,,22.0,0.0,,,166.0,71350.0,810.0,716.0,10.0,36.0,11.0,6.0,50.4,1.04,1.0,1.11,9.04,,,,,,,,,,,,,,,,,,,,,,1.0,3.0,3.0,3.0,1.0,3.0,1.0,57.0,57.0,57.0,57.0,57.0,57.0,57.0,0.74,0.78,0.85,0.56,0.71,2314.0,1287.0,262.0,4.0,1.0,96.0,83.0,75.7,79.5,89.7,75.0,0.0,92.7,83.1,3.8,4.0,2.7,0.0,0.0,1.0,6.0,85.2,94.8,96.3,36.4,100.0,93.2,98.8,97.8,94.1,100.0,0.0,0.0,0.0,100.0,56.0,2.0,3.0,4.0,133.0,8.0,16.0,0.0,222.0,55.0,2.0,2.0,2.0,140.0,5.0,13.0,11.0,1.0,0.0,1.0,31.0,0.0,3.0,12.14,9.07,12.28,7.77,9.29,,,,,,,,,5.93,57.21,0.81,0.54,50.79,0.4,8.17,,,42.31,145.45,126.34,66.67,62.65,83.92,74.73,65.84
2020-09-24,11531,11094.0,223.0,219.0,127.0,19,7.0,11.0,1.0,,,48.0,4.0,,,509.0,71859.0,810.0,715.0,10.0,36.0,12.0,7.0,50.79,1.05,1.03,1.15,3.73,,,,,,,,,,,,,,,,,,,,,,1.0,3.0,3.0,3.0,1.0,3.0,1.0,58.0,58.0,58.0,58.0,58.0,58.0,58.0,0.74,0.78,0.85,0.56,0.71,2314.0,1287.0,262.0,4.0,1.0,96.0,83.0,75.7,79.5,89.7,75.0,0.0,92.7,83.1,3.8,4.0,2.7,0.0,0.0,1.0,6.0,85.2,94.8,96.3,36.4,100.0,93.2,98.8,97.8,94.1,100.0,0.0,0.0,0.0,100.0,56.0,2.0,3.0,4.0,133.0,8.0,16.0,0.0,222.0,55.0,2.0,2.0,2.0,140.0,5.0,13.0,11.0,1.0,0.0,1.0,31.0,0.0,3.0,11.48,9.51,10.8,7.98,9.7,,,,,,,,,5.61,58.26,0.67,1.27,50.4,0.4,7.17,,,42.31,145.45,126.34,66.67,62.65,83.92,74.73,57.21
2020-09-25,11572,11128.0,225.0,224.0,118.0,41,21.0,11.0,9.0,,,34.0,2.0,,,915.0,72774.0,810.0,703.0,10.0,36.0,12.0,7.0,49.6,1.08,1.07,1.21,4.48,,,,,,3708.0,60.0,98.0,164.0,6702.0,410.0,1002.0,524.0,92.0,0.0,0.0,0.0,179.0,5.0,7.0,56.0,1.0,3.0,3.0,3.0,1.0,3.0,1.0,59.0,59.0,59.0,59.0,59.0,59.0,59.0,0.74,0.78,0.85,0.56,0.71,2314.0,1287.0,262.0,4.0,1.0,96.0,83.0,75.7,79.5,89.7,75.0,0.0,92.7,83.1,3.8,4.0,2.7,0.0,0.0,1.0,6.0,85.2,94.8,96.3,36.4,100.0,93.2,98.8,97.8,94.1,100.0,0.0,0.0,0.0,100.0,57.0,2.0,3.0,4.0,138.0,8.0,16.0,0.0,228.0,56.0,2.0,2.0,2.0,145.0,5.0,13.0,11.0,1.0,0.0,1.0,31.0,0.0,3.0,9.95,8.24,11.84,8.27,10.43,2852.3,4363.6,6190.8,5466.7,2999.2,6881.5,5760.3,3309.5,5.41,58.78,0.66,2.16,50.4,0.79,7.13,,,43.08,145.45,126.34,66.67,64.89,83.92,74.73,58.52
2020-09-26,11616,11151.0,225.0,245.0,113.0,44,29.0,9.0,6.0,,,23.0,0.0,,,757.0,73531.0,1010.0,777.0,11.0,36.0,9.0,8.0,48.41,1.15,1.12,1.19,5.81,,,,,,,,,,,,,,,,,,,,,,1.0,3.0,3.0,3.0,1.0,3.0,1.0,60.0,60.0,60.0,60.0,60.0,60.0,60.0,0.76,0.85,0.75,0.42,0.59,2314.0,1287.0,262.0,4.0,1.0,96.0,83.0,75.7,79.5,89.7,75.0,0.0,92.7,83.1,3.8,4.0,2.7,0.0,0.0,1.0,6.0,85.2,94.8,96.3,36.4,100.0,93.2,98.8,97.8,94.1,100.0,0.0,0.0,0.0,100.0,57.0,2.0,3.0,4.0,138.0,8.0,16.0,0.0,228.0,56.0,2.0,2.0,2.0,145.0,5.0,13.0,11.0,1.0,0.0,1.0,31.0,0.0,3.0,11.8,8.88,7.57,8.76,10.63,,,,,,,,,5.79,58.78,0.8,1.07,50.0,1.59,8.02,,,43.08,145.45,126.34,66.67,64.89,83.92,74.73,64.01
2020-09-27,11672,11189.0,226.0,262.0,114.0,56,16.0,16.0,24.0,,,38.0,1.0,,,1023.0,74554.0,926.0,895.0,10.0,36.0,7.0,8.0,47.22,1.16,1.12,1.18,5.47,,,,,,,,,,,,,,,,,,,,,,1.0,3.0,3.0,3.0,1.0,3.0,1.0,61.0,61.0,61.0,61.0,61.0,61.0,61.0,0.76,0.85,0.75,0.42,0.59,2314.0,1287.0,262.0,4.0,1.0,96.0,83.0,75.7,79.5,89.7,75.0,0.0,92.7,83.1,3.8,4.0,2.7,0.0,0.0,1.0,6.0,85.2,94.8,96.3,36.4,100.0,93.2,98.8,97.8,94.1,100.0,0.0,0.0,0.0,100.0,57.0,2.0,3.0,4.0,138.0,8.0,16.0,0.0,228.0,56.0,2.0,2.0,2.0,145.0,5.0,13.0,11.0,1.0,0.0,1.0,31.0,0.0,3.0,8.44,6.58,9.81,9.0,10.85,,,,,,,,,5.9,59.04,0.98,1.27,48.81,1.59,8.85,,,43.08,145.45,126.34,66.67,64.89,83.92,74.73,68.45
2020-09-28,11707,11217.0,227.0,268.0,113.0,35,15.0,11.0,9.0,,,28.0,1.0,,,791.0,75345.0,997.0,993.0,10.0,36.0,7.0,8.0,46.03,1.17,1.11,1.16,4.42,,,,,,3753.0,60.0,98.0,164.0,6784.0,414.0,1011.0,562.0,92.0,0.0,0.0,0.0,178.0,9.0,12.0,87.0,1.0,3.0,3.0,3.0,1.0,3.0,2.0,62.0,62.0,62.0,62.0,62.0,62.0,0.0,0.75,0.79,0.88,0.66,0.81,2772.0,1600.0,422.0,5.0,0.0,30.0,96.0,76.4,80.0,89.6,60.0,0.0,80.0,80.2,3.8,3.1,2.4,0.0,0.0,0.0,6.2,86.7,94.9,98.1,71.4,0.0,93.8,97.0,96.2,100.0,100.0,0.0,0.0,0.0,100.0,57.0,2.0,3.0,4.0,140.0,8.0,16.0,0.0,230.0,56.0,2.0,2.0,2.0,147.0,5.0,13.0,11.0,1.0,0.0,1.0,32.0,1.0,3.0,13.14,10.58,12.83,9.13,10.93,2886.9,4363.6,6190.8,5466.7,3035.8,6948.6,5812.0,3356.0,5.84,59.3,1.02,0.62,47.62,1.59,8.88,,,43.08,145.45,126.34,66.67,65.78,83.92,74.73,70.02
2020-09-29,11748,11245.0,227.0,281.0,107.0,41,22.0,14.0,5.0,,,28.0,0.0,,,1529.0,76874.0,997.0,915.0,10.0,36.0,7.0,8.0,44.84,1.18,1.1,1.14,2.68,,,,,,,,,,,,,,,,,,,,,,1.0,3.0,3.0,3.0,1.0,3.0,2.0,63.0,63.0,63.0,63.0,63.0,63.0,1.0,0.75,0.79,0.88,0.66,0.81,2772.0,1600.0,422.0,5.0,0.0,30.0,96.0,76.4,80.0,89.6,60.0,0.0,80.0,80.2,3.8,3.1,2.4,0.0,0.0,0.0,6.2,86.7,94.9,98.1,71.4,0.0,93.8,97.0,96.2,100.0,100.0,0.0,0.0,0.0,100.0,57.0,2.0,3.0,4.0,140.0,8.0,16.0,0.0,230.0,56.0,2.0,2.0,2.0,147.0,5.0,13.0,11.0,1.0,0.0,1.0,32.0,1.0,3.0,17.17,11.68,11.62,9.22,10.96,,,,,,,,,5.09,59.3,1.12,1.17,46.43,1.59,9.37,,,43.08,145.45,126.34,66.67,65.78,83.92,74.73,73.41
2020-09-30,11792,11293.0,227.0,277.0,109.0,44,20.0,13.0,11.0,,,48.0,0.0,,,479.0,77353.0,1097.0,1007.0,10.0,36.0,7.0,9.0,43.65,1.15,1.09,1.09,9.19,,,,,,,,,,,,,,,,,,,,,,1.0,3.0,3.0,3.0,1.0,3.0,2.0,64.0,64.0,64.0,64.0,64.0,64.0,2.0,0.75,0.79,0.88,0.66,0.81,2772.0,1600.0,422.0,5.0,0.0,30.0,96.0,76.4,80.0,89.6,60.0,0.0,80.0,80.2,3.8,3.1,2.4,0.0,0.0,0.0,6.2,86.7,94.9,98.1,71.4,0.0,93.8,97.0,96.2,100.0,100.0,0.0,0.0,0.0,100.0,57.0,2.0,3.0,4.0,140.0,8.0,16.0,0.0,230.0,56.0,2.0,2.0,2.0,147.0,5.0,13.0,11.0,1.0,0.0,1.0,32.0,1.0,3.0,12.72,9.7,10.44,9.31,10.7,,,,,,,,,5.11,59.3,1.28,1.07,46.03,2.38,10.45,,,43.08,145.45,126.34,66.67,65.78,83.92,74.73,72.37
2020-10-01,11842,11332.0,227.0,288.0,107.0,49,26.0,12.0,11.0,,,39.0,0.0,,,1011.0,78364.0,1097.0,1026.0,10.0,36.0,6.0,8.0,42.46,1.11,1.05,1.07,4.85,,,,,,,,,,,,,,,,,,,,,,1.0,3.0,3.0,3.0,1.0,3.0,2.0,65.0,65.0,65.0,65.0,65.0,65.0,3.0,0.75,0.79,0.88,0.66,0.81,2772.0,1600.0,422.0,5.0,0.0,30.0,96.0,76.4,80.0,89.6,60.0,0.0,80.0,80.2,3.8,3.1,2.4,0.0,0.0,0.0,6.2,86.7,94.9,98.1,71.4,0.0,93.8,97.0,96.2,100.0,100.0,0.0,0.0,0.0,100.0,57.0,2.0,3.0,4.0,140.0,8.0,16.0,0.0,230.0,56.0,2.0,2.0,2.0,147.0,5.0,13.0,11.0,1.0,0.0,1.0,32.0,1.0,3.0,10.72,8.08,10.13,9.11,10.61,,,,,,,,,5.27,59.3,1.61,1.11,44.05,1.59,11.57,,,43.08,145.45,126.34,66.67,65.78,83.92,74.73,75.24
2020-10-02,11878,11373.0,231.0,279.0,109.0,36,24.0,8.0,4.0,,,41.0,4.0,,,803.0,79167.0,1097.0,1092.0,10.0,36.0,8.0,9.0,42.86,1.06,1.03,1.01,4.48,,,,,,3824.0,60.0,98.0,164.0,6909.0,421.0,1022.0,593.0,96.0,0.0,0.0,0.0,183.0,8.0,15.0,82.0,1.0,3.0,3.0,3.0,1.0,3.0,2.0,66.0,66.0,66.0,66.0,66.0,66.0,4.0,0.75,0.79,0.88,0.66,0.81,2772.0,1600.0,422.0,5.0,0.0,30.0,96.0,76.4,80.0,89.6,60.0,0.0,80.0,80.2,3.8,3.1,2.4,0.0,0.0,0.0,6.2,86.7,94.9,98.1,71.4,0.0,93.8,97.0,96.2,100.0,100.0,0.0,0.0,0.0,100.0,57.0,2.0,3.0,4.0,143.0,8.0,17.0,0.0,234.0,56.0,2.0,2.0,2.0,151.0,5.0,13.0,11.0,1.0,0.0,1.0,32.0,1.0,3.0,8.22,7.59,7.95,9.01,10.05,2941.6,4363.6,6190.8,5466.7,3091.8,7066.1,5875.3,3420.0,5.27,60.35,1.6,0.73,43.25,0.4,11.38,,,43.08,145.45,126.34,66.67,67.57,83.92,74.73,72.89
2020-10-03,11947,11394.0,231.0,327.0,105.0,69,10.0,9.0,50.0,,,21.0,0.0,,,802.0,79969.0,1197.0,1079.0,10.0,36.0,8.0,8.0,43.25,1.0,1.0,1.0,8.6,,,,,,,,,,,,,,,,,,,,,,2.0,3.0,3.0,3.0,2.0,3.0,2.0,0.0,67.0,67.0,67.0,0.0,67.0,5.0,0.78,0.89,0.85,0.72,0.69,2772.0,1600.0,422.0,5.0,0.0,30.0,96.0,76.4,80.0,89.6,60.0,0.0,80.0,80.2,3.8,3.1,2.4,0.0,0.0,0.0,6.2,86.7,94.9,98.1,71.4,0.0,93.8,97.0,96.2,100.0,100.0,0.0,0.0,0.0,100.0,57.0,2.0,3.0,4.0,143.0,8.0,17.0,0.0,234.0,56.0,2.0,2.0,2.0,151.0,5.0,13.0,11.0,1.0,0.0,1.0,32.0,1.0,3.0,8.54,7.61,6.67,8.83,9.92,,,,,,,,,5.67,60.35,1.53,1.92,42.86,0.4,12.32,,,43.08,145.45,126.34,66.67,67.57,83.92,74.73,85.43
2020-10-04,11976,11407.0,232.0,342.0,115.0,29,17.0,6.0,6.0,,,13.0,1.0,,,692.0,80661.0,1297.0,1267.0,10.0,36.0,8.0,8.0,44.05,0.97,0.98,0.97,4.19,,,,,,,,,,,,,,,,,,,,,,2.0,3.0,3.0,3.0,2.0,3.0,2.0,1.0,68.0,68.0,68.0,1.0,68.0,6.0,0.78,0.89,0.85,0.72,0.69,2772.0,1600.0,422.0,5.0,0.0,30.0,96.0,76.4,80.0,89.6,60.0,0.0,80.0,80.2,3.8,3.1,2.4,0.0,0.0,0.0,6.2,86.7,94.9,98.1,71.4,0.0,93.8,97.0,96.2,100.0,100.0,0.0,0.0,0.0,100.0,57.0,2.0,3.0,4.0,143.0,8.0,17.0,0.0,234.0,56.0,2.0,2.0,2.0,151.0,5.0,13.0,11.0,1.0,0.0,1.0,32.0,1.0,3.0,5.84,5.31,6.86,8.65,9.5,,,,,,,,,5.49,60.61,1.28,0.42,43.25,0.79,11.31,,,43.08,145.45,126.34,66.67,67.57,83.92,74.73,89.35
2020-10-05,12005,11418.0,233.0,359.0,108.0,29,18.0,7.0,4.0,,,11.0,1.0,,,1070.0,81731.0,1297.0,1286.0,10.0,36.0,9.0,8.0,44.84,0.92,0.95,0.89,2.71,,,,,,3850.0,62.0,98.0,167.0,6974.0,427.0,1025.0,652.0,95.0,2.0,0.0,3.0,193.0,12.0,18.0,139.0,2.0,3.0,3.0,3.0,2.0,3.0,2.0,2.0,69.0,69.0,69.0,2.0,69.0,7.0,0.82,0.86,0.99,0.87,0.9,2970.0,1891.0,310.0,27.0,0.0,23.0,73.0,79.3,83.0,89.7,92.6,0.0,73.9,82.2,4.1,2.6,3.9,7.4,0.0,8.7,5.5,78.1,90.4,82.7,93.1,0.0,74.2,91.2,98.4,98.0,83.3,100.0,0.0,100.0,100.0,57.0,2.0,3.0,4.0,145.0,8.0,17.0,0.0,236.0,56.0,2.0,2.0,2.0,151.0,5.0,13.0,11.0,1.0,0.0,1.0,32.0,1.0,3.0,8.9,8.44,6.0,8.34,8.52,2961.6,4509.1,6190.8,5566.7,3120.9,7166.8,5892.5,3462.9,5.24,60.87,1.25,1.0,44.05,0.79,11.08,,,43.08,145.45,126.34,66.67,67.57,83.92,74.73,93.79
2020-10-06,12036,11444.0,233.0,364.0,111.0,31,13.0,15.0,3.0,,,26.0,0.0,,,855.0,82586.0,1311.0,1299.0,10.0,36.0,9.0,10.0,46.43,0.84,0.89,0.87,3.63,,,,,,,,,,,,,,,,,,,,,,2.0,3.0,3.0,3.0,2.0,3.0,2.0,3.0,70.0,70.0,70.0,3.0,70.0,8.0,0.82,0.86,0.99,0.87,0.9,2970.0,1891.0,310.0,27.0,0.0,23.0,73.0,79.3,83.0,89.7,92.6,0.0,73.9,82.2,4.1,2.6,3.9,7.4,0.0,8.7,5.5,78.1,90.4,82.7,93.1,0.0,74.2,91.2,98.4,98.0,83.3,100.0,0.0,100.0,100.0,57.0,2.0,3.0,4.0,145.0,8.0,17.0,0.0,236.0,56.0,2.0,2.0,2.0,151.0,5.0,13.0,11.0,1.0,0.0,1.0,32.0,1.0,3.0,9.53,7.73,8.51,7.78,8.08,,,,,,,,,5.38,60.87,1.14,1.07,45.63,0.79,10.71,,,43.08,145.45,126.34,66.67,67.57,83.92,74.73,95.1
2020-10-07,12062,11479.0,233.0,355.0,139.0,25,13.0,10.0,2.0,,,35.0,0.0,,,619.0,83205.0,1311.0,1364.0,10.0,36.0,9.0,10.0,48.02,0.91,0.92,0.83,4.04,,,,,,,,,,,,,,,,,,,,,,2.0,3.0,3.0,3.0,2.0,3.0,2.0,4.0,71.0,71.0,71.0,4.0,71.0,9.0,0.82,0.86,0.99,0.87,0.9,2970.0,1891.0,310.0,27.0,0.0,23.0,73.0,79.3,83.0,89.7,92.6,0.0,73.9,82.2,4.1,2.6,3.9,7.4,0.0,8.7,5.5,78.1,90.4,82.7,93.1,0.0,74.2,91.2,98.4,98.0,83.3,100.0,0.0,100.0,100.0,57.0,2.0,3.0,4.0,145.0,8.0,17.0,0.0,236.0,56.0,2.0,2.0,2.0,151.0,5.0,13.0,11.0,1.0,0.0,1.0,32.0,1.0,3.0,15.8,9.94,5.17,7.81,7.33,,,,,,,,,4.64,60.87,0.96,0.81,46.83,1.19,10.0,,,43.08,145.45,126.34,66.67,67.57,83.92,74.73,92.74
2020-10-08,12092,11520.0,234.0,343.0,144.0,31,21.0,6.0,4.0,,,41.0,1.0,,,1076.0,84281.0,1420.0,1511.0,10.0,36.0,9.0,9.0,48.81,1.01,0.98,0.81,2.88,,,,,,,,,,,,,,,,,,,,,,2.0,3.0,3.0,3.0,2.0,3.0,2.0,5.0,72.0,72.0,72.0,5.0,72.0,10.0,0.82,0.86,0.99,0.87,0.9,2970.0,1891.0,310.0,27.0,0.0,23.0,73.0,79.3,83.0,89.7,92.6,0.0,73.9,82.2,4.1,2.6,3.9,7.4,0.0,8.7,5.5,78.1,90.4,82.7,93.1,0.0,74.2,91.2,98.4,98.0,83.3,100.0,0.0,100.0,100.0,57.0,2.0,3.0,4.0,145.0,8.0,17.0,0.0,236.0,56.0,2.0,2.0,2.0,151.0,5.0,13.0,11.0,1.0,0.0,1.0,32.0,1.0,3.0,16.8,10.84,6.41,8.21,6.8,,,,,,,,,4.36,61.13,0.81,1.24,48.41,0.4,9.33,,,43.08,145.45,126.34,66.67,67.57,83.92,74.73,89.61
2020-10-09,12109,11547.0,235.0,333.0,142.0,18,11.0,7.0,0.0,,,27.0,1.0,,,741.0,85022.0,1420.0,1375.0,10.0,25.0,9.0,10.0,52.92,1.06,1.01,0.81,2.43,,,,,,3917.0,65.0,98.0,167.0,7089.0,427.0,1030.0,659.0,117.0,5.0,0.0,1.0,221.0,9.0,15.0,103.0,2.0,3.0,3.0,3.0,2.0,3.0,2.0,6.0,73.0,73.0,73.0,6.0,73.0,11.0,0.82,0.86,0.99,0.87,0.9,2970.0,1891.0,310.0,27.0,0.0,23.0,73.0,79.3,83.0,89.7,92.6,0.0,73.9,82.2,4.1,2.6,3.9,7.4,0.0,8.7,5.5,78.1,90.4,82.7,93.1,0.0,74.2,91.2,98.4,98.0,83.3,100.0,0.0,100.0,100.0,57.0,2.0,3.0,4.0,147.0,8.0,17.0,0.0,238.0,56.0,2.0,2.0,2.0,155.0,5.0,13.0,11.0,1.0,0.0,1.0,35.0,1.0,3.0,11.55,8.88,5.46,8.39,6.44,3013.1,4727.3,6190.8,5566.7,3172.3,7166.8,5921.2,3514.4,4.07,61.39,0.76,0.58,52.52,0.4,8.66,,,43.08,145.45,126.34,66.67,69.36,83.92,74.73,87.0
2020-10-10,12142,11572.0,235.0,341.0,138.0,33,21.0,7.0,5.0,,,25.0,0.0,,,810.0,85832.0,1420.0,1386.0,10.0,24.0,9.0,11.0,58.48,1.04,1.0,0.83,4.07,,,,,,,,,,,,,,,,,,,,,,2.0,3.0,3.0,3.0,2.0,3.0,2.0,7.0,74.0,74.0,74.0,7.0,74.0,12.0,0.77,0.86,0.84,0.57,0.68,2970.0,1891.0,310.0,27.0,0.0,23.0,73.0,79.3,83.0,89.7,92.6,0.0,73.9,82.2,4.1,2.6,3.9,7.4,0.0,8.7,5.5,78.1,90.4,82.7,93.1,0.0,74.2,91.2,98.4,98.0,83.3,100.0,0.0,100.0,100.0,57.0,2.0,3.0,4.0,147.0,8.0,17.0,0.0,238.0,56.0,2.0,2.0,2.0,155.0,5.0,13.0,11.0,1.0,0.0,1.0,35.0,1.0,3.0,8.3,6.79,5.75,8.28,6.31,,,,,,,,,3.42,61.39,0.59,1.83,58.08,0.4,7.32,,,43.08,145.45,126.34,66.67,69.36,83.92,74.73,89.09
2020-10-11,12209,11614.0,235.0,366.0,137.0,67,12.0,3.0,52.0,,,42.0,0.0,,,853.0,86685.0,1420.0,1473.0,10.0,24.0,9.0,11.0,63.63,1.04,0.99,0.84,7.85,,,,,,,,,,,,,,,,,,,,,,2.0,3.0,3.0,3.0,2.0,3.0,2.0,8.0,75.0,75.0,75.0,8.0,75.0,13.0,0.77,0.86,0.84,0.57,0.68,2970.0,1891.0,310.0,27.0,0.0,23.0,73.0,79.3,83.0,89.7,92.6,0.0,73.9,82.2,4.1,2.6,3.9,7.4,0.0,8.7,5.5,78.1,90.4,82.7,93.1,0.0,74.2,91.2,98.4,98.0,83.3,100.0,0.0,100.0,100.0,57.0,2.0,3.0,4.0,147.0,8.0,17.0,0.0,238.0,56.0,2.0,2.0,2.0,155.0,5.0,13.0,11.0,1.0,0.0,1.0,35.0,1.0,3.0,6.13,5.06,5.71,8.24,6.15,,,,,,,,,3.94,61.39,0.77,2.03,63.63,0.0,8.73,,,43.08,145.45,126.34,66.67,69.36,83.92,74.73,95.62
2020-10-12,12235,11640.0,235.0,366.0,129.0,26,13.0,13.0,0.0,,,26.0,0.0,,,1075.0,87760.0,1420.0,1286.0,10.0,24.0,9.0,11.0,68.79,1.02,0.98,0.9,2.42,,,,,,3951.0,65.0,98.0,168.0,7145.0,429.0,1034.0,716.0,102.0,4.0,0.0,2.0,225.0,10.0,13.0,135.0,2.0,3.0,3.0,3.0,2.0,3.0,2.0,9.0,76.0,76.0,76.0,9.0,76.0,14.0,0.83,0.89,1.05,0.87,0.97,2415.0,1423.0,423.0,40.0,5.0,47.0,33.0,75.7,74.6,90.5,92.5,40.0,87.2,78.8,3.7,3.7,2.1,5.0,0.0,2.1,3.0,70.9,91.4,94.2,97.6,100.0,87.0,88.9,96.6,100.0,88.9,100.0,0.0,100.0,100.0,57.0,2.0,3.0,4.0,147.0,8.0,17.0,0.0,238.0,56.0,2.0,2.0,2.0,155.0,5.0,13.0,10.0,1.0,0.0,1.0,35.0,1.0,3.0,8.08,7.65,7.23,8.13,6.32,3039.3,4727.3,6190.8,5600.0,3197.4,7200.4,5944.2,3554.6,3.9,61.39,0.78,0.39,68.79,0.0,8.62,,,43.08,145.45,126.34,66.67,69.36,83.92,74.73,95.62
2020-10-13,12271,11672.0,235.0,370.0,122.0,21,6.0,3.0,12.0,,,32.0,0.0,,,564.0,88324.0,1420.0,1318.0,10.0,24.0,9.0,10.0,72.56,0.99,0.98,0.95,3.72,,,,,,,,,,,,,,,,,,,,,,2.0,3.0,3.0,3.0,2.0,3.0,2.0,10.0,77.0,77.0,77.0,10.0,77.0,15.0,0.83,0.89,1.05,0.87,0.97,2415.0,1423.0,423.0,40.0,5.0,47.0,33.0,75.7,74.6,90.5,92.5,40.0,87.2,78.8,3.7,3.7,2.1,5.0,0.0,2.1,3.0,70.9,91.4,94.2,97.6,100.0,87.0,88.9,96.6,100.0,88.9,100.0,0.0,100.0,100.0,57.0,2.0,3.0,4.0,147.0,8.0,17.0,0.0,238.0,56.0,2.0,2.0,2.0,155.0,5.0,13.0,10.0,1.0,0.0,1.0,35.0,1.0,3.0,7.86,7.14,8.8,8.04,6.36,,,,,,,,,3.92,61.39,0.77,0.81,72.56,0.0,8.25,,,43.08,145.45,126.34,66.67,69.36,83.92,74.73,96.66
2020-10-14,12301,11733.0,235.0,339.0,112.0,30,27.0,2.0,1.0,,,61.0,0.0,,,292.0,88616.0,1422.0,1292.0,10.0,24.0,9.0,10.0,76.33,0.9,0.94,1.0,10.27,,,,,,,,,,,,,,,,,,,,,,2.0,3.0,3.0,3.0,2.0,3.0,2.0,11.0,78.0,78.0,78.0,11.0,78.0,16.0,0.83,0.89,1.05,0.87,0.97,2415.0,1423.0,423.0,40.0,5.0,47.0,33.0,75.7,74.6,90.5,92.5,40.0,87.2,78.8,3.7,3.7,2.1,5.0,0.0,2.1,3.0,70.9,91.4,94.2,97.6,100.0,87.0,88.9,96.6,100.0,88.9,100.0,0.0,100.0,100.0,57.0,2.0,3.0,4.0,147.0,8.0,17.0,0.0,238.0,56.0,2.0,2.0,2.0,155.0,5.0,13.0,10.0,1.0,0.0,1.0,35.0,1.0,3.0,8.39,7.34,6.62,7.67,6.57,,,,,,,,,4.81,61.39,0.84,1.43,76.33,0.0,8.43,,,43.08,145.45,126.34,66.67,69.36,83.92,74.73,88.56
2020-10-15,12316,11779.0,235.0,308.0,117.0,15,13.0,2.0,0.0,,,46.0,0.0,,,405.0,89021.0,1422.0,1335.0,10.0,24.0,9.0,7.0,78.71,0.82,0.9,1.02,3.7,,,,,,,,,,,,,,,,,,,,,,2.0,3.0,3.0,3.0,2.0,3.0,2.0,12.0,79.0,79.0,79.0,12.0,79.0,17.0,0.83,0.89,1.05,0.87,0.97,2415.0,1423.0,423.0,40.0,5.0,47.0,33.0,75.7,74.6,90.5,92.5,40.0,87.2,78.8,3.7,3.7,2.1,5.0,0.0,2.1,3.0,70.9,91.4,94.2,97.6,100.0,87.0,88.9,96.6,100.0,88.9,100.0,0.0,100.0,100.0,57.0,2.0,3.0,4.0,147.0,8.0,17.0,0.0,238.0,56.0,2.0,2.0,2.0,155.0,5.0,13.0,10.0,1.0,0.0,1.0,35.0,1.0,3.0,9.58,7.98,6.6,7.26,6.6,,,,,,,,,4.93,61.39,0.84,0.5,78.71,0.0,7.84,,,43.08,145.45,126.34,66.67,69.36,83.92,74.73,80.47
2020-10-16,12351,11810.0,236.0,311.0,125.0,35,21.0,12.0,2.0,,,31.0,1.0,,,858.0,89879.0,1650.0,1383.0,11.0,24.0,9.0,6.0,76.79,0.8,0.89,1.05,4.08,,,,,,4000.0,66.0,98.0,168.0,7233.0,430.0,1043.0,746.0,112.0,4.0,0.0,1.0,203.0,4.0,16.0,93.0,2.0,3.0,3.0,3.0,2.0,3.0,2.0,13.0,80.0,80.0,80.0,13.0,80.0,18.0,0.83,0.89,1.05,0.87,0.97,2415.0,1423.0,423.0,40.0,5.0,47.0,33.0,75.7,74.6,90.5,92.5,40.0,87.2,78.8,3.7,3.7,2.1,5.0,0.0,2.1,3.0,70.9,91.4,94.2,97.6,100.0,87.0,88.9,96.6,100.0,88.9,100.0,0.0,100.0,100.0,57.0,2.0,3.0,4.0,147.0,9.0,17.0,0.0,239.0,56.0,2.0,2.0,2.0,156.0,5.0,13.0,10.0,1.0,0.0,1.0,35.0,1.0,3.0,8.29,7.45,6.48,7.06,6.74,3076.9,4800.0,6190.8,5600.0,3236.8,7217.2,5996.0,3601.1,5.16,61.66,0.98,2.33,76.79,0.0,8.47,,,43.08,145.45,126.34,66.67,69.81,83.92,74.73,81.25
2020-10-17,12389,11837.0,239.0,319.0,139.0,38,18.0,13.0,7.0,,,27.0,3.0,,,957.0,90836.0,1633.0,1484.0,11.0,24.0,9.0,5.0,73.21,0.82,0.92,1.08,3.97,,,,,,,,,,,,,,,,,,,,,,2.0,3.0,3.0,3.0,2.0,3.0,2.0,14.0,81.0,81.0,81.0,14.0,81.0,19.0,0.78,0.86,0.78,0.62,0.69,2415.0,1423.0,423.0,40.0,5.0,47.0,33.0,75.7,74.6,90.5,92.5,40.0,87.2,78.8,3.7,3.7,2.1,5.0,0.0,2.1,3.0,70.9,91.4,94.2,97.6,100.0,87.0,88.9,96.6,100.0,88.9,100.0,0.0,100.0,100.0,57.0,2.0,3.0,4.0,147.0,9.0,17.0,0.0,239.0,56.0,2.0,2.0,2.0,156.0,5.0,13.0,10.0,1.0,0.0,1.0,35.0,1.0,3.0,7.49,7.29,7.03,7.13,6.93,,,,,,,,,5.15,62.44,1.18,1.09,73.21,0.0,8.66,,,43.08,145.45,126.34,66.67,69.81,83.92,74.73,83.34
2020-10-18,12409,11871.0,239.0,305.0,136.0,19,12.0,6.0,1.0,,,34.0,0.0,,,638.0,91474.0,1633.0,1600.0,11.0,24.0,9.0,5.0,69.64,0.86,0.96,1.07,2.98,,,,,,,,,,,,,,,,,,,,,,2.0,3.0,3.0,3.0,2.0,3.0,2.0,15.0,82.0,82.0,82.0,15.0,82.0,20.0,0.78,0.86,0.78,0.62,0.69,2415.0,1423.0,423.0,40.0,5.0,47.0,33.0,75.7,74.6,90.5,92.5,40.0,87.2,78.8,3.7,3.7,2.1,5.0,0.0,2.1,3.0,70.9,91.4,94.2,97.6,100.0,87.0,88.9,96.6,100.0,88.9,100.0,0.0,100.0,100.0,57.0,2.0,3.0,4.0,147.0,9.0,17.0,0.0,239.0,56.0,2.0,2.0,2.0,156.0,5.0,13.0,10.0,1.0,0.0,1.0,35.0,1.0,3.0,6.15,6.11,5.12,7.28,6.84,,,,,,,,,4.45,62.44,0.79,0.5,69.64,0.0,6.87,,,43.08,145.45,126.34,66.67,69.81,83.92,74.73,79.68
2020-10-19,12445,11889.0,239.0,323.0,130.0,36,18.0,8.0,10.0,,,18.0,0.0,,,811.0,92285.0,1633.0,1458.0,11.0,24.0,9.0,6.0,66.67,0.93,1.03,1.07,4.44,,,,,,4041.0,66.0,98.0,168.0,7303.0,430.0,1048.0,764.0,118.0,3.0,0.0,0.0,205.0,2.0,17.0,106.0,2.0,3.0,3.0,3.0,2.0,3.0,2.0,16.0,83.0,83.0,83.0,16.0,83.0,21.0,0.82,0.88,1.01,0.97,0.97,2375.0,1287.0,249.0,15.0,3.0,32.0,46.0,70.9,69.3,87.1,86.7,100.0,71.9,67.4,3.9,4.8,4.4,6.7,0.0,0.0,2.2,77.0,93.2,96.5,100.0,100.0,91.4,97.9,98.9,96.8,100.0,100.0,0.0,0.0,100.0,57.0,2.0,3.0,4.0,149.0,9.0,18.0,0.0,242.0,56.0,2.0,2.0,2.0,159.0,5.0,13.0,10.0,1.0,0.0,1.0,35.0,1.0,3.0,10.8,10.69,7.45,7.71,6.87,3108.5,4800.0,6190.8,5600.0,3268.1,7217.2,6024.7,3636.1,4.74,62.44,0.84,1.89,66.67,0.0,7.24,,,43.08,145.45,126.34,66.67,71.15,83.92,74.73,84.38
2020-10-20,12468,11910.0,239.0,324.0,126.0,23,5.0,14.0,4.0,,,21.0,0.0,,,1104.0,93389.0,1653.0,1464.0,11.0,24.0,9.0,6.0,64.29,0.99,1.09,1.04,2.08,,,,,,,,,,,,,,,,,,,,,,2.0,3.0,3.0,3.0,2.0,3.0,2.0,17.0,84.0,84.0,84.0,17.0,84.0,22.0,0.82,0.88,1.01,0.97,0.97,2375.0,1287.0,249.0,15.0,3.0,32.0,46.0,70.9,69.3,87.1,86.7,100.0,71.9,67.4,3.9,4.8,4.4,6.7,0.0,0.0,2.2,77.0,93.2,96.5,100.0,100.0,91.4,97.9,98.9,96.8,100.0,100.0,0.0,0.0,100.0,57.0,2.0,3.0,4.0,149.0,9.0,18.0,0.0,242.0,56.0,2.0,2.0,2.0,159.0,5.0,13.0,10.0,1.0,0.0,1.0,35.0,1.0,3.0,10.91,10.74,7.63,8.23,6.7,,,,,,,,,4.5,62.44,0.89,0.64,64.29,0.0,7.32,,,43.08,145.45,126.34,66.67,71.15,83.92,74.73,84.65
2020-10-21,12511,11937.0,239.0,340.0,125.0,43,31.0,12.0,0.0,,,27.0,0.0,,,907.0,94296.0,1678.0,1426.0,11.0,24.0,9.0,7.0,62.5,1.03,1.14,1.04,4.74,,,,,,,,,,,,,,,,,,,,,,2.0,3.0,3.0,3.0,2.0,3.0,2.0,18.0,85.0,85.0,85.0,18.0,85.0,23.0,0.82,0.88,1.01,0.97,0.97,2375.0,1287.0,249.0,15.0,3.0,32.0,46.0,70.9,69.3,87.1,86.7,100.0,71.9,67.4,3.9,4.8,4.4,6.7,0.0,0.0,2.2,77.0,93.2,96.5,100.0,100.0,91.4,97.9,98.9,96.8,100.0,100.0,0.0,0.0,100.0,57.0,2.0,3.0,4.0,149.0,9.0,18.0,0.0,242.0,56.0,2.0,2.0,2.0,159.0,5.0,13.0,10.0,1.0,0.0,1.0,35.0,1.0,3.0,10.29,10.86,6.07,8.73,6.63,,,,,,,,,3.71,62.44,0.92,1.87,62.5,0.0,7.8,,,43.08,145.45,126.34,66.67,71.15,83.92,74.73,88.83
2020-10-22,12542,11987.0,240.0,320.0,132.0,31,21.0,6.0,4.0,,,50.0,1.0,,,648.0,94944.0,1678.0,1559.0,11.0,24.0,9.0,11.0,64.88,1.05,1.16,1.06,4.78,,,,,,,,,,,,,,,,,,,,,,2.0,3.0,3.0,3.0,2.0,3.0,2.0,19.0,86.0,86.0,86.0,19.0,86.0,24.0,0.82,0.88,1.01,0.97,0.97,2375.0,1287.0,249.0,15.0,3.0,32.0,46.0,70.9,69.3,87.1,86.7,100.0,71.9,67.4,3.9,4.8,4.4,6.7,0.0,0.0,2.2,77.0,93.2,96.5,100.0,100.0,91.4,97.9,98.9,96.8,100.0,100.0,0.0,0.0,100.0,57.0,2.0,3.0,4.0,149.0,9.0,18.0,0.0,242.0,56.0,2.0,2.0,2.0,159.0,5.0,13.0,10.0,1.0,0.0,1.0,35.0,1.0,3.0,11.32,10.69,7.76,9.12,6.79,,,,,,,,,3.87,62.7,1.07,0.72,64.88,0.0,8.4,,,43.08,145.45,126.34,66.67,71.15,83.92,74.73,83.6
2020-10-23,12580,12049.0,240.0,296.0,141.0,38,22.0,15.0,1.0,,,62.0,0.0,,,972.0,95916.0,1678.0,1632.0,11.0,24.0,9.0,11.0,67.86,1.04,1.15,1.08,3.91,,,,,,,,,,,,,,,,,,,,,,2.0,3.0,3.0,3.0,2.0,3.0,2.0,20.0,87.0,87.0,87.0,20.0,87.0,25.0,0.82,0.88,1.01,0.97,0.97,2375.0,1287.0,249.0,15.0,3.0,32.0,46.0,70.9,69.3,87.1,86.7,100.0,71.9,67.4,3.9,4.8,4.4,6.7,0.0,0.0,2.2,77.0,93.2,96.5,100.0,100.0,91.4,97.9,98.9,96.8,100.0,100.0,0.0,0.0,100.0,57.0,2.0,3.0,4.0,149.0,9.0,18.0,0.0,242.0,56.0,2.0,2.0,2.0,159.0,5.0,13.0,10.0,1.0,0.0,1.0,35.0,1.0,3.0,8.34,8.58,6.93,9.28,6.86,,,,,,,,,3.84,62.7,1.0,1.23,67.86,0.0,8.51,,,43.08,145.45,126.34,66.67,71.15,83.92,74.73,77.33
2020-10-24,12611,12142.0,241.0,233.0,115.0,28,14.0,12.0,2.0,,,93.0,1.0,,,932.0,96848.0,1918.0,1748.0,11.0,24.0,9.0,10.0,71.43,1.09,1.18,1.07,3.0,,,,,,4126.0,67.0,98.0,169.0,7436.0,431.0,1059.0,778.0,110.0,1.0,0.0,1.0,184.0,1.0,15.0,34.0,2.0,3.0,3.0,3.0,2.0,3.0,2.0,21.0,88.0,88.0,88.0,21.0,88.0,26.0,0.83,0.95,0.79,0.45,0.78,2375.0,1287.0,249.0,15.0,3.0,32.0,46.0,70.9,69.3,87.1,86.7,100.0,71.9,67.4,3.9,4.8,4.4,6.7,0.0,0.0,2.2,77.0,93.2,96.5,100.0,100.0,91.4,97.9,98.9,96.8,100.0,100.0,0.0,0.0,100.0,58.0,2.0,3.0,4.0,150.0,9.0,18.0,0.0,244.0,57.0,2.0,2.0,2.0,160.0,5.0,13.0,11.0,1.0,0.0,1.0,35.0,1.0,3.0,11.01,11.29,6.45,9.85,6.77,3173.9,4872.7,6190.8,5633.3,3327.6,7234.0,6088.0,3700.4,3.71,62.96,0.94,0.74,70.83,0.6,8.14,,,43.85,145.45,126.34,66.67,71.6,83.92,74.73,60.87
2020-10-25,12643,12172.0,242.0,234.0,119.0,31,14.0,17.0,0.0,,,30.0,1.0,,,1046.0,97894.0,1918.0,1778.0,11.0,24.0,10.0,9.0,74.4,1.08,1.16,1.06,2.96,,,,,,,,,,,,,,,,,,,,,,2.0,3.0,3.0,3.0,2.0,3.0,2.0,22.0,89.0,89.0,89.0,22.0,89.0,27.0,0.83,0.95,0.79,0.45,0.78,2375.0,1287.0,249.0,15.0,3.0,32.0,46.0,70.9,69.3,87.1,86.7,100.0,71.9,67.4,3.9,4.8,4.4,6.7,0.0,0.0,2.2,77.0,93.2,96.5,100.0,100.0,91.4,97.9,98.9,96.8,100.0,100.0,0.0,0.0,100.0,58.0,2.0,3.0,4.0,150.0,9.0,18.0,0.0,244.0,57.0,2.0,2.0,2.0,160.0,5.0,13.0,11.0,1.0,0.0,1.0,35.0,1.0,3.0,6.28,7.24,4.95,10.02,6.75,,,,,,,,,3.7,63.22,1.25,1.11,73.81,0.6,8.58,,,43.85,145.45,126.34,66.67,71.6,83.92,74.73,61.13
2020-10-26,12688,12204.0,242.0,247.0,110.0,39,18.0,17.0,4.0,,,32.0,0.0,,,1044.0,98938.0,1918.0,1887.0,11.0,24.0,10.0,10.0,77.38,1.1,1.18,1.15,3.74,,,,,,4158.0,67.0,98.0,170.0,7488.0,432.0,1064.0,789.0,110.0,0.0,0.0,2.0,191.0,2.0,15.0,36.0,2.0,3.0,3.0,3.0,2.0,3.0,2.0,23.0,90.0,90.0,90.0,23.0,90.0,28.0,0.83,0.89,1.02,0.93,0.99,2691.0,1907.0,303.0,14.0,0.0,32.0,50.0,73.6,78.7,89.1,85.7,0.0,71.9,88.0,3.8,3.6,2.6,7.1,0.0,3.1,6.0,71.2,96.1,95.6,93.3,0.0,77.5,90.9,98.0,95.7,100.0,100.0,0.0,100.0,100.0,58.0,2.0,3.0,4.0,151.0,9.0,18.0,0.0,245.0,57.0,2.0,2.0,2.0,161.0,5.0,13.0,11.0,1.0,0.0,1.0,35.0,1.0,3.0,13.62,14.0,11.28,10.49,7.29,3198.5,4872.7,6190.8,5666.7,3350.9,7250.8,6116.7,3727.0,3.6,63.22,1.2,1.26,76.79,0.6,8.7,,,43.85,145.45,126.34,66.67,72.05,83.92,74.73,64.53
2020-10-27,12727,12235.0,242.0,255.0,101.0,39,5.0,13.0,21.0,,,31.0,0.0,,,796.0,99734.0,1918.0,1716.0,11.0,24.0,10.0,10.0,80.36,1.07,1.14,1.16,4.9,,,,,,,,,,,,,,,,,,,,,,2.0,3.0,3.0,3.0,2.0,3.0,2.0,24.0,91.0,91.0,91.0,24.0,91.0,29.0,0.83,0.89,1.02,0.93,0.99,2691.0,1907.0,303.0,14.0,0.0,32.0,50.0,73.6,78.7,89.1,85.7,0.0,71.9,88.0,3.8,3.6,2.6,7.1,0.0,3.1,6.0,71.2,96.1,95.6,93.3,0.0,77.5,90.9,98.0,95.7,100.0,100.0,0.0,100.0,100.0,58.0,2.0,3.0,4.0,151.0,9.0,18.0,0.0,245.0,57.0,2.0,2.0,2.0,161.0,5.0,13.0,11.0,1.0,0.0,1.0,35.0,1.0,3.0,9.89,11.0,8.58,10.52,7.43,,,,,,,,,4.01,63.22,1.27,1.0,79.76,0.6,9.29,,,43.85,145.45,126.34,66.67,72.05,83.92,74.73,66.62
2020-10-28,12761,12270.0,242.0,254.0,105.0,34,10.0,24.0,0.0,,,35.0,0.0,,,714.0,100448.0,1918.0,1808.0,11.0,24.0,10.0,10.0,82.14,1.09,1.13,1.34,4.76,,,,,,,,,,,,,,,,,,,,,,2.0,3.0,3.0,3.0,2.0,3.0,2.0,25.0,92.0,92.0,92.0,25.0,92.0,30.0,0.83,0.89,1.02,0.93,0.99,2691.0,1907.0,303.0,14.0,0.0,32.0,50.0,73.6,78.7,89.1,85.7,0.0,71.9,88.0,3.8,3.6,2.6,7.1,0.0,3.1,6.0,71.2,96.1,95.6,93.3,0.0,77.5,90.9,98.0,95.7,100.0,100.0,0.0,100.0,100.0,58.0,2.0,3.0,4.0,151.0,9.0,18.0,0.0,245.0,57.0,2.0,2.0,2.0,161.0,5.0,13.0,11.0,1.0,0.0,1.0,35.0,1.0,3.0,12.7,11.85,16.0,10.67,8.85,,,,,,,,,4.01,63.22,1.15,0.87,82.14,0.0,8.96,,,43.85,145.45,126.34,66.67,72.05,83.92,74.73,66.36
2020-10-29,12806,12300.0,243.0,268.0,102.0,27,11.0,13.0,3.0,,,30.0,1.0,,,694.0,101142.0,2044.0,1898.0,11.0,24.0,9.0,10.0,81.55,1.03,1.07,1.33,3.89,,,,,,,,,,,,,,,,,,,,,,2.0,3.0,3.0,3.0,2.0,3.0,2.0,26.0,93.0,93.0,93.0,26.0,93.0,31.0,0.83,0.89,1.02,0.93,0.99,2691.0,1907.0,303.0,14.0,0.0,32.0,50.0,73.6,78.7,89.1,85.7,0.0,71.9,88.0,3.8,3.6,2.6,7.1,0.0,3.1,6.0,71.2,96.1,95.6,93.3,0.0,77.5,90.9,98.0,95.7,100.0,100.0,0.0,100.0,100.0,58.0,2.0,3.0,4.0,151.0,9.0,18.0,0.0,245.0,57.0,2.0,2.0,2.0,161.0,5.0,13.0,11.0,1.0,0.0,1.0,35.0,1.0,3.0,8.65,8.37,10.18,10.33,9.19,,,,,,,,,3.88,63.48,1.05,0.79,81.55,0.0,8.81,,,43.85,145.45,126.34,66.67,72.05,83.92,74.73,70.02
2020-10-30,12852,12318.0,243.0,296.0,99.0,46,27.0,16.0,3.0,,,18.0,0.0,,,946.0,102088.0,2044.0,1828.0,11.0,24.0,9.0,9.0,80.36,1.02,1.03,1.41,4.86,,,,,,4193.0,67.0,98.0,170.0,7605.0,433.0,1067.0,834.0,94.0,0.0,0.0,1.0,213.0,2.0,12.0,66.0,2.0,3.0,3.0,3.0,2.0,3.0,2.0,27.0,94.0,94.0,94.0,27.0,94.0,32.0,0.83,0.89,1.02,0.93,0.99,2691.0,1907.0,303.0,14.0,0.0,32.0,50.0,73.6,78.7,89.1,85.7,0.0,71.9,88.0,3.8,3.6,2.6,7.1,0.0,3.1,6.0,71.2,96.1,95.6,93.3,0.0,77.5,90.9,98.0,95.7,100.0,100.0,0.0,100.0,100.0,58.0,2.0,3.0,4.0,152.0,9.0,18.0,0.0,246.0,57.0,2.0,2.0,2.0,162.0,5.0,13.0,12.0,1.0,0.0,1.0,35.0,1.0,3.0,8.16,7.42,15.03,10.17,10.35,3225.4,4872.7,6190.8,5666.7,3403.2,7267.5,6133.9,3779.5,4.02,63.48,1.07,1.7,80.36,0.0,9.11,,,43.85,145.45,126.34,66.67,72.5,83.92,74.73,77.33
2020-10-31,12907,12347.0,244.0,318.0,91.0,56,17.0,36.0,3.0,,,29.0,1.0,,,1752.0,103840.0,2143.0,1814.0,12.0,24.0,9.0,9.0,78.57,0.95,0.95,1.44,3.2,,,,,,,,,,,,,,,,,,,,,,2.0,3.0,3.0,3.0,2.0,3.0,2.0,28.0,95.0,95.0,95.0,28.0,95.0,33.0,0.81,0.88,0.94,0.85,0.77,2691.0,1907.0,303.0,14.0,0.0,32.0,50.0,73.6,78.7,89.1,85.7,0.0,71.9,88.0,3.8,3.6,2.6,7.1,0.0,3.1,6.0,71.2,96.1,95.6,93.3,0.0,77.5,90.9,98.0,95.7,100.0,100.0,0.0,100.0,100.0,58.0,2.0,3.0,4.0,152.0,9.0,18.0,0.0,246.0,57.0,2.0,2.0,2.0,162.0,5.0,13.0,12.0,1.0,0.0,1.0,35.0,1.0,3.0,6.68,5.82,13.15,9.39,11.31,,,,,,,,,4.04,63.75,1.25,1.22,79.76,1.19,10.15,,,43.85,145.45,126.34,66.67,72.5,83.92,74.73,83.08
2020-11-01,12938,12393.0,244.0,303.0,73.0,27,19.0,8.0,0.0,,,46.0,0.0,,,906.0,104746.0,2282.0,1841.0,13.0,24.0,8.0,7.0,76.19,0.96,0.93,1.51,2.98,,,,,,,,,,,,,,,,,,,,,,2.0,3.0,3.0,3.0,2.0,3.0,2.0,29.0,96.0,96.0,96.0,29.0,96.0,34.0,0.81,0.88,0.94,0.85,0.77,2691.0,1907.0,303.0,14.0,0.0,32.0,50.0,73.6,78.7,89.1,85.7,0.0,71.9,88.0,3.8,3.6,2.6,7.1,0.0,3.1,6.0,71.2,96.1,95.6,93.3,0.0,77.5,90.9,98.0,95.7,100.0,100.0,0.0,100.0,100.0,58.0,2.0,3.0,4.0,152.0,9.0,18.0,0.0,246.0,57.0,2.0,2.0,2.0,162.0,5.0,13.0,12.0,1.0,0.0,1.0,35.0,1.0,3.0,5.92,5.56,15.2,9.15,12.77,,,,,,,,,4.05,63.75,1.17,0.48,77.38,1.19,10.0,,,43.85,145.45,126.34,66.67,72.5,83.92,74.73,79.16
2020-11-02,12973,12422.0,245.0,308.0,70.0,32,14.0,16.0,2.0,,,29.0,1.0,,,1263.0,106009.0,2282.0,1775.0,13.0,24.0,8.0,7.0,73.21,0.97,0.91,1.6,2.53,,,,,,4232.0,67.0,101.0,172.0,7683.0,437.0,1071.0,845.0,79.0,0.0,3.0,2.0,210.0,5.0,11.0,63.0,2.0,3.0,3.0,3.0,2.0,3.0,2.0,30.0,97.0,97.0,97.0,30.0,97.0,35.0,0.86,0.89,1.08,1.11,1.07,2857.0,1570.0,188.0,13.0,2.0,34.0,52.0,75.4,77.3,77.7,100.0,50.0,82.4,86.5,3.8,4.1,3.2,0.0,0.0,5.9,5.8,66.7,95.9,92.2,92.9,16.7,10.9,89.7,98.2,100.0,83.3,0.0,0.0,100.0,100.0,61.0,2.0,3.0,4.0,154.0,9.0,18.0,0.0,251.0,57.0,2.0,2.0,2.0,164.0,5.0,13.0,12.0,1.0,0.0,1.0,35.0,1.0,3.0,13.72,11.77,24.5,8.83,14.66,3255.4,4872.7,6380.3,5733.3,3438.2,7334.7,6156.9,3816.4,3.87,64.01,1.12,1.19,74.4,1.19,9.74,,,43.85,145.45,126.34,66.67,73.39,83.92,74.73,80.47
2020-11-03,12983,12462.0,245.0,278.0,64.0,7,6.0,1.0,0.0,,,40.0,0.0,,,434.0,106443.0,1941.0,1877.0,13.0,24.0,8.0,7.0,70.24,1.01,0.91,1.81,1.61,,,,,,,,,,,,,,,,,,,,,,2.0,3.0,3.0,3.0,2.0,3.0,2.0,31.0,98.0,98.0,98.0,31.0,98.0,36.0,0.86,0.89,1.08,1.11,1.07,2857.0,1570.0,188.0,13.0,2.0,34.0,52.0,75.4,77.3,77.7,100.0,50.0,82.4,86.5,3.8,4.1,3.2,0.0,0.0,5.9,5.8,66.7,95.9,92.2,92.9,16.7,10.9,89.7,98.2,100.0,83.3,0.0,0.0,100.0,100.0,61.0,2.0,3.0,4.0,154.0,9.0,18.0,0.0,251.0,57.0,2.0,2.0,2.0,164.0,5.0,13.0,12.0,1.0,0.0,1.0,35.0,1.0,3.0,12.59,9.73,34.27,8.65,18.33,,,,,,,,,3.41,64.01,0.92,0.22,71.43,1.19,8.55,,,43.85,145.45,126.34,66.67,73.39,83.92,74.73,72.63
2020-11-04,13009,12490.0,245.0,276.0,66.0,25,16.0,9.0,0.0,,,28.0,0.0,,,439.0,106882.0,2058.0,1985.0,14.0,24.0,8.0,8.0,68.45,0.99,0.9,1.71,5.69,,,,,,,,,,,,,,,,,,,,,,2.0,3.0,3.0,3.0,2.0,3.0,2.0,32.0,99.0,99.0,99.0,32.0,99.0,37.0,0.86,0.89,1.08,1.11,1.07,2857.0,1570.0,188.0,13.0,2.0,34.0,52.0,75.4,77.3,77.7,100.0,50.0,82.4,86.5,3.8,4.1,3.2,0.0,0.0,5.9,5.8,66.7,95.9,92.2,92.9,16.7,10.9,89.7,98.2,100.0,83.3,0.0,0.0,100.0,100.0,61.0,2.0,3.0,4.0,154.0,9.0,18.0,0.0,251.0,57.0,2.0,2.0,2.0,164.0,5.0,13.0,12.0,1.0,0.0,1.0,35.0,1.0,3.0,10.96,9.66,25.49,8.33,19.69,,,,,,,,,3.54,64.01,0.92,3.57,69.05,0.6,8.21,,,43.85,145.45,126.34,66.67,73.39,83.92,74.73,72.11
2020-11-05,13046,12555.0,245.0,248.0,64.0,37,18.0,15.0,4.0,,,65.0,0.0,,,898.0,107780.0,2138.0,1994.0,14.0,24.0,8.0,9.0,67.26,1.05,0.94,1.94,4.12,,,,,,,,,,,,,,,,,,,,,,2.0,3.0,3.0,3.0,2.0,3.0,3.0,33.0,100.0,100.0,100.0,33.0,100.0,0.0,0.86,0.89,1.08,1.11,1.07,2857.0,1570.0,188.0,13.0,2.0,34.0,52.0,75.4,77.3,77.7,100.0,50.0,82.4,86.5,3.8,4.1,3.2,0.0,0.0,5.9,5.8,66.7,95.9,92.2,92.9,16.7,10.9,89.7,98.2,100.0,83.3,0.0,0.0,100.0,100.0,61.0,2.0,3.0,4.0,154.0,9.0,18.0,0.0,251.0,57.0,2.0,2.0,2.0,164.0,5.0,13.0,12.0,1.0,0.0,1.0,35.0,1.0,3.0,12.48,9.66,50.27,8.52,25.41,,,,,,,,,3.57,64.01,0.97,1.48,67.86,0.6,8.58,,,43.85,145.45,126.34,66.67,73.39,83.92,74.73,64.79
2020-11-06,13101,12583.0,245.0,275.0,61.0,54,8.0,42.0,4.0,,,28.0,0.0,,,1083.0,108863.0,2116.0,1371.0,14.0,24.0,8.0,5.0,66.67,1.08,0.98,1.73,4.99,,,,,,4271.0,68.0,101.0,173.0,7776.0,439.0,1080.0,859.0,79.0,1.0,3.0,1.0,199.0,6.0,14.0,30.0,2.0,3.0,3.0,3.0,2.0,3.0,3.0,34.0,101.0,101.0,101.0,34.0,101.0,1.0,0.86,0.89,1.08,1.11,1.07,2857.0,1570.0,188.0,13.0,2.0,34.0,52.0,75.4,77.3,77.7,100.0,50.0,82.4,86.5,3.8,4.1,3.2,0.0,0.0,5.9,5.8,66.7,95.9,92.2,92.9,16.7,10.9,89.7,98.2,100.0,83.3,0.0,0.0,100.0,100.0,61.0,2.0,3.0,4.0,154.0,9.0,18.0,0.0,251.0,57.0,2.0,2.0,2.0,164.0,5.0,13.0,11.0,1.0,0.0,1.0,35.0,1.0,3.0,10.82,9.18,21.66,8.77,26.36,3285.4,4945.5,6380.3,5766.7,3479.8,7368.2,6208.7,3857.9,3.59,64.01,0.98,1.46,64.88,1.79,8.88,,,43.85,145.45,126.34,66.67,73.39,83.92,74.73,71.84
2020-11-07,13157,12625.0,245.0,289.0,69.0,35,13.0,21.0,1.0,,,42.0,0.0,,,938.0,109801.0,2107.0,1249.0,14.0,24.0,12.0,5.0,66.67,1.08,1.0,1.63,3.73,,,,,,,,,,,,,,,,,,,,,,2.0,3.0,3.0,3.0,2.0,3.0,3.0,35.0,102.0,102.0,102.0,35.0,102.0,2.0,0.81,0.89,0.92,0.92,0.75,2857.0,1570.0,188.0,13.0,2.0,34.0,52.0,75.4,77.3,77.7,100.0,50.0,82.4,86.5,3.8,4.1,3.2,0.0,0.0,5.9,5.8,66.7,95.9,92.2,92.9,16.7,10.9,89.7,98.2,100.0,83.3,0.0,0.0,100.0,100.0,61.0,2.0,3.0,4.0,154.0,9.0,18.0,0.0,251.0,57.0,2.0,2.0,2.0,164.0,5.0,13.0,11.0,1.0,0.0,1.0,35.0,1.0,3.0,7.86,7.05,26.92,8.94,28.33,,,,,,,,,3.67,64.01,0.8,0.65,64.29,2.38,8.1,,,43.85,145.45,126.34,66.67,73.39,83.92,74.73,75.5
2020-11-08,13204,12654.0,245.0,307.0,83.0,43,14.0,29.0,0.0,,,29.0,0.0,,,1082.0,110883.0,2107.0,1163.0,14.0,24.0,12.0,6.0,68.45,1.07,1.01,1.49,3.97,,,,,,,,,,,,,,,,,,,,,,2.0,3.0,3.0,3.0,2.0,3.0,3.0,36.0,103.0,103.0,103.0,36.0,103.0,3.0,0.81,0.89,0.92,0.92,0.75,2857.0,1570.0,188.0,13.0,2.0,34.0,52.0,75.4,77.3,77.7,100.0,50.0,82.4,86.5,3.8,4.1,3.2,0.0,0.0,5.9,5.8,66.7,95.9,92.2,92.9,16.7,10.9,89.7,98.2,100.0,83.3,0.0,0.0,100.0,100.0,61.0,2.0,3.0,4.0,154.0,9.0,18.0,0.0,251.0,57.0,2.0,2.0,2.0,164.0,5.0,13.0,11.0,1.0,0.0,1.0,35.0,1.0,3.0,6.41,5.64,20.52,8.96,29.09,,,,,,,,,3.81,64.01,0.87,1.23,66.07,2.38,8.7,,,43.85,145.45,126.34,66.67,73.39,83.92,74.73,80.2
2020-11-09,13249,12707.0,245.0,299.0,78.0,43,13.0,29.0,1.0,,,53.0,0.0,,,1335.0,112218.0,1977.0,1598.0,13.0,24.0,12.0,6.0,70.24,1.07,0.99,1.54,3.22,,,,,,4311.0,70.0,102.0,183.0,7853.0,451.0,1099.0,890.0,80.0,3.0,1.0,10.0,192.0,14.0,28.0,49.0,2.0,3.0,3.0,3.0,2.0,3.0,3.0,37.0,104.0,104.0,104.0,37.0,104.0,4.0,0.84,0.89,1.07,1.21,1.04,2906.0,1561.0,302.0,24.0,1.0,33.0,110.0,78.0,80.4,82.8,95.8,100.0,75.8,82.7,3.6,3.8,9.6,12.5,0.0,9.1,10.0,79.4,96.1,96.2,82.8,5.3,8.5,96.5,95.3,98.3,93.1,100.0,0.0,100.0,100.0,61.0,2.0,3.0,4.0,154.0,9.0,18.0,0.0,251.0,57.0,2.0,2.0,2.0,164.0,5.0,13.0,11.0,1.0,0.0,1.0,37.0,1.0,3.0,14.7,10.55,50.49,8.78,32.8,3316.2,5090.9,6443.5,6100.0,3514.2,7569.7,6317.9,3908.1,3.91,64.01,0.93,1.0,67.86,2.38,9.11,,,43.85,145.45,126.34,66.67,73.39,83.92,74.73,78.11
2020-11-10,13240,12717.0,245.0,280.0,80.0,47,13.0,33.0,1.0,,,10.0,0.0,,,1070.0,113288.0,2077.0,1652.0,13.0,24.0,12.0,8.0,73.21,1.01,0.97,1.29,4.39,,,,,,,,,,,,,,,,,,,,,,2.0,3.0,3.0,3.0,2.0,3.0,3.0,38.0,105.0,105.0,105.0,38.0,105.0,5.0,0.84,0.89,1.07,1.21,1.04,2906.0,1561.0,302.0,24.0,1.0,33.0,110.0,78.0,80.4,82.8,95.8,100.0,75.8,82.7,3.6,3.8,9.6,12.5,0.0,9.1,10.0,79.4,96.1,96.2,82.8,5.3,8.5,96.5,95.3,98.3,93.1,100.0,0.0,100.0,100.0,61.0,2.0,3.0,4.0,154.0,9.0,18.0,0.0,251.0,57.0,2.0,2.0,2.0,164.0,5.0,13.0,11.0,1.0,0.0,1.0,37.0,1.0,3.0,9.09,8.54,16.44,8.61,30.26,,,,,,,,,4.3,64.01,1.24,1.09,70.83,2.38,10.6,,,43.85,145.45,126.34,66.67,73.39,83.92,74.73,73.15
2020-11-11,13266,12746.0,245.0,277.0,71.0,27,13.0,13.0,1.0,,,29.0,0.0,,,423.0,113711.0,2007.0,1639.0,13.0,24.0,12.0,8.0,75.6,0.97,0.95,1.18,6.38,,,,,,,,,,,,,,,,,,,,,,2.0,3.0,3.0,3.0,2.0,3.0,3.0,39.0,106.0,106.0,106.0,39.0,106.0,6.0,0.84,0.89,1.07,1.21,1.04,2906.0,1561.0,302.0,24.0,1.0,33.0,110.0,78.0,80.4,82.8,95.8,100.0,75.8,82.7,3.6,3.8,9.6,12.5,0.0,9.1,10.0,79.4,96.1,96.2,82.8,5.3,8.5,96.5,95.3,98.3,93.1,100.0,0.0,100.0,100.0,61.0,2.0,3.0,4.0,154.0,9.0,18.0,0.0,251.0,57.0,2.0,2.0,2.0,164.0,5.0,13.0,11.0,1.0,0.0,1.0,37.0,1.0,3.0,8.27,7.71,19.43,8.33,29.39,,,,,,,,,4.4,64.01,1.3,0.57,73.21,2.38,10.67,,,43.85,145.45,126.34,66.67,73.39,83.92,74.73,72.37
2020-11-12,13318,12764.0,245.0,311.0,83.0,52,16.0,34.0,2.0,,,18.0,0.0,,,794.0,114505.0,2100.0,1594.0,14.0,24.0,12.0,7.0,76.79,0.92,0.92,0.95,6.55,,,,,,,,,,,,,,,,,,,,,,2.0,3.0,3.0,3.0,2.0,3.0,3.0,40.0,107.0,107.0,107.0,40.0,107.0,7.0,0.84,0.89,1.07,1.21,1.04,2906.0,1561.0,302.0,24.0,1.0,33.0,110.0,78.0,80.4,82.8,95.8,100.0,75.8,82.7,3.6,3.8,9.6,12.5,0.0,9.1,10.0,79.4,96.1,96.2,82.8,5.3,8.5,96.5,95.3,98.3,93.1,100.0,0.0,100.0,100.0,61.0,2.0,3.0,4.0,154.0,9.0,18.0,0.0,251.0,57.0,2.0,2.0,2.0,164.0,5.0,13.0,11.0,1.0,0.0,1.0,37.0,1.0,3.0,8.25,7.47,15.06,8.02,24.36,,,,,,,,,4.75,64.01,1.31,1.93,74.4,2.38,11.23,,,43.85,145.45,126.34,66.67,73.39,83.92,74.73,81.25
2020-11-13,13365,12787.0,246.0,333.0,99.0,45,22.0,21.0,2.0,,,23.0,1.0,,,892.0,115397.0,2036.0,1592.0,14.0,24.0,12.0,6.0,77.38,0.91,0.92,0.93,5.04,,,,,,4376.0,72.0,102.0,188.0,8008.0,458.0,1134.0,812.0,105.0,4.0,1.0,11.0,224.0,19.0,51.0,17.0,2.0,3.0,3.0,3.0,2.0,3.0,3.0,41.0,108.0,108.0,108.0,41.0,108.0,8.0,0.84,0.89,1.07,1.21,1.04,2906.0,1561.0,302.0,24.0,1.0,33.0,110.0,78.0,80.4,82.8,95.8,100.0,75.8,82.7,3.6,3.8,9.6,12.5,0.0,9.1,10.0,79.4,96.1,96.2,82.8,5.3,8.5,96.5,95.3,98.3,93.1,100.0,0.0,100.0,100.0,62.0,2.0,3.0,4.0,155.0,9.0,18.0,0.0,253.0,58.0,2.0,2.0,2.0,164.0,5.0,13.0,11.0,1.0,0.0,1.0,37.0,1.0,3.0,8.93,8.08,16.46,7.87,23.62,3366.2,5236.4,6443.5,6266.7,3583.6,7687.1,6519.1,3958.0,4.76,64.27,1.23,0.87,77.38,0.0,10.9,,,44.62,145.45,126.34,66.67,73.39,83.92,74.73,87.0
2020-11-14,13390,12827.0,246.0,318.0,97.0,26,14.0,11.0,1.0,,,40.0,0.0,,,995.0,116392.0,2036.0,1537.0,14.0,24.0,12.0,8.0,78.57,0.91,0.93,0.85,2.61,,,,,,,,,,,,,,,,,,,,,,2.0,3.0,3.0,3.0,2.0,3.0,3.0,42.0,109.0,109.0,109.0,42.0,109.0,9.0,0.82,0.88,0.91,0.89,0.76,2906.0,1561.0,302.0,24.0,1.0,33.0,110.0,78.0,80.4,82.8,95.8,100.0,75.8,82.7,3.6,3.8,9.6,12.5,0.0,9.1,10.0,79.4,96.1,96.2,82.8,5.3,8.5,96.5,95.3,98.3,93.1,100.0,0.0,100.0,100.0,62.0,2.0,3.0,4.0,155.0,9.0,18.0,0.0,253.0,58.0,2.0,2.0,2.0,164.0,5.0,13.0,11.0,1.0,0.0,1.0,37.0,1.0,3.0,6.9,6.98,11.11,7.86,21.36,,,,,,,,,4.6,64.27,1.3,0.58,79.17,0.6,10.56,,,44.62,145.45,126.34,66.67,73.39,83.92,74.73,83.08
2020-11-15,13419,12881.0,246.0,293.0,98.0,29,17.0,12.0,0.0,,,54.0,0.0,,,1023.0,117415.0,2024.0,1421.0,14.0,24.0,11.0,8.0,79.17,0.92,0.95,0.82,2.83,,,,,,,,,,,,,,,,,,,,,,2.0,3.0,3.0,3.0,2.0,3.0,3.0,43.0,110.0,110.0,110.0,43.0,110.0,10.0,0.82,0.88,0.91,0.89,0.76,2906.0,1561.0,302.0,24.0,1.0,33.0,110.0,78.0,80.4,82.8,95.8,100.0,75.8,82.7,3.6,3.8,9.6,12.5,0.0,9.1,10.0,79.4,96.1,96.2,82.8,5.3,8.5,96.5,95.3,98.3,93.1,100.0,0.0,100.0,100.0,62.0,2.0,3.0,4.0,155.0,9.0,18.0,0.0,253.0,58.0,2.0,2.0,2.0,164.0,5.0,13.0,11.0,1.0,0.0,1.0,37.0,1.0,3.0,6.16,5.89,9.11,7.89,19.73,,,,,,,,,4.43,64.27,1.15,1.12,79.76,0.6,10.04,,,44.62,145.45,126.34,66.67,73.39,83.92,74.73,76.55
2020-11-16,13425,12919.0,247.0,259.0,94.0,6,3.0,3.0,0.0,,,38.0,1.0,,,504.0,117919.0,2028.0,1645.0,14.0,24.0,11.0,8.0,79.76,0.87,0.94,0.62,1.19,,,,,,4400.0,72.0,102.0,188.0,8061.0,460.0,1145.0,812.0,87.0,2.0,0.0,8.0,186.0,16.0,46.0,9.0,2.0,3.0,3.0,3.0,2.0,3.0,3.0,44.0,111.0,111.0,111.0,44.0,111.0,11.0,0.87,0.9,1.38,0.68,1.06,3037.0,1559.0,518.0,21.0,13.0,38.0,114.0,80.4,80.2,89.4,95.2,92.3,68.4,87.7,3.1,4.1,6.6,4.8,0.0,7.9,3.5,73.2,91.6,95.9,95.5,86.7,34.2,94.2,92.5,89.1,85.3,100.0,0.0,66.7,100.0,62.0,2.0,3.0,4.0,156.0,9.0,18.0,0.0,254.0,58.0,2.0,2.0,2.0,165.0,5.0,13.0,11.0,1.0,0.0,1.0,37.0,1.0,3.0,10.01,9.06,11.34,7.68,14.14,3384.6,5236.4,6443.5,6266.7,3607.3,7720.7,6582.4,3981.5,4.14,64.53,0.95,0.21,80.36,0.6,8.66,,,44.62,145.45,126.34,66.67,73.84,83.92,74.73,67.66
2020-11-17,13477,12975.0,247.0,255.0,83.0,52,15.0,33.0,4.0,,,56.0,0.0,,,1812.0,119731.0,1937.0,1444.0,13.0,24.0,11.0,8.0,79.17,0.9,0.97,0.62,2.87,,,,,,,,,,,,,,,,,,,,,,2.0,3.0,3.0,3.0,2.0,3.0,3.0,45.0,112.0,112.0,112.0,45.0,112.0,12.0,0.87,0.9,1.38,0.68,1.06,3037.0,1559.0,518.0,21.0,13.0,38.0,114.0,80.4,80.2,89.4,95.2,92.3,68.4,87.7,3.1,4.1,6.6,4.8,0.0,7.9,3.5,73.2,91.6,95.9,95.5,86.7,34.2,94.2,92.5,89.1,85.3,100.0,0.0,66.7,100.0,62.0,2.0,3.0,4.0,156.0,9.0,18.0,0.0,254.0,58.0,2.0,2.0,2.0,165.0,5.0,13.0,11.0,1.0,0.0,1.0,37.0,1.0,3.0,9.44,9.47,8.15,7.81,12.95,,,,,,,,,3.93,64.53,0.83,8.67,79.76,0.6,8.85,,,44.62,145.45,126.34,66.67,73.84,83.92,74.73,66.62
2020-11-18,13505,13020.0,247.0,238.0,76.0,28,23.0,5.0,0.0,,,45.0,0.0,,,640.0,120371.0,1991.0,1557.0,13.0,24.0,11.0,8.0,77.98,0.9,0.97,0.58,4.38,,,,,,,,,,,,,,,,,,,,,,2.0,3.0,3.0,3.0,2.0,3.0,3.0,46.0,113.0,113.0,113.0,46.0,113.0,13.0,0.87,0.9,1.38,0.68,1.06,3037.0,1559.0,518.0,21.0,13.0,38.0,114.0,80.4,80.2,89.4,95.2,92.3,68.4,87.7,3.1,4.1,6.6,4.8,0.0,7.9,3.5,73.2,91.6,95.9,95.5,86.7,34.2,94.2,92.5,89.1,85.3,100.0,0.0,66.7,100.0,62.0,2.0,3.0,4.0,156.0,9.0,18.0,0.0,254.0,58.0,2.0,2.0,2.0,165.0,5.0,13.0,11.0,1.0,0.0,1.0,37.0,1.0,3.0,7.03,7.29,6.86,7.75,11.16,,,,,,,,,3.64,64.53,0.83,0.54,79.17,1.19,8.88,,,44.62,145.45,126.34,66.67,73.84,83.92,74.73,62.18
2020-11-19,13532,13042.0,248.0,242.0,81.0,27,10.0,16.0,1.0,,,22.0,1.0,,,1019.0,121390.0,1989.0,1659.0,13.0,24.0,10.0,7.0,76.79,0.9,0.98,0.58,2.65,,,,,,,,,,,,,,,,,,,,,,2.0,3.0,3.0,3.0,2.0,3.0,3.0,47.0,114.0,114.0,114.0,47.0,114.0,14.0,0.87,0.9,1.38,0.68,1.06,3037.0,1559.0,518.0,21.0,13.0,38.0,114.0,80.4,80.2,89.4,95.2,92.3,68.4,87.7,3.1,4.1,6.6,4.8,0.0,7.9,3.5,73.2,91.6,95.9,95.5,86.7,34.2,94.2,92.5,89.1,85.3,100.0,0.0,66.7,100.0,62.0,2.0,3.0,4.0,156.0,9.0,18.0,0.0,254.0,58.0,2.0,2.0,2.0,165.0,5.0,13.0,11.0,1.0,0.0,1.0,37.0,1.0,3.0,7.37,7.93,6.87,7.82,9.99,,,,,,,,,3.08,64.79,0.71,0.96,77.98,1.19,7.95,,,44.62,145.45,126.34,66.67,73.84,83.92,74.73,63.22
2020-11-20,13570,13061.0,248.0,261.0,80.0,38,16.0,22.0,0.0,,,19.0,0.0,,,1207.0,122597.0,1989.0,1685.0,13.0,24.0,10.0,7.0,76.19,0.89,0.97,0.55,3.15,,,,,,4444.0,76.0,102.0,198.0,8171.0,461.0,1154.0,815.0,81.0,5.0,0.0,10.0,198.0,4.0,34.0,9.0,2.0,3.0,3.0,3.0,2.0,3.0,3.0,48.0,115.0,115.0,115.0,48.0,115.0,15.0,0.87,0.9,1.38,0.68,1.06,3037.0,1559.0,518.0,21.0,13.0,38.0,114.0,80.4,80.2,89.4,95.2,92.3,68.4,87.7,3.1,4.1,6.6,4.8,0.0,7.9,3.5,73.2,91.6,95.9,95.5,86.7,34.2,94.2,92.5,89.1,85.3,100.0,0.0,66.7,100.0,62.0,2.0,3.0,4.0,157.0,9.0,18.0,0.0,255.0,58.0,2.0,2.0,2.0,166.0,5.0,13.0,11.0,1.0,0.0,1.0,37.0,1.0,3.0,6.71,7.25,5.78,7.7,8.46,3418.5,5527.3,6443.5,6600.0,3656.5,7737.5,6634.1,4028.8,2.81,64.79,0.71,1.41,77.38,1.19,7.69,,,44.62,145.45,126.34,66.67,74.29,83.92,74.73,68.19
2020-11-21,13596,13124.0,249.0,223.0,81.0,27,16.0,11.0,0.0,,,63.0,1.0,,,1054.0,123651.0,1968.0,1464.0,13.0,24.0,10.0,7.0,75.0,0.9,0.97,0.56,2.56,,,,,,,,,,,,,,,,,,,,,,2.0,3.0,3.0,3.0,2.0,3.0,3.0,49.0,116.0,116.0,116.0,49.0,116.0,16.0,0.86,0.9,1.35,0.41,0.76,3037.0,1559.0,518.0,21.0,13.0,38.0,114.0,80.4,80.2,89.4,95.2,92.3,68.4,87.7,3.1,4.1,6.6,4.8,0.0,7.9,3.5,73.2,91.6,95.9,95.5,86.7,34.2,94.2,92.5,89.1,85.3,100.0,0.0,66.7,100.0,62.0,2.0,3.0,4.0,157.0,9.0,18.0,0.0,255.0,58.0,2.0,2.0,2.0,166.0,5.0,13.0,11.0,1.0,0.0,1.0,37.0,1.0,3.0,6.34,6.61,6.74,7.65,7.84,,,,,,,,,2.8,65.05,0.73,0.71,75.6,0.6,7.73,,,44.62,145.45,126.34,66.67,74.29,83.92,74.73,58.26
2020-11-22,13617,13153.0,250.0,214.0,77.0,21,5.0,14.0,2.0,,,29.0,1.0,,,976.0,124627.0,2006.0,1653.0,13.0,24.0,10.0,7.0,73.81,0.9,0.98,0.58,2.15,,,,,,,,,,,,,,,,,,,,,,2.0,3.0,3.0,3.0,2.0,3.0,3.0,50.0,117.0,117.0,117.0,50.0,117.0,17.0,0.86,0.9,1.35,0.41,0.76,3037.0,1559.0,518.0,21.0,13.0,38.0,114.0,80.4,80.2,89.4,95.2,92.3,68.4,87.7,3.1,4.1,6.6,4.8,0.0,7.9,3.5,73.2,91.6,95.9,95.5,86.7,34.2,94.2,92.5,89.1,85.3,100.0,0.0,66.7,100.0,62.0,2.0,3.0,4.0,157.0,9.0,18.0,0.0,255.0,58.0,2.0,2.0,2.0,166.0,5.0,13.0,11.0,1.0,0.0,1.0,37.0,1.0,3.0,5.23,5.88,5.31,7.64,7.29,,,,,,,,,2.71,65.31,0.74,0.78,74.4,0.6,7.43,,,44.62,145.45,126.34,66.67,74.29,83.92,74.73,55.91
2020-11-23,13646,13179.0,251.0,216.0,64.0,29,13.0,15.0,1.0,,,26.0,1.0,,,1338.0,125965.0,2004.0,1736.0,13.0,24.0,10.0,7.0,72.62,0.98,1.06,0.63,2.17,,,,,,4459.0,81.0,103.0,199.0,8252.0,461.0,1156.0,817.0,48.0,8.0,1.0,10.0,195.0,2.0,8.0,7.0,3.0,3.0,3.0,3.0,2.0,3.0,3.0,0.0,118.0,118.0,118.0,51.0,118.0,18.0,0.9,0.91,1.48,0.68,1.07,3202.0,1537.0,305.0,20.0,11.0,50.0,96.0,79.4,80.2,88.9,60.0,45.5,80.0,85.4,3.0,2.3,2.0,35.0,9.1,4.0,1.0,69.5,96.4,98.4,100.0,84.6,92.6,98.0,97.9,94.3,100.0,100.0,100.0,100.0,100.0,62.0,2.0,3.0,4.0,160.0,9.0,18.0,0.0,258.0,58.0,2.0,2.0,2.0,169.0,5.0,13.0,11.0,1.0,0.0,1.0,37.0,1.0,3.0,13.55,13.48,9.37,8.27,7.01,3430.0,5890.9,6506.6,6633.3,3692.8,7737.5,6645.6,4056.7,2.85,65.57,0.96,1.38,73.21,0.6,8.29,,,44.62,145.45,126.34,66.67,75.63,83.92,74.73,56.43
2020-11-24,13657,13210.0,251.0,196.0,59.0,11,8.0,3.0,0.0,,,31.0,0.0,,,849.0,126814.0,1970.0,1355.0,13.0,24.0,10.0,7.0,71.43,1.0,1.06,0.69,1.3,,,,,,,,,,,,,,,,,,,,,,3.0,3.0,3.0,3.0,2.0,3.0,3.0,1.0,119.0,119.0,119.0,52.0,119.0,19.0,0.9,0.91,1.48,0.68,1.07,3202.0,1537.0,305.0,20.0,11.0,50.0,96.0,79.4,80.2,88.9,60.0,45.5,80.0,85.4,3.0,2.3,2.0,35.0,9.1,4.0,1.0,69.5,96.4,98.4,100.0,84.6,92.6,98.0,97.9,94.3,100.0,100.0,100.0,100.0,100.0,62.0,2.0,3.0,4.0,160.0,9.0,18.0,0.0,258.0,58.0,2.0,2.0,2.0,169.0,5.0,13.0,11.0,1.0,0.0,1.0,37.0,1.0,3.0,10.1,9.99,8.6,8.35,7.07,,,,,,,,,2.62,65.57,0.76,0.38,72.02,0.6,6.76,,,44.62,145.45,126.34,66.67,75.63,83.92,74.73,51.21
2020-11-25,13691,13245.0,251.0,195.0,75.0,34,25.0,9.0,0.0,,,35.0,0.0,,,778.0,127592.0,1964.0,1409.0,13.0,24.0,10.0,7.0,70.83,1.05,1.1,0.77,4.37,,,,,,,,,,,,,,,,,,,,,,3.0,3.0,3.0,3.0,2.0,3.0,3.0,2.0,120.0,120.0,120.0,53.0,120.0,20.0,0.9,0.91,1.48,0.68,1.07,3202.0,1537.0,305.0,20.0,11.0,50.0,96.0,79.4,80.2,88.9,60.0,45.5,80.0,85.4,3.0,2.3,2.0,35.0,9.1,4.0,1.0,69.5,96.4,98.4,100.0,84.6,92.6,98.0,97.9,94.3,100.0,100.0,100.0,100.0,100.0,62.0,2.0,3.0,4.0,160.0,9.0,18.0,0.0,258.0,58.0,2.0,2.0,2.0,169.0,5.0,13.0,11.0,1.0,0.0,1.0,37.0,1.0,3.0,9.86,10.09,8.77,8.75,7.35,,,,,,,,,2.62,65.57,0.79,3.09,70.83,0.0,6.98,,,44.62,145.45,126.34,66.67,75.63,83.92,74.73,50.94
2020-11-26,13746,13262.0,253.0,230.0,74.0,55,18.0,37.0,0.0,,,17.0,2.0,,,1209.0,128801.0,1964.0,1430.0,13.0,24.0,10.0,9.0,72.02,1.05,1.08,0.83,4.55,,,,,,,,,,,,,,,,,,,,,,3.0,3.0,3.0,3.0,2.0,3.0,3.0,3.0,121.0,121.0,121.0,54.0,121.0,21.0,0.9,0.91,1.48,0.68,1.07,3202.0,1537.0,305.0,20.0,11.0,50.0,96.0,79.4,80.2,88.9,60.0,45.5,80.0,85.4,3.0,2.3,2.0,35.0,9.1,4.0,1.0,69.5,96.4,98.4,100.0,84.6,92.6,98.0,97.9,94.3,100.0,100.0,100.0,100.0,100.0,62.0,2.0,3.0,4.0,160.0,9.0,18.0,0.0,258.0,58.0,2.0,2.0,2.0,169.0,5.0,13.0,11.0,1.0,0.0,1.0,37.0,1.0,3.0,7.53,7.61,7.74,8.7,7.47,,,,,,,,,2.89,66.1,1.01,1.62,72.02,0.0,8.02,,,44.62,145.45,126.34,66.67,75.63,83.92,74.73,60.09
2020-11-27,13793,13283.0,253.0,256.0,86.0,47,27.0,19.0,1.0,,,21.0,0.0,,,906.0,129707.0,1921.0,1503.0,13.0,24.0,10.0,6.0,71.43,1.05,1.07,0.93,5.19,,,,,,4511.0,85.0,103.0,199.0,8384.0,461.0,1162.0,816.0,70.0,5.0,1.0,1.0,245.0,1.0,8.0,5.0,3.0,3.0,3.0,3.0,2.0,3.0,3.0,4.0,122.0,122.0,122.0,55.0,122.0,22.0,0.9,0.91,1.48,0.68,1.07,3202.0,1537.0,305.0,20.0,11.0,50.0,96.0,79.4,80.2,88.9,60.0,45.5,80.0,85.4,3.0,2.3,2.0,35.0,9.1,4.0,1.0,69.5,96.4,98.4,100.0,84.6,92.6,98.0,97.9,94.3,100.0,100.0,100.0,100.0,100.0,62.0,2.0,3.0,4.0,163.0,9.0,18.0,0.0,261.0,58.0,2.0,2.0,2.0,171.0,5.0,13.0,11.0,1.0,0.0,1.0,37.0,1.0,4.0,7.49,7.62,10.51,8.76,8.15,3470.0,6181.8,6506.6,6633.3,3751.9,7737.5,6680.1,4107.1,3.18,66.1,1.09,0.85,71.43,0.0,8.36,,,44.62,145.45,126.34,66.67,76.52,83.92,74.73,66.88
2020-11-28,13831,13313.0,255.0,262.0,87.0,38,13.0,24.0,1.0,,,30.0,2.0,,,707.0,130414.0,1921.0,1402.0,13.0,24.0,10.0,6.0,70.83,1.05,1.07,0.96,5.37,,,,,,,,,,,,,,,,,,,,,,3.0,3.0,3.0,3.0,2.0,3.0,3.0,5.0,123.0,123.0,123.0,56.0,123.0,23.0,0.9,0.92,1.37,0.58,0.76,3202.0,1537.0,305.0,20.0,11.0,50.0,96.0,79.4,80.2,88.9,60.0,45.5,80.0,85.4,3.0,2.3,2.0,35.0,9.1,4.0,1.0,69.5,96.4,98.4,100.0,84.6,92.6,98.0,97.9,94.3,100.0,100.0,100.0,100.0,100.0,62.0,2.0,3.0,4.0,163.0,9.0,18.0,0.0,261.0,58.0,2.0,2.0,2.0,171.0,5.0,13.0,11.0,1.0,0.0,1.0,37.0,1.0,4.0,6.9,7.5,6.91,8.88,8.17,,,,,,,,,3.59,66.62,1.14,0.81,70.83,0.0,8.77,,,44.62,145.45,126.34,66.67,76.52,83.92,74.73,68.45
2020-11-29,13848,13355.0,257.0,235.0,101.0,17,13.0,4.0,0.0,,,42.0,2.0,,,747.0,131161.0,1893.0,1357.0,13.0,24.0,10.0,6.0,70.24,1.06,1.06,1.02,2.28,,,,,,,,,,,,,,,,,,,,,,3.0,3.0,3.0,3.0,2.0,3.0,3.0,6.0,124.0,124.0,124.0,57.0,124.0,24.0,0.9,0.92,1.37,0.58,0.76,3202.0,1537.0,305.0,20.0,11.0,50.0,96.0,79.4,80.2,88.9,60.0,45.5,80.0,85.4,3.0,2.3,2.0,35.0,9.1,4.0,1.0,69.5,96.4,98.4,100.0,84.6,92.6,98.0,97.9,94.3,100.0,100.0,100.0,100.0,100.0,62.0,2.0,3.0,4.0,163.0,9.0,18.0,0.0,261.0,58.0,2.0,2.0,2.0,171.0,5.0,13.0,11.0,1.0,0.0,1.0,37.0,1.0,4.0,6.12,5.95,7.81,8.89,8.53,,,,,,,,,3.6,67.14,1.16,0.45,70.24,0.0,8.62,,,44.62,145.45,126.34,66.67,76.52,83.92,74.73,61.39
2020-11-30,13876,13375.0,258.0,242.0,100.0,28,14.0,13.0,1.0,,,20.0,1.0,,,1856.0,133017.0,1915.0,1465.0,13.0,24.0,10.0,6.0,69.64,1.02,1.03,1.07,1.51,,,,,,4550.0,85.0,104.0,199.0,8460.0,461.0,1163.0,818.0,79.0,3.0,2.0,1.0,233.0,0.0,7.0,5.0,3.0,3.0,3.0,3.0,2.0,3.0,3.0,7.0,125.0,125.0,125.0,58.0,125.0,25.0,0.88,0.93,1.41,0.59,0.96,3191.0,1716.0,232.0,38.0,2.0,21.0,72.0,78.9,81.7,88.8,89.5,100.0,95.2,80.6,3.3,3.7,3.0,7.9,50.0,0.0,0.0,69.0,96.3,94.7,100.0,100.0,72.4,97.3,97.1,100.0,100.0,100.0,100.0,0.0,0.0,63.0,2.0,3.0,4.0,167.0,9.0,18.0,0.0,266.0,59.0,2.0,2.0,2.0,175.0,5.0,13.0,11.0,1.0,0.0,1.0,37.0,1.0,4.0,12.29,12.62,11.79,8.77,8.88,3500.0,6181.8,6569.8,6633.3,3785.9,7737.5,6685.8,4138.2,3.51,67.4,1.04,1.65,69.64,0.0,8.58,,,45.38,145.45,126.34,66.67,78.31,83.92,74.73,63.22
2020-12-01,13911,13410.0,258.0,242.0,102.0,35,20.0,14.0,1.0,,,35.0,0.0,,,1101.0,134118.0,1915.0,1330.0,13.0,24.0,10.0,6.0,69.05,1.06,1.05,1.21,3.18,,,,,,,,,,,,,,,,,,,,,,3.0,3.0,3.0,3.0,2.0,3.0,3.0,8.0,126.0,126.0,126.0,59.0,126.0,26.0,0.88,0.93,1.41,0.59,0.96,3191.0,1716.0,232.0,38.0,2.0,21.0,72.0,78.9,81.7,88.8,89.5,100.0,95.2,80.6,3.3,3.7,3.0,7.9,50.0,0.0,0.0,69.0,96.3,94.7,100.0,100.0,72.4,97.3,97.1,100.0,100.0,100.0,100.0,0.0,0.0,63.0,2.0,3.0,4.0,167.0,9.0,18.0,0.0,266.0,59.0,2.0,2.0,2.0,175.0,5.0,13.0,11.0,1.0,0.0,1.0,37.0,1.0,4.0,12.27,11.55,16.17,8.99,9.96,,,,,,,,,3.78,67.4,1.4,1.25,69.05,0.0,9.48,,,45.38,145.45,126.34,66.67,78.31,83.92,74.73,63.22
2020-12-02,13919,13435.0,258.0,225.0,102.0,8,6.0,2.0,0.0,,,25.0,0.0,,,355.0,134473.0,1985.0,1398.0,13.0,24.0,10.0,8.0,69.64,1.09,1.06,1.38,2.25,,,,,,,,,,,,,,,,,,,,,,3.0,3.0,3.0,3.0,2.0,3.0,3.0,9.0,127.0,127.0,127.0,60.0,127.0,27.0,0.88,0.93,1.41,0.59,0.96,3191.0,1716.0,232.0,38.0,2.0,21.0,72.0,78.9,81.7,88.8,89.5,100.0,95.2,80.6,3.3,3.7,3.0,7.9,50.0,0.0,0.0,69.0,96.3,94.7,100.0,100.0,72.4,97.3,97.1,100.0,100.0,100.0,100.0,0.0,0.0,63.0,2.0,3.0,4.0,167.0,9.0,18.0,0.0,266.0,59.0,2.0,2.0,2.0,175.0,5.0,13.0,11.0,1.0,0.0,1.0,37.0,1.0,4.0,12.45,11.13,21.05,9.14,11.71,,,,,,,,,3.48,67.4,1.22,0.23,69.64,0.0,8.51,,,45.38,145.45,126.34,66.67,78.31,83.92,74.73,58.78
2020-12-03,13942,13453.0,259.0,229.0,98.0,21,13.0,8.0,0.0,,,18.0,1.0,,,795.0,135268.0,1995.0,1591.0,13.0,24.0,10.0,10.0,70.24,1.12,1.09,1.41,2.64,,,,,,,,,,,,,,,,,,,,,,3.0,3.0,3.0,3.0,2.0,3.0,3.0,10.0,128.0,128.0,128.0,61.0,128.0,28.0,0.88,0.93,1.41,0.59,0.96,3191.0,1716.0,232.0,38.0,2.0,21.0,72.0,78.9,81.7,88.8,89.5,100.0,95.2,80.6,3.3,3.7,3.0,7.9,50.0,0.0,0.0,69.0,96.3,94.7,100.0,100.0,72.4,97.3,97.1,100.0,100.0,100.0,100.0,0.0,0.0,63.0,2.0,3.0,4.0,167.0,9.0,18.0,0.0,266.0,59.0,2.0,2.0,2.0,175.0,5.0,13.0,11.0,1.0,0.0,1.0,37.0,1.0,4.0,10.44,10.12,14.69,9.5,12.7,,,,,,,,,3.2,67.66,0.9,2.62,70.24,0.0,7.24,,,45.38,145.45,126.34,66.67,78.31,83.92,74.73,59.83
2020-12-04,13988,13472.0,259.0,256.0,105.0,46,19.0,27.0,0.0,,,19.0,0.0,,,861.0,136129.0,2021.0,1639.0,13.0,24.0,10.0,10.0,72.62,1.14,1.1,1.4,5.34,,,,,,4587.0,86.0,105.0,199.0,8554.0,463.0,1163.0,818.0,96.0,4.0,2.0,0.0,237.0,2.0,5.0,3.0,3.0,3.0,3.0,3.0,2.0,3.0,3.0,11.0,129.0,129.0,129.0,62.0,129.0,29.0,0.88,0.93,1.41,0.59,0.96,3191.0,1716.0,232.0,38.0,2.0,21.0,72.0,78.9,81.7,88.8,89.5,100.0,95.2,80.6,3.3,3.7,3.0,7.9,50.0,0.0,0.0,69.0,96.3,94.7,100.0,100.0,72.4,97.3,97.1,100.0,100.0,100.0,100.0,0.0,0.0,64.0,2.0,3.0,4.0,167.0,9.0,18.0,0.0,267.0,59.0,2.0,2.0,2.0,176.0,5.0,13.0,11.0,1.0,0.0,1.0,37.0,1.0,4.0,10.33,9.61,15.95,9.78,13.48,3528.5,6254.5,6633.0,6633.3,3827.9,7771.1,6685.8,4173.5,3.23,67.66,0.86,2.19,72.62,0.0,7.2,,,45.38,145.45,126.34,66.67,78.76,83.92,74.73,66.88
2020-12-05,13993,13532.0,260.0,199.0,100.0,5,3.0,2.0,0.0,,,60.0,1.0,,,581.0,136710.0,1947.0,1303.0,13.0,24.0,10.0,7.0,73.21,1.14,1.1,1.35,0.86,,,,,,,,,,,,,,,,,,,,,,3.0,3.0,3.0,3.0,2.0,3.0,3.0,12.0,130.0,130.0,130.0,63.0,130.0,30.0,0.85,0.95,1.26,0.58,0.64,3191.0,1716.0,232.0,38.0,2.0,21.0,72.0,78.9,81.7,88.8,89.5,100.0,95.2,80.6,3.3,3.7,3.0,7.9,50.0,0.0,0.0,69.0,96.3,94.7,100.0,100.0,72.4,97.3,97.1,100.0,100.0,100.0,100.0,0.0,0.0,64.0,2.0,3.0,4.0,167.0,9.0,18.0,0.0,267.0,59.0,2.0,2.0,2.0,176.0,5.0,13.0,11.0,1.0,0.0,1.0,37.0,1.0,4.0,8.79,8.9,10.53,9.98,14.0,,,,,,,,,2.58,67.93,0.68,0.11,73.21,0.0,5.97,,,45.38,145.45,126.34,66.67,78.76,83.92,74.73,51.99
2020-12-06,14035,13570.0,260.0,203.0,95.0,42,18.0,22.0,2.0,,,38.0,0.0,,,894.0,137604.0,1832.0,1399.0,13.0,24.0,10.0,7.0,73.81,1.15,1.12,1.31,4.7,,,,,,,,,,,,,,,,,,,,,,3.0,3.0,3.0,3.0,2.0,3.0,3.0,13.0,131.0,131.0,131.0,64.0,131.0,31.0,0.85,0.95,1.26,0.58,0.64,3191.0,1716.0,232.0,38.0,2.0,21.0,72.0,78.9,81.7,88.8,89.5,100.0,95.2,80.6,3.3,3.7,3.0,7.9,50.0,0.0,0.0,69.0,96.3,94.7,100.0,100.0,72.4,97.3,97.1,100.0,100.0,100.0,100.0,0.0,0.0,64.0,2.0,3.0,4.0,167.0,9.0,18.0,0.0,267.0,59.0,2.0,2.0,2.0,176.0,5.0,13.0,11.0,1.0,0.0,1.0,37.0,1.0,4.0,8.84,8.48,11.34,10.34,14.5,,,,,,,,,2.93,67.93,0.8,8.4,73.81,0.0,6.9,,,45.38,145.45,126.34,66.67,78.76,83.92,74.73,53.03
2020-12-07,14105,13614.0,260.0,229.0,88.0,70,38.0,32.0,0.0,,,44.0,0.0,,,1667.0,139271.0,1832.0,1341.0,13.0,24.0,10.0,7.0,74.4,1.15,1.13,1.3,4.2,,,,,,4639.0,87.0,109.0,200.0,8633.0,466.0,1179.0,818.0,90.0,3.0,6.0,1.0,184.0,4.0,16.0,1.0,3.0,3.0,3.0,3.0,2.0,3.0,3.0,14.0,132.0,132.0,132.0,65.0,132.0,32.0,0.93,0.94,1.46,0.68,1.05,3213.0,1900.0,307.0,25.0,13.0,40.0,48.0,81.0,84.8,91.5,80.0,84.6,77.5,83.3,3.3,3.7,5.5,4.0,38.5,5.0,6.2,69.1,95.0,84.6,100.0,100.0,93.0,63.2,96.3,90.1,100.0,100.0,100.0,100.0,100.0,65.0,2.0,3.0,4.0,168.0,9.0,18.0,0.0,269.0,59.0,2.0,2.0,2.0,177.0,5.0,13.0,11.0,1.0,0.0,1.0,37.0,1.0,4.0,14.28,14.56,16.6,10.62,15.19,3568.5,6327.3,6885.7,6666.7,3863.3,7821.4,6777.8,4214.2,3.31,67.93,0.99,1.67,74.4,0.0,8.47,,,45.38,145.45,126.34,66.67,79.21,83.92,74.73,59.83
2020-12-08,14123,13639.0,260.0,222.0,94.0,18,7.0,10.0,1.0,,,25.0,0.0,,,966.0,140237.0,1808.0,1152.0,13.0,24.0,10.0,7.0,75.0,1.11,1.11,1.17,1.86,,,,,,,,,,,,,,,,,,,,,,3.0,3.0,3.0,3.0,2.0,3.0,3.0,15.0,133.0,133.0,133.0,66.0,133.0,33.0,0.93,0.94,1.46,0.68,1.05,3213.0,1900.0,307.0,25.0,13.0,40.0,48.0,81.0,84.8,91.5,80.0,84.6,77.5,83.3,3.3,3.7,5.5,4.0,38.5,5.0,6.2,69.1,95.0,84.6,100.0,100.0,93.0,63.2,96.3,90.1,100.0,100.0,100.0,100.0,100.0,65.0,2.0,3.0,4.0,168.0,9.0,18.0,0.0,269.0,59.0,2.0,2.0,2.0,177.0,5.0,13.0,11.0,1.0,0.0,1.0,37.0,1.0,4.0,11.93,12.55,10.66,10.76,14.4,,,,,,,,,3.12,67.93,0.83,0.26,75.0,0.0,7.84,,,45.38,145.45,126.34,66.67,79.21,83.92,74.73,58.0
2020-12-09,14150,13667.0,260.0,221.0,83.0,27,16.0,10.0,1.0,,,28.0,0.0,,,659.0,140896.0,1808.0,1344.0,13.0,24.0,10.0,7.0,74.4,1.13,1.16,1.04,4.1,,,,,,,,,,,,,,,,,,,,,,3.0,3.0,3.0,3.0,2.0,3.0,3.0,16.0,134.0,134.0,134.0,67.0,134.0,34.0,0.93,0.94,1.46,0.68,1.05,3213.0,1900.0,307.0,25.0,13.0,40.0,48.0,81.0,84.8,91.5,80.0,84.6,77.5,83.3,3.3,3.7,5.5,4.0,38.5,5.0,6.2,69.1,95.0,84.6,100.0,100.0,93.0,63.2,96.3,90.1,100.0,100.0,100.0,100.0,100.0,65.0,2.0,3.0,4.0,168.0,9.0,18.0,0.0,269.0,59.0,2.0,2.0,2.0,177.0,5.0,13.0,11.0,1.0,0.0,1.0,37.0,1.0,4.0,15.71,15.61,12.49,11.4,13.18,,,,,,,,,3.39,67.93,1.0,1.5,74.4,0.0,8.55,,,45.38,145.45,126.34,66.67,79.21,83.92,74.73,57.74
2020-12-10,14184,13691.0,261.0,229.0,84.0,34,14.0,20.0,0.0,,,24.0,1.0,,,1082.0,141978.0,1803.0,1288.0,13.0,24.0,10.0,7.0,72.62,1.18,1.22,1.0,3.14,,,,,,,,,,,,,,,,,,,,,,3.0,3.0,3.0,3.0,2.0,3.0,3.0,17.0,135.0,135.0,135.0,68.0,135.0,35.0,0.93,0.94,1.46,0.68,1.05,3213.0,1900.0,307.0,25.0,13.0,40.0,48.0,81.0,84.8,91.5,80.0,84.6,77.5,83.3,3.3,3.7,5.5,4.0,38.5,5.0,6.2,69.1,95.0,84.6,100.0,100.0,93.0,63.2,96.3,90.1,100.0,100.0,100.0,100.0,100.0,65.0,2.0,3.0,4.0,168.0,9.0,18.0,0.0,269.0,59.0,2.0,2.0,2.0,177.0,5.0,13.0,11.0,1.0,0.0,1.0,37.0,1.0,4.0,16.29,16.68,10.95,12.34,12.65,,,,,,,,,3.46,68.19,1.25,1.26,72.62,0.0,9.03,,,45.38,145.45,126.34,66.67,79.21,83.92,74.73,59.83
2020-12-11,14235,13711.0,261.0,260.0,85.0,51,34.0,16.0,1.0,,,20.0,0.0,,,570.0,142548.0,1744.0,1360.0,13.0,24.0,10.0,9.0,72.02,1.21,1.26,0.97,8.95,,,,,,4692.0,87.0,109.0,203.0,8739.0,467.0,1187.0,820.0,100.0,1.0,2.0,4.0,203.0,3.0,22.0,2.0,3.0,3.0,3.0,3.0,2.0,3.0,3.0,18.0,136.0,136.0,136.0,69.0,136.0,36.0,0.93,0.94,1.46,0.68,1.05,3213.0,1900.0,307.0,25.0,13.0,40.0,48.0,81.0,84.8,91.5,80.0,84.6,77.5,83.3,3.3,3.7,5.5,4.0,38.5,5.0,6.2,69.1,95.0,84.6,100.0,100.0,93.0,63.2,96.3,90.1,100.0,100.0,100.0,100.0,100.0,66.0,2.0,3.0,4.0,169.0,9.0,18.0,0.0,271.0,60.0,2.0,2.0,2.0,179.0,5.0,13.0,12.0,1.0,0.0,1.0,37.0,1.0,4.0,15.52,16.13,12.67,13.27,12.18,3609.3,6327.3,6885.7,6766.7,3910.7,7838.2,6823.8,4259.4,3.97,68.19,1.28,1.5,72.02,0.0,9.22,,,46.15,145.45,126.34,66.67,80.1,83.92,74.73,67.93
2020-12-12,14238,13750.0,263.0,223.0,84.0,2,0.0,2.0,0.0,,,39.0,2.0,,,167.0,142715.0,1814.0,1598.0,13.0,24.0,10.0,9.0,73.21,1.26,1.29,0.98,1.2,,,,,,,,,,,,,,,,,,,,,,3.0,3.0,3.0,3.0,2.0,3.0,3.0,19.0,137.0,137.0,137.0,70.0,137.0,37.0,0.89,0.83,1.19,0.9,0.68,3213.0,1900.0,307.0,25.0,13.0,40.0,48.0,81.0,84.8,91.5,80.0,84.6,77.5,83.3,3.3,3.7,5.5,4.0,38.5,5.0,6.2,69.1,95.0,84.6,100.0,100.0,93.0,63.2,96.3,90.1,100.0,100.0,100.0,100.0,100.0,66.0,2.0,3.0,4.0,169.0,9.0,18.0,0.0,271.0,60.0,2.0,2.0,2.0,179.0,5.0,13.0,12.0,1.0,0.0,1.0,37.0,1.0,4.0,15.8,15.89,11.22,14.27,12.28,,,,,,,,,4.02,68.71,1.52,0.04,73.21,0.0,9.11,,,46.15,145.45,126.34,66.67,80.1,83.92,74.73,58.26
2020-12-13,14320,13811.0,263.0,244.0,104.0,82,54.0,28.0,0.0,,,61.0,0.0,,,1731.0,144446.0,1875.0,1727.0,13.0,24.0,10.0,7.0,73.21,1.24,1.28,0.98,4.74,,,,,,,,,,,,,,,,,,,,,,3.0,3.0,3.0,3.0,2.0,3.0,3.0,20.0,138.0,138.0,138.0,71.0,138.0,38.0,0.89,0.83,1.19,0.9,0.68,3213.0,1900.0,307.0,25.0,13.0,40.0,48.0,81.0,84.8,91.5,80.0,84.6,77.5,83.3,3.3,3.7,5.5,4.0,38.5,5.0,6.2,69.1,95.0,84.6,100.0,100.0,93.0,63.2,96.3,90.1,100.0,100.0,100.0,100.0,100.0,66.0,2.0,3.0,4.0,169.0,9.0,18.0,0.0,271.0,60.0,2.0,2.0,2.0,179.0,5.0,13.0,12.0,1.0,0.0,1.0,37.0,1.0,4.0,12.64,13.48,10.15,14.99,12.11,,,,,,,,,4.03,68.71,1.54,0.04,73.21,0.0,10.6,,,46.15,145.45,126.34,66.67,80.1,83.92,74.73,63.75
2020-12-14,14371,13858.0,265.0,246.0,105.0,51,27.0,24.0,0.0,,,47.0,2.0,,,1359.0,145805.0,1861.0,1720.0,13.0,24.0,10.0,8.0,73.81,1.28,1.31,0.96,3.75,,,,,,4753.0,88.0,109.0,211.0,8848.0,467.0,1194.0,822.0,112.0,2.0,0.0,10.0,206.0,1.0,15.0,3.0,3.0,3.0,3.0,3.0,2.0,3.0,3.0,21.0,139.0,139.0,139.0,72.0,139.0,39.0,0.89,0.93,1.42,0.72,1.07,3096.0,1423.0,190.0,2.0,1.0,76.0,59.0,75.6,77.4,85.3,100.0,100.0,86.8,76.3,5.5,6.3,6.3,50.0,0.0,14.5,1.7,62.0,84.7,88.0,14.3,20.0,93.8,96.7,97.6,97.8,91.7,100.0,0.0,100.0,100.0,68.0,2.0,3.0,4.0,170.0,9.0,18.0,0.0,274.0,61.0,2.0,2.0,2.0,180.0,5.0,13.0,12.0,1.0,0.0,1.0,37.0,1.0,4.0,22.4,22.53,14.12,16.13,11.75,3656.2,6400.0,6885.7,7033.3,3959.5,7838.2,6864.0,4308.6,3.96,69.23,1.17,0.62,73.81,0.0,9.89,,,46.92,145.45,126.34,66.67,80.55,83.92,74.73,64.27
2020-12-15,14443,13892.0,265.0,284.0,99.0,72,41.0,30.0,1.0,,,34.0,0.0,,,1796.0,147601.0,1676.0,1764.0,13.0,24.0,10.0,9.0,75.0,1.3,1.32,1.03,4.01,,,,,,,,,,,,,,,,,,,,,,3.0,3.0,3.0,3.0,2.0,3.0,3.0,22.0,140.0,140.0,140.0,73.0,140.0,40.0,0.89,0.93,1.42,0.72,1.07,3096.0,1423.0,190.0,2.0,1.0,76.0,59.0,75.6,77.4,85.3,100.0,100.0,86.8,76.3,5.5,6.3,6.3,50.0,0.0,14.5,1.7,62.0,84.7,88.0,14.3,20.0,93.8,96.7,97.6,97.8,91.7,100.0,0.0,100.0,100.0,68.0,2.0,3.0,4.0,170.0,9.0,18.0,0.0,274.0,61.0,2.0,2.0,2.0,180.0,5.0,13.0,12.0,1.0,0.0,1.0,37.0,1.0,4.0,19.41,20.23,15.3,17.22,12.42,,,,,,,,,4.27,69.23,1.52,1.41,75.0,0.0,11.91,,,46.92,145.45,126.34,66.67,80.55,83.92,74.73,74.2
2020-12-16,14519,13930.0,265.0,322.0,119.0,76,51.0,25.0,0.0,,,38.0,0.0,,,1057.0,148658.0,1689.0,1648.0,13.0,24.0,10.0,9.0,76.19,1.29,1.3,1.04,7.19,,,,,,,,,,,,,,,,,,,,,,3.0,3.0,3.0,3.0,2.0,3.0,3.0,23.0,141.0,141.0,141.0,74.0,141.0,41.0,0.89,0.93,1.42,0.72,1.07,3096.0,1423.0,190.0,2.0,1.0,76.0,59.0,75.6,77.4,85.3,100.0,100.0,86.8,76.3,5.5,6.3,6.3,50.0,0.0,14.5,1.7,62.0,84.7,88.0,14.3,20.0,93.8,96.7,97.6,97.8,91.7,100.0,0.0,100.0,100.0,68.0,2.0,3.0,4.0,170.0,9.0,18.0,0.0,274.0,61.0,2.0,2.0,2.0,180.0,5.0,13.0,12.0,1.0,0.0,1.0,37.0,1.0,4.0,21.24,21.81,12.33,18.11,12.39,,,,,,,,,4.71,69.23,1.61,1.06,76.19,0.0,13.73,,,46.92,145.45,126.34,66.67,80.55,83.92,74.73,84.12
2020-12-17,14601,13961.0,267.0,371.0,141.0,82,57.0,22.0,3.0,,,31.0,2.0,,,1207.0,149865.0,1726.0,1717.0,13.0,24.0,10.0,9.0,77.38,1.24,1.25,1.08,6.79,,,,,,,,,,,,,,,,,,,,,,3.0,3.0,3.0,3.0,2.0,3.0,3.0,24.0,142.0,142.0,142.0,75.0,142.0,42.0,0.89,0.93,1.42,0.72,1.07,3096.0,1423.0,190.0,2.0,1.0,76.0,59.0,75.6,77.4,85.3,100.0,100.0,86.8,76.3,5.5,6.3,6.3,50.0,0.0,14.5,1.7,62.0,84.7,88.0,14.3,20.0,93.8,96.7,97.6,97.8,91.7,100.0,0.0,100.0,100.0,68.0,2.0,3.0,4.0,170.0,9.0,18.0,0.0,274.0,61.0,2.0,2.0,2.0,180.0,5.0,13.0,12.0,1.0,0.0,1.0,37.0,1.0,4.0,18.19,18.45,14.79,18.36,12.94,,,,,,,,,5.23,69.75,1.72,1.08,77.38,0.0,15.53,,,46.92,145.45,126.34,66.67,80.55,83.92,74.73,96.92
2020-12-18,14656,13991.0,269.0,394.0,161.0,54,43.0,10.0,1.0,,,30.0,2.0,,,706.0,150571.0,1871.0,1689.0,13.0,24.0,10.0,10.0,77.98,1.25,1.26,1.09,7.65,,,,,,4887.0,88.0,110.0,215.0,9084.0,469.0,1201.0,827.0,180.0,1.0,1.0,10.0,344.0,3.0,11.0,5.0,3.0,3.0,3.0,3.0,2.0,3.0,3.0,25.0,143.0,143.0,143.0,76.0,143.0,43.0,0.89,0.93,1.42,0.72,1.07,3096.0,1423.0,190.0,2.0,1.0,76.0,59.0,75.6,77.4,85.3,100.0,100.0,86.8,76.3,5.5,6.3,6.3,50.0,0.0,14.5,1.7,62.0,84.7,88.0,14.3,20.0,93.8,96.7,97.6,97.8,91.7,100.0,0.0,100.0,100.0,71.0,2.0,3.0,4.0,172.0,9.0,18.0,0.0,279.0,63.0,2.0,2.0,2.0,183.0,5.0,13.0,12.0,1.0,0.0,1.0,38.0,1.0,4.0,23.41,23.69,14.47,19.44,13.2,3759.3,6400.0,6948.8,7166.7,4065.1,7871.8,6904.3,4410.2,5.05,70.28,1.7,0.66,77.98,0.0,15.64,,,48.46,145.45,126.34,66.67,81.89,83.92,74.73,102.93
2020-12-19,14717,14044.0,270.0,401.0,192.0,61,34.0,27.0,0.0,,,53.0,1.0,,,984.0,151555.0,2049.0,1661.0,13.0,24.0,10.0,11.0,79.17,1.25,1.25,1.08,6.2,,,,,,,,,,,,,,,,,,,,,,3.0,3.0,3.0,3.0,2.0,3.0,3.0,26.0,144.0,144.0,144.0,77.0,144.0,44.0,0.87,0.93,1.22,0.65,0.82,3096.0,1423.0,190.0,2.0,1.0,76.0,59.0,75.6,77.4,85.3,100.0,100.0,86.8,76.3,5.5,6.3,6.3,50.0,0.0,14.5,1.7,62.0,84.7,88.0,14.3,20.0,93.8,96.7,97.6,97.8,91.7,100.0,0.0,100.0,100.0,71.0,2.0,3.0,4.0,172.0,9.0,18.0,0.0,279.0,63.0,2.0,2.0,2.0,183.0,5.0,13.0,12.0,1.0,0.0,1.0,38.0,1.0,4.0,21.53,22.09,10.92,20.33,13.15,,,,,,,,,5.76,70.54,1.96,1.13,79.17,0.0,17.84,,,48.46,145.45,126.34,66.67,81.89,83.92,74.73,104.76
2020-12-20,14784,14082.0,272.0,429.0,184.0,67,38.0,28.0,1.0,,,38.0,2.0,,,953.0,152508.0,2049.0,1590.0,13.0,24.0,10.0,12.0,82.14,1.24,1.26,1.04,7.03,,,,,,,,,,,,,,,,,,,,,,3.0,3.0,3.0,3.0,2.0,3.0,3.0,27.0,145.0,145.0,145.0,78.0,145.0,45.0,0.87,0.93,1.22,0.65,0.82,3096.0,1423.0,190.0,2.0,1.0,76.0,59.0,75.6,77.4,85.3,100.0,100.0,86.8,76.3,5.5,6.3,6.3,50.0,0.0,14.5,1.7,62.0,84.7,88.0,14.3,20.0,93.8,96.7,97.6,97.8,91.7,100.0,0.0,100.0,100.0,71.0,2.0,3.0,4.0,172.0,9.0,18.0,0.0,279.0,63.0,2.0,2.0,2.0,183.0,5.0,13.0,12.0,1.0,0.0,1.0,38.0,1.0,4.0,18.75,20.93,7.71,21.39,12.81,,,,,,,,,6.09,71.06,1.63,1.1,82.14,0.0,17.28,,,48.46,145.45,126.34,66.67,81.89,83.92,74.73,112.08
2020-12-21,14848,14143.0,272.0,432.0,196.0,64,46.0,18.0,0.0,,,61.0,0.0,,,1484.0,153992.0,2012.0,1301.0,13.0,24.0,10.0,12.0,84.52,1.25,1.25,1.04,4.31,,,,,,4971.0,88.0,112.0,215.0,9266.0,472.0,1209.0,825.0,198.0,1.0,3.0,4.0,397.0,5.0,15.0,3.0,3.0,3.0,3.0,3.0,3.0,3.0,3.0,28.0,146.0,146.0,146.0,0.0,146.0,46.0,0.88,0.92,1.43,0.83,1.15,3371.0,1706.0,376.0,11.0,5.0,35.0,59.0,72.5,74.7,88.8,100.0,40.0,74.3,74.6,7.9,8.4,3.5,0.0,60.0,8.6,5.1,66.9,90.8,96.4,100.0,83.3,77.3,87.9,96.6,95.8,100.0,0.0,100.0,100.0,100.0,72.0,2.0,3.0,5.0,172.0,9.0,18.0,0.0,281.0,64.0,2.0,2.0,2.0,183.0,5.0,14.0,12.0,1.0,0.0,1.0,38.0,1.0,4.0,30.17,29.84,14.4,22.43,12.85,3823.9,6400.0,7075.2,7166.7,4146.5,7922.1,6950.3,4482.6,6.17,71.06,1.8,0.96,84.52,0.0,17.77,,,49.23,145.45,126.34,66.67,81.89,83.92,80.48,112.86
2020-12-22,14942,14206.0,272.0,463.0,197.0,94,55.0,39.0,0.0,,,63.0,0.0,,,1308.0,155300.0,2009.0,1398.0,13.0,24.0,10.0,11.0,85.71,1.22,1.23,0.98,7.19,,,,,,,,,,,,,,,,,,,,,,3.0,3.0,3.0,3.0,3.0,3.0,3.0,29.0,147.0,147.0,147.0,1.0,147.0,47.0,0.88,0.92,1.43,0.83,1.15,3371.0,1706.0,376.0,11.0,5.0,35.0,59.0,72.5,74.7,88.8,100.0,40.0,74.3,74.6,7.9,8.4,3.5,0.0,60.0,8.6,5.1,66.9,90.8,96.4,100.0,83.3,77.3,87.9,96.6,95.8,100.0,0.0,100.0,100.0,100.0,72.0,2.0,3.0,5.0,172.0,9.0,18.0,0.0,281.0,64.0,2.0,2.0,2.0,183.0,5.0,14.0,12.0,1.0,0.0,1.0,38.0,1.0,4.0,23.28,24.33,9.96,23.02,12.08,,,,,,,,,6.62,71.06,1.56,1.47,85.71,0.0,18.59,,,49.23,145.45,126.34,66.67,81.89,83.92,80.48,120.96
2020-12-23,15006,14269.0,272.0,464.0,203.0,64,59.0,5.0,0.0,,,63.0,0.0,,,685.0,155985.0,1992.0,1089.0,13.0,24.0,10.0,11.0,86.9,1.24,1.25,0.98,9.34,,,,,,,,,,,,,,,,,,,,,,3.0,3.0,3.0,3.0,3.0,3.0,3.0,30.0,148.0,148.0,148.0,2.0,148.0,48.0,0.88,0.92,1.43,0.83,1.15,3371.0,1706.0,376.0,11.0,5.0,35.0,59.0,72.5,74.7,88.8,100.0,40.0,74.3,74.6,7.9,8.4,3.5,0.0,60.0,8.6,5.1,66.9,90.8,96.4,100.0,83.3,77.3,87.9,96.6,95.8,100.0,0.0,100.0,100.0,100.0,72.0,2.0,3.0,5.0,172.0,9.0,18.0,0.0,281.0,64.0,2.0,2.0,2.0,183.0,5.0,14.0,12.0,1.0,0.0,1.0,38.0,1.0,4.0,30.86,31.71,11.94,24.44,12.03,,,,,,,,,6.93,71.06,1.32,0.68,86.9,0.0,18.14,,,49.23,145.45,126.34,66.67,81.89,83.92,80.48,121.22
2020-12-24,15097,14336.0,274.0,486.0,194.0,91,53.0,36.0,2.0,,,67.0,2.0,,,1247.0,157232.0,2006.0,929.0,13.0,24.0,10.0,15.0,88.69,1.22,1.23,0.93,7.3,0.0,0.0,0.0,0.0,0.0,,,,,,,,,,,,,,,,,3.0,3.0,3.0,3.0,3.0,3.0,3.0,31.0,149.0,149.0,149.0,3.0,149.0,49.0,0.88,0.92,1.43,0.83,1.15,3371.0,1706.0,376.0,11.0,5.0,35.0,59.0,72.5,74.7,88.8,100.0,40.0,74.3,74.6,7.9,8.4,3.5,0.0,60.0,8.6,5.1,66.9,90.8,96.4,100.0,83.3,77.3,87.9,96.6,95.8,100.0,0.0,100.0,100.0,100.0,72.0,2.0,3.0,5.0,172.0,9.0,18.0,0.0,281.0,64.0,2.0,2.0,2.0,183.0,5.0,14.0,12.0,1.0,0.0,1.0,38.0,1.0,4.0,23.3,25.13,9.18,25.39,11.22,,,,,,,,,7.0,71.58,1.19,1.42,90.48,1.79,18.47,,,49.23,145.45,126.34,66.67,81.89,83.92,80.48,126.97
2020-12-25,15191,14384.0,274.0,532.0,204.0,93,67.0,24.0,2.0,,,48.0,0.0,,,1016.0,158248.0,1984.0,858.0,13.0,24.0,7.0,15.0,89.88,1.18,1.21,0.89,9.15,0.0,0.0,0.0,0.0,0.0,5113.0,88.0,114.0,217.0,9548.0,476.0,1219.0,829.0,216.0,0.0,4.0,3.0,488.0,6.0,17.0,6.0,3.0,3.0,3.0,3.0,3.0,3.0,3.0,32.0,150.0,150.0,150.0,4.0,150.0,50.0,0.88,0.92,1.43,0.83,1.15,3371.0,1706.0,376.0,11.0,5.0,35.0,59.0,72.5,74.7,88.8,100.0,40.0,74.3,74.6,7.9,8.4,3.5,0.0,60.0,8.6,5.1,66.9,90.8,96.4,100.0,83.3,77.3,87.9,96.6,95.8,100.0,0.0,100.0,100.0,100.0,73.0,2.0,3.0,5.0,173.0,9.0,18.0,0.0,283.0,64.0,2.0,2.0,2.0,185.0,5.0,14.0,12.0,1.0,0.0,1.0,38.0,1.0,4.0,24.56,27.61,9.11,25.95,10.46,3933.1,6400.0,7201.5,7233.3,4272.7,7989.3,7007.8,4599.1,7.22,71.58,1.27,1.02,91.67,1.79,19.93,,,49.23,145.45,126.34,66.67,82.79,83.92,80.48,138.99
2020-12-26,15287,14465.0,274.0,547.0,182.0,97,60.0,34.0,3.0,,,81.0,0.0,,,1225.0,159473.0,1984.0,827.0,13.0,24.0,7.0,15.0,90.48,1.19,1.2,0.96,7.92,0.0,0.0,0.0,0.0,0.0,,,,,,,,,,,,,,,,,3.0,3.0,3.0,3.0,3.0,3.0,3.0,33.0,151.0,151.0,151.0,5.0,151.0,51.0,0.94,0.97,1.36,0.57,1.0,3371.0,1706.0,376.0,11.0,5.0,35.0,59.0,72.5,74.7,88.8,100.0,40.0,74.3,74.6,7.9,8.4,3.5,0.0,60.0,8.6,5.1,66.9,90.8,96.4,100.0,83.3,77.3,87.9,96.6,95.8,100.0,0.0,100.0,100.0,100.0,73.0,2.0,3.0,5.0,173.0,9.0,18.0,0.0,283.0,64.0,2.0,2.0,2.0,185.0,5.0,14.0,12.0,1.0,0.0,1.0,38.0,1.0,4.0,28.93,28.52,14.64,26.87,10.99,,,,,,,,,7.46,71.58,1.19,1.04,92.26,1.79,21.27,,,49.23,145.45,126.34,66.67,82.79,83.92,80.48,142.9
2020-12-27,15388,14536.0,275.0,576.0,168.0,101,52.0,49.0,0.0,,,71.0,1.0,,,1146.0,160619.0,1984.0,820.0,13.0,24.0,7.0,15.0,90.48,1.2,1.19,1.01,8.81,0.0,0.0,0.0,0.0,0.0,,,,,,,,,,,,,,,,,3.0,3.0,3.0,3.0,3.0,3.0,3.0,34.0,152.0,152.0,152.0,6.0,152.0,52.0,0.94,0.97,1.36,0.57,1.0,3371.0,1706.0,376.0,11.0,5.0,35.0,59.0,72.5,74.7,88.8,100.0,40.0,74.3,74.6,7.9,8.4,3.5,0.0,60.0,8.6,5.1,66.9,90.8,96.4,100.0,83.3,77.3,87.9,96.6,95.8,100.0,0.0,100.0,100.0,100.0,73.0,2.0,3.0,5.0,173.0,9.0,18.0,0.0,283.0,64.0,2.0,2.0,2.0,185.0,5.0,14.0,12.0,1.0,0.0,1.0,38.0,1.0,4.0,26.86,27.16,10.32,27.76,11.36,,,,,,,,,7.72,71.84,1.3,1.04,92.26,1.79,22.54,,,49.23,145.45,126.34,66.67,82.79,83.92,80.48,150.48
2020-12-28,15452,14619.0,275.0,557.0,149.0,64,54.0,9.0,1.0,,,83.0,0.0,,,466.0,161085.0,1984.0,704.0,13.0,24.0,7.0,14.0,89.88,1.24,1.25,1.11,13.73,0.0,0.0,0.0,0.0,0.0,5210.0,88.0,114.0,217.0,9736.0,477.0,1228.0,833.0,214.0,0.0,2.0,2.0,461.0,5.0,18.0,8.0,3.0,3.0,3.0,3.0,3.0,3.0,3.0,35.0,153.0,153.0,153.0,7.0,153.0,53.0,0.86,0.91,1.42,0.8,1.07,3269.0,1629.0,186.0,2.0,10.0,12.0,54.0,74.4,72.9,78.5,100.0,90.0,66.7,85.2,10.2,12.1,8.6,0.0,20.0,0.0,7.4,81.0,92.7,97.9,100.0,100.0,92.3,93.1,98.5,98.0,93.8,0.0,100.0,0.0,75.0,73.0,2.0,3.0,5.0,174.0,9.0,18.0,0.0,284.0,64.0,2.0,2.0,2.0,186.0,5.0,14.0,12.0,1.0,0.0,1.0,38.0,1.0,4.0,45.27,47.77,21.24,30.32,12.34,4007.7,6400.0,7201.5,7233.3,4356.9,8006.0,7059.5,4677.2,9.06,71.84,1.27,0.63,91.67,1.79,22.54,,,49.23,145.45,126.34,66.67,83.24,83.92,80.48,145.52
2020-12-29,15530,14687.0,275.0,567.0,137.0,78,66.0,12.0,0.0,,,68.0,0.0,,,1115.0,162200.0,1984.0,677.0,13.0,24.0,7.0,14.0,89.88,1.32,1.32,1.24,7.0,0.0,0.0,0.0,0.0,0.0,,,,,,,,,,,,,,,,,3.0,3.0,3.0,3.0,3.0,3.0,3.0,36.0,154.0,154.0,154.0,8.0,154.0,54.0,0.86,0.91,1.42,0.8,1.07,3269.0,1629.0,186.0,2.0,10.0,12.0,54.0,74.4,72.9,78.5,100.0,90.0,66.7,85.2,10.2,12.1,8.6,0.0,20.0,0.0,7.4,81.0,92.7,97.9,100.0,100.0,92.3,93.1,98.5,98.0,93.8,0.0,100.0,0.0,75.0,73.0,2.0,3.0,5.0,174.0,9.0,18.0,0.0,284.0,64.0,2.0,2.0,2.0,186.0,5.0,14.0,12.0,1.0,0.0,1.0,38.0,1.0,4.0,45.14,46.36,21.02,33.47,13.92,,,,,,,,,9.04,71.84,1.18,1.22,91.67,1.79,21.95,,,49.23,145.45,126.34,66.67,83.24,83.92,80.48,148.13
2020-12-30,15656,14768.0,275.0,612.0,168.0,124,104.0,17.0,3.0,,,81.0,0.0,,,645.0,162845.0,1984.0,629.0,13.0,31.0,7.0,20.0,90.28,1.31,1.3,1.28,19.22,0.0,0.0,0.0,0.0,0.0,,,,,,,,,,,,,,,,,3.0,3.0,3.0,3.0,3.0,3.0,3.0,37.0,155.0,155.0,155.0,9.0,155.0,55.0,0.86,0.91,1.42,0.8,1.07,3269.0,1629.0,186.0,2.0,10.0,12.0,54.0,74.4,72.9,78.5,100.0,90.0,66.7,85.2,10.2,12.1,8.6,0.0,20.0,0.0,7.4,81.0,92.7,97.9,100.0,100.0,92.3,93.1,98.5,98.0,93.8,0.0,100.0,0.0,75.0,73.0,2.0,3.0,5.0,174.0,9.0,18.0,0.0,284.0,64.0,2.0,2.0,2.0,186.0,5.0,14.0,12.0,1.0,0.0,1.0,38.0,1.0,4.0,42.37,42.73,19.84,35.04,15.05,,,,,,,,,10.45,71.84,1.33,1.59,91.61,1.32,24.18,,,49.23,145.45,126.34,66.67,83.24,83.92,80.48,159.89
2020-12-31,15733,14846.0,284.0,602.0,191.0,78,43.0,33.0,2.0,,,78.0,9.0,,,1120.0,163965.0,1969.0,605.0,13.0,31.0,8.0,20.0,90.09,1.3,1.3,1.28,6.96,0.0,0.0,0.0,0.0,0.0,,,,,,,,,,,,,,,,,3.0,3.0,3.0,3.0,3.0,3.0,3.0,38.0,156.0,156.0,156.0,10.0,156.0,56.0,0.86,0.91,1.42,0.8,1.07,3269.0,1629.0,186.0,2.0,10.0,12.0,54.0,74.4,72.9,78.5,100.0,90.0,66.7,85.2,10.2,12.1,8.6,0.0,20.0,0.0,7.4,81.0,92.7,97.9,100.0,100.0,92.3,93.1,98.5,98.0,93.8,0.0,100.0,0.0,75.0,73.0,2.0,3.0,5.0,174.0,9.0,18.0,0.0,284.0,64.0,2.0,2.0,2.0,186.0,5.0,14.0,12.0,1.0,0.0,1.0,38.0,1.0,4.0,36.4,39.7,13.58,37.12,15.68,,,,,,,,,10.4,74.2,1.28,0.63,89.63,0.46,23.7,,,49.23,145.45,126.34,66.67,83.24,83.92,80.48,157.27
2021-01-01,15896,14924.0,287.0,684.0,218.0,163,100.0,62.0,1.0,,,78.0,3.0,,,1110.0,165075.0,1969.0,586.0,13.0,31.0,8.0,20.0,89.9,1.3,1.3,1.34,14.68,0.0,0.0,0.0,0.0,0.0,5423.0,90.0,114.0,219.0,10103.0,477.0,1249.0,836.0,295.0,2.0,1.0,2.0,568.0,2.0,26.0,12.0,3.0,3.0,3.0,3.0,3.0,3.0,3.0,39.0,157.0,157.0,157.0,11.0,157.0,57.0,0.86,0.91,1.42,0.8,1.07,3269.0,1629.0,186.0,2.0,10.0,12.0,54.0,74.4,72.9,78.5,100.0,90.0,66.7,85.2,10.2,12.1,8.6,0.0,20.0,0.0,7.4,81.0,92.7,97.9,100.0,100.0,92.3,93.1,98.5,98.0,93.8,0.0,100.0,0.0,75.0,76.0,3.0,3.0,5.0,179.0,10.0,20.0,0.0,296.0,68.0,2.0,2.0,2.0,191.0,6.0,16.0,12.0,1.0,0.0,1.0,39.0,1.0,4.0,38.76,41.37,19.96,39.09,17.23,4171.6,6545.5,7201.5,7300.0,4521.1,8006.0,7180.2,4836.0,11.19,74.98,1.32,2.09,89.44,0.46,26.31,,,52.31,145.45,126.34,66.67,85.47,100.7,91.98,178.7
2021-01-02,16006,15032.0,289.0,684.0,227.0,110,55.0,54.0,1.0,,,108.0,2.0,,,947.0,166022.0,1933.0,623.0,12.0,31.0,8.0,19.0,89.25,1.26,1.27,1.28,11.62,0.0,0.0,0.0,0.0,0.0,,,,,,,,,,,,,,,,,3.0,3.0,3.0,3.0,3.0,3.0,3.0,40.0,158.0,158.0,158.0,12.0,158.0,58.0,0.94,0.95,1.26,0.9,0.86,3269.0,1629.0,186.0,2.0,10.0,12.0,54.0,74.4,72.9,78.5,100.0,90.0,66.7,85.2,10.2,12.1,8.6,0.0,20.0,0.0,7.4,81.0,92.7,97.9,100.0,100.0,92.3,93.1,98.5,98.0,93.8,0.0,100.0,0.0,75.0,76.0,3.0,3.0,5.0,179.0,10.0,20.0,0.0,296.0,68.0,2.0,2.0,2.0,191.0,6.0,16.0,12.0,1.0,0.0,1.0,39.0,1.0,4.0,36.8,39.31,16.05,40.63,17.43,,,,,,,,,11.72,75.5,1.26,0.67,88.79,0.46,26.8,,,52.31,145.45,126.34,66.67,85.47,100.7,91.98,178.7
2021-01-03,16108,15111.0,290.0,706.0,228.0,102,54.0,48.0,0.0,,,79.0,1.0,,,1125.0,167147.0,1933.0,616.0,12.0,31.0,8.0,20.0,89.06,1.28,1.27,1.45,9.07,0.0,0.0,0.0,0.0,0.0,,,,,,,,,,,,,,,,,3.0,3.0,3.0,3.0,3.0,3.0,3.0,41.0,159.0,159.0,159.0,13.0,159.0,59.0,0.94,0.95,1.26,0.9,0.86,3269.0,1629.0,186.0,2.0,10.0,12.0,54.0,74.4,72.9,78.5,100.0,90.0,66.7,85.2,10.2,12.1,8.6,0.0,20.0,0.0,7.4,81.0,92.7,97.9,100.0,100.0,92.3,93.1,98.5,98.0,93.8,0.0,100.0,0.0,75.0,76.0,3.0,3.0,5.0,179.0,10.0,20.0,0.0,296.0,68.0,2.0,2.0,2.0,191.0,6.0,16.0,12.0,1.0,0.0,1.0,39.0,1.0,4.0,44.69,42.96,34.27,42.89,20.85,,,,,,,,,11.76,75.76,1.19,0.93,88.59,0.46,26.83,,,52.31,145.45,126.34,66.67,85.47,100.7,91.98,184.44
2021-01-04,16211,15237.0,290.0,683.0,229.0,103,69.0,33.0,1.0,,,126.0,0.0,,,834.0,167981.0,1933.0,613.0,12.0,31.0,8.0,20.0,89.46,1.31,1.3,1.54,12.35,0.0,0.0,0.0,0.0,0.0,5523.0,91.0,114.0,219.0,10395.0,478.0,1259.0,836.0,261.0,3.0,0.0,2.0,617.0,1.0,28.0,4.0,1.0,3.0,3.0,3.0,1.0,3.0,3.0,0.0,160.0,160.0,160.0,0.0,160.0,60.0,0.78,0.78,1.23,0.64,0.83,4180.0,1706.0,246.0,16.0,8.0,19.0,57.0,73.9,70.3,81.3,81.2,100.0,68.4,75.4,13.6,15.8,9.3,18.8,0.0,10.5,3.5,82.5,92.9,95.0,94.1,100.0,95.0,86.4,98.4,98.9,82.6,100.0,0.0,100.0,100.0,78.0,3.0,3.0,5.0,180.0,10.0,20.0,0.0,299.0,70.0,2.0,2.0,2.0,192.0,6.0,16.0,12.0,1.0,0.0,1.0,39.0,1.0,4.0,68.17,70.75,42.07,46.17,23.83,4248.5,6618.2,7201.5,7300.0,4651.8,8022.8,7237.7,4941.6,11.56,75.76,1.25,1.01,89.0,0.46,28.29,,,53.85,145.45,126.34,66.67,85.92,100.7,91.98,178.43
2021-01-05,16438,15321.0,291.0,826.0,220.0,226,202.0,24.0,0.0,,,84.0,1.0,,,1320.0,169301.0,2493.0,562.0,12.0,31.0,8.0,16.0,88.02,1.29,1.28,1.54,17.12,120.0,0.0,0.0,0.0,0.0,,,,,,,,,,,,,,,,,1.0,3.0,3.0,3.0,1.0,3.0,3.0,1.0,161.0,161.0,161.0,1.0,161.0,61.0,0.78,0.78,1.23,0.64,0.83,4180.0,1706.0,246.0,16.0,8.0,19.0,57.0,73.9,70.3,81.3,81.2,100.0,68.4,75.4,13.6,15.8,9.3,18.8,0.0,10.5,3.5,82.5,92.9,95.0,94.1,100.0,95.0,86.4,98.4,98.9,82.6,100.0,0.0,100.0,100.0,78.0,3.0,3.0,5.0,180.0,10.0,20.0,0.0,299.0,70.0,2.0,2.0,2.0,192.0,6.0,16.0,12.0,1.0,0.0,1.0,39.0,1.0,4.0,58.6,59.49,37.38,48.05,26.16,,,,,,,,,13.0,76.02,1.54,2.19,87.56,0.46,33.81,,,53.85,145.45,126.34,66.67,85.92,100.7,91.98,215.79
2021-01-06,16573,15414.0,291.0,867.0,214.0,137,114.0,20.0,3.0,,,93.0,0.0,,,857.0,170158.0,1800.0,561.0,11.0,31.0,5.0,25.0,88.94,1.3,1.28,1.65,15.99,160.0,0.0,0.0,0.0,0.0,,,,,,,,,,,,,,,,,1.0,3.0,3.0,3.0,1.0,3.0,3.0,2.0,162.0,162.0,162.0,2.0,162.0,62.0,0.78,0.78,1.23,0.64,0.83,4180.0,1706.0,246.0,16.0,8.0,19.0,57.0,73.9,70.3,81.3,81.2,100.0,68.4,75.4,13.6,15.8,9.3,18.8,0.0,10.5,3.5,82.5,92.9,95.0,94.1,100.0,95.0,86.4,98.4,98.9,82.6,100.0,0.0,100.0,100.0,78.0,3.0,3.0,5.0,180.0,10.0,20.0,0.0,299.0,70.0,2.0,2.0,2.0,192.0,6.0,16.0,12.0,1.0,0.0,1.0,39.0,1.0,4.0,63.26,62.47,52.28,50.87,30.8,,,,,,,,,12.54,76.02,1.42,0.61,88.94,0.0,34.3,,,53.85,145.45,126.34,66.67,85.92,100.7,91.98,226.51
2021-01-07,16704,15503.0,296.0,905.0,257.0,128,71.0,57.0,0.0,,,89.0,5.0,,,951.0,171109.0,1800.0,646.0,11.0,34.0,19.0,13.0,89.48,1.33,1.3,1.68,13.46,160.0,0.0,0.0,0.0,0.0,,,,,,,,,,,,,,,,,1.0,3.0,3.0,3.0,1.0,3.0,3.0,3.0,163.0,163.0,163.0,3.0,163.0,63.0,0.78,0.78,1.23,0.64,0.83,4180.0,1706.0,246.0,16.0,8.0,19.0,57.0,73.9,70.3,81.3,81.2,100.0,68.4,75.4,13.6,15.8,9.3,18.8,0.0,10.5,3.5,82.5,92.9,95.0,94.1,100.0,95.0,86.4,98.4,98.9,82.6,100.0,0.0,100.0,100.0,78.0,3.0,3.0,5.0,180.0,10.0,20.0,0.0,299.0,70.0,2.0,2.0,2.0,192.0,6.0,16.0,12.0,1.0,0.0,1.0,39.0,1.0,4.0,65.06,64.54,44.85,54.41,35.26,,,,,,,,,13.47,77.33,1.53,0.93,89.48,0.0,36.16,,,53.85,145.45,126.34,66.67,85.92,100.7,91.98,236.43
2021-01-08,16973,15587.0,298.0,1088.0,284.0,269,171.0,94.0,4.0,,,84.0,2.0,,,2120.0,173229.0,1615.0,671.0,11.0,34.0,23.0,8.0,89.6,1.3,1.28,1.62,12.69,160.0,0.0,0.0,0.0,0.0,5827.0,92.0,114.0,219.0,10984.0,490.0,1283.0,832.0,418.0,4.0,0.0,1.0,896.0,13.0,35.0,5.0,1.0,3.0,3.0,3.0,1.0,3.0,3.0,4.0,164.0,164.0,164.0,4.0,164.0,64.0,0.78,0.78,1.23,0.64,0.83,4180.0,1706.0,246.0,16.0,8.0,19.0,57.0,73.9,70.3,81.3,81.2,100.0,68.4,75.4,13.6,15.8,9.3,18.8,0.0,10.5,3.5,82.5,92.9,95.0,94.1,100.0,95.0,86.4,98.4,98.9,82.6,100.0,0.0,100.0,100.0,81.0,3.0,3.0,5.0,184.0,10.0,20.0,0.0,306.0,70.0,2.0,2.0,2.0,192.0,6.0,16.0,12.0,1.0,0.0,1.0,39.0,1.0,4.0,55.59,57.22,40.21,56.68,38.16,4482.3,6690.9,7201.5,7300.0,4915.4,8224.2,7375.7,5183.5,13.18,77.85,1.52,2.1,89.6,0.0,40.12,,,53.85,145.45,126.34,66.67,85.92,100.7,91.98,284.24
2021-01-09,17155,15769.0,300.0,1086.0,293.0,182,107.0,75.0,0.0,,,182.0,2.0,,,1394.0,174623.0,1615.0,794.0,11.0,34.0,24.0,8.0,90.61,1.26,1.24,1.52,13.06,160.0,0.0,0.0,0.0,0.0,,,,,,,,,,,,,,,,,1.0,3.0,3.0,3.0,1.0,3.0,3.0,5.0,165.0,165.0,165.0,5.0,165.0,65.0,0.8,0.84,1.08,0.48,0.61,4180.0,1706.0,246.0,16.0,8.0,19.0,57.0,73.9,70.3,81.3,81.2,100.0,68.4,75.4,13.6,15.8,9.3,18.8,0.0,10.5,3.5,82.5,92.9,95.0,94.1,100.0,95.0,86.4,98.4,98.9,82.6,100.0,0.0,100.0,100.0,81.0,3.0,3.0,5.0,184.0,10.0,20.0,0.0,306.0,70.0,2.0,2.0,2.0,192.0,6.0,16.0,12.0,1.0,0.0,1.0,39.0,1.0,4.0,47.5,49.53,29.0,58.14,40.01,,,,,,,,,13.39,78.38,1.6,0.68,90.61,0.0,42.81,,,53.85,145.45,126.34,66.67,85.92,100.7,91.98,283.72
2021-01-10,17340,15948.0,303.0,1088.0,310.0,184,97.0,86.0,1.0,,,179.0,3.0,,,1506.0,176129.0,1615.0,859.0,11.0,34.0,24.0,5.0,89.89,1.18,1.17,1.4,12.22,160.0,0.0,0.0,0.0,0.0,,,,,,,,,,,,,,,,,1.0,3.0,3.0,3.0,1.0,3.0,3.0,6.0,166.0,166.0,166.0,6.0,166.0,66.0,0.8,0.84,1.08,0.48,0.61,4180.0,1706.0,246.0,16.0,8.0,19.0,57.0,73.9,70.3,81.3,81.2,100.0,68.4,75.4,13.6,15.8,9.3,18.8,0.0,10.5,3.5,82.5,92.9,95.0,94.1,100.0,95.0,86.4,98.4,98.9,82.6,100.0,0.0,100.0,100.0,81.0,3.0,3.0,5.0,184.0,10.0,20.0,0.0,306.0,70.0,2.0,2.0,2.0,192.0,6.0,16.0,12.0,1.0,0.0,1.0,39.0,1.0,4.0,38.03,37.43,37.32,57.35,40.44,,,,,,,,,13.84,79.16,1.71,1.01,89.89,0.0,45.87,,,53.85,145.45,126.34,66.67,85.92,100.7,91.98,284.24
2021-01-11,17513,16108.0,305.0,1100.0,322.0,173,104.0,67.0,2.0,,,160.0,2.0,,,1280.0,177409.0,1615.0,847.0,11.0,35.0,23.0,8.0,89.64,1.11,1.1,1.29,13.52,160.0,0.0,0.0,0.0,0.0,6047.0,92.0,115.0,222.0,11402.0,515.0,1309.0,833.0,426.0,1.0,1.0,3.0,917.0,36.0,40.0,5.0,1.0,3.0,3.0,3.0,1.0,3.0,3.0,7.0,167.0,167.0,167.0,7.0,167.0,67.0,0.77,0.79,1.25,0.53,0.75,5551.0,2376.0,420.0,8.0,4.0,55.0,100.0,75.4,75.5,86.2,87.5,100.0,90.9,77.0,14.8,16.2,9.0,12.5,0.0,3.6,21.0,74.8,83.7,92.9,88.9,100.0,50.9,84.6,97.0,98.2,71.1,100.0,0.0,100.0,100.0,82.0,3.0,3.0,5.0,190.0,10.0,20.0,0.0,313.0,73.0,2.0,2.0,3.0,203.0,6.0,16.0,13.0,1.0,0.0,1.0,39.0,1.0,4.0,57.56,59.63,41.04,55.76,40.3,4651.6,6690.9,7264.7,7400.0,5102.4,8643.8,7525.2,5364.8,14.01,79.68,1.71,0.94,89.64,0.0,48.48,,,56.15,145.45,126.34,100.0,90.84,100.7,91.98,287.38
2021-01-12,17715,16244.0,305.0,1166.0,322.0,202,100.0,93.0,9.0,,,136.0,0.0,,,1997.0,179406.0,1615.0,853.0,11.0,34.0,26.0,8.0,92.86,1.04,1.03,1.26,10.12,160.0,0.0,0.0,0.0,0.0,,,,,,,,,,,,,,,,,1.0,3.0,3.0,3.0,1.0,3.0,3.0,8.0,168.0,168.0,168.0,8.0,168.0,68.0,0.77,0.79,1.25,0.53,0.75,5551.0,2376.0,420.0,8.0,4.0,55.0,100.0,75.4,75.5,86.2,87.5,100.0,90.9,77.0,14.8,16.2,9.0,12.5,0.0,3.6,21.0,74.8,83.7,92.9,88.9,100.0,50.9,84.6,97.0,98.2,71.1,100.0,0.0,100.0,100.0,82.0,3.0,3.0,5.0,190.0,10.0,20.0,0.0,313.0,73.0,2.0,2.0,3.0,203.0,6.0,16.0,13.0,1.0,0.0,1.0,39.0,1.0,4.0,44.96,44.71,45.36,53.65,41.44,,,,,,,,,13.01,79.68,1.41,1.17,92.86,0.0,47.59,,,56.15,145.45,126.34,100.0,90.84,100.7,91.98,304.62
2021-01-13,17907,16380.0,305.0,1222.0,325.0,193,111.0,79.0,3.0,,,136.0,0.0,,,1300.0,180706.0,1615.0,859.0,11.0,36.0,30.0,5.0,92.93,1.05,1.05,1.16,14.85,160.0,0.0,0.0,0.0,0.0,,,,,,,,,,,,,,,,,1.0,3.0,3.0,3.0,1.0,3.0,3.0,9.0,169.0,169.0,169.0,9.0,169.0,69.0,0.77,0.79,1.25,0.53,0.75,5551.0,2376.0,420.0,8.0,4.0,55.0,100.0,75.4,75.5,86.2,87.5,100.0,90.9,77.0,14.8,16.2,9.0,12.5,0.0,3.6,21.0,74.8,83.7,92.9,88.9,100.0,50.9,84.6,97.0,98.2,71.1,100.0,0.0,100.0,100.0,82.0,3.0,3.0,5.0,190.0,10.0,20.0,0.0,313.0,73.0,2.0,2.0,3.0,203.0,6.0,16.0,13.0,1.0,0.0,1.0,39.0,1.0,4.0,70.79,69.99,43.6,54.72,40.2,,,,,,,,,12.84,79.68,1.45,0.96,92.93,0.0,49.68,,,56.15,145.45,126.34,100.0,90.84,100.7,91.98,319.25
2021-01-14,18186,16504.0,309.0,1373.0,339.0,280,188.0,91.0,1.0,,,124.0,4.0,,,1452.0,182158.0,1615.0,969.0,11.0,40.0,31.0,9.0,93.77,1.01,1.02,1.1,19.28,160.0,0.0,0.0,0.0,0.0,,,,,,,,,,,,,,,,,1.0,3.0,3.0,3.0,1.0,2.0,2.0,10.0,170.0,170.0,170.0,10.0,0.0,0.0,0.77,0.79,1.25,0.53,0.75,5551.0,2376.0,420.0,8.0,4.0,55.0,100.0,75.4,75.5,86.2,87.5,100.0,90.9,77.0,14.8,16.2,9.0,12.5,0.0,3.6,21.0,74.8,83.7,92.9,88.9,100.0,50.9,84.6,97.0,98.2,71.1,100.0,0.0,100.0,100.0,82.0,3.0,3.0,5.0,190.0,10.0,20.0,0.0,313.0,73.0,2.0,2.0,3.0,203.0,6.0,16.0,13.0,1.0,0.0,1.0,39.0,1.0,4.0,53.15,56.77,37.32,53.61,39.12,,,,,,,,,13.67,80.73,1.53,1.45,93.77,0.0,55.35,,,56.15,145.45,126.34,100.0,90.84,100.7,91.98,358.7
2021-01-15,18426,16680.0,311.0,1435.0,344.0,240,194.0,46.0,0.0,,,176.0,2.0,,,1268.0,183426.0,1615.0,1010.0,11.0,46.0,35.0,9.0,94.41,0.98,0.98,1.1,18.93,160.0,0.0,0.0,0.0,0.0,6429.0,100.0,115.0,230.0,12085.0,533.0,1333.0,835.0,548.0,8.0,1.0,8.0,1115.0,46.0,47.0,9.0,1.0,3.0,3.0,3.0,1.0,2.0,2.0,11.0,171.0,171.0,171.0,11.0,1.0,1.0,0.77,0.79,1.25,0.53,0.75,5551.0,2376.0,420.0,8.0,4.0,55.0,100.0,75.4,75.5,86.2,87.5,100.0,90.9,77.0,14.8,16.2,9.0,12.5,0.0,3.6,21.0,74.8,83.7,92.9,88.9,100.0,50.9,84.6,97.0,98.2,71.1,100.0,0.0,100.0,100.0,84.0,3.0,3.0,5.0,194.0,10.0,20.0,0.0,319.0,75.0,2.0,2.0,3.0,207.0,6.0,16.0,13.0,1.0,0.0,1.0,39.0,1.0,4.0,43.89,44.23,45.65,51.76,39.9,4945.4,7272.7,7264.7,7666.7,5408.1,8946.0,7663.1,5658.7,14.57,81.25,1.35,0.86,94.41,0.0,54.27,,,57.69,145.45,126.34,100.0,92.63,100.7,91.98,374.9
2021-01-16,18573,16930.0,314.0,1330.0,337.0,149,97.0,49.0,3.0,,,250.0,3.0,,,1716.0,185142.0,1615.0,1137.0,11.0,46.0,39.0,7.0,95.25,0.96,0.96,1.12,8.68,160.0,0.0,0.0,0.0,0.0,,,,,,,,,,,,,,,,,1.0,3.0,3.0,3.0,1.0,2.0,2.0,12.0,172.0,172.0,172.0,12.0,2.0,2.0,0.75,0.84,1.05,0.34,0.55,5551.0,2376.0,420.0,8.0,4.0,55.0,100.0,75.4,75.5,86.2,87.5,100.0,90.9,77.0,14.8,16.2,9.0,12.5,0.0,3.6,21.0,74.8,83.7,92.9,88.9,100.0,50.9,84.6,97.0,98.2,71.1,100.0,0.0,100.0,100.0,84.0,3.0,3.0,5.0,194.0,10.0,20.0,0.0,319.0,75.0,2.0,2.0,3.0,207.0,6.0,16.0,13.0,1.0,0.0,1.0,39.0,1.0,4.0,40.15,40.36,40.48,50.45,41.54,,,,,,,,,13.94,82.03,1.24,0.62,95.25,0.0,53.03,,,57.69,145.45,126.34,100.0,92.63,100.7,91.98,347.46
2021-01-17,18804,17156.0,315.0,1330.0,328.0,231,115.0,114.0,2.0,,,226.0,1.0,,,1981.0,187123.0,1615.0,1127.0,11.0,46.0,38.0,5.0,96.42,0.97,0.96,1.11,11.66,160.0,0.0,0.0,0.0,0.0,,,,,,,,,,,,,,,,,1.0,3.0,3.0,3.0,1.0,2.0,2.0,13.0,173.0,173.0,173.0,13.0,3.0,3.0,0.75,0.84,1.05,0.34,0.55,5551.0,2376.0,420.0,8.0,4.0,55.0,100.0,75.4,75.5,86.2,87.5,100.0,90.9,77.0,14.8,16.2,9.0,12.5,0.0,3.6,21.0,74.8,83.7,92.9,88.9,100.0,50.9,84.6,97.0,98.2,71.1,100.0,0.0,100.0,100.0,84.0,3.0,3.0,5.0,194.0,10.0,20.0,0.0,319.0,75.0,2.0,2.0,3.0,207.0,6.0,16.0,13.0,1.0,0.0,1.0,39.0,1.0,4.0,37.45,36.5,41.03,50.31,42.07,,,,,,,,,13.86,82.29,1.19,1.55,96.42,0.0,54.79,,,57.69,145.45,126.34,100.0,92.63,100.7,91.98,347.46
2021-01-18,19003,17403.0,319.0,1281.0,301.0,200,87.0,113.0,0.0,,,247.0,4.0,,,2172.0,189295.0,1615.0,1168.0,11.0,46.0,36.0,8.0,97.43,0.99,0.97,1.21,9.21,160.0,0.0,0.0,0.0,0.0,6614.0,103.0,117.0,242.0,12551.0,546.0,1356.0,837.0,470.0,10.0,2.0,18.0,987.0,38.0,51.0,10.0,1.0,3.0,3.0,3.0,1.0,2.0,2.0,14.0,174.0,174.0,174.0,14.0,4.0,4.0,0.79,0.78,1.23,0.57,0.78,6008.0,2691.0,376.0,23.0,1.0,87.0,143.0,76.1,73.0,74.5,73.9,100.0,73.6,75.5,13.9,16.2,9.8,21.7,0.0,18.4,16.8,80.4,90.0,86.7,95.8,100.0,98.8,88.3,97.0,98.2,89.2,100.0,0.0,100.0,100.0,91.0,3.0,3.0,5.0,195.0,10.0,20.0,0.0,327.0,79.0,2.0,2.0,3.0,211.0,6.0,16.0,13.0,1.0,0.0,1.0,40.0,1.0,4.0,61.81,59.56,72.65,50.3,46.58,5087.7,7490.9,7391.0,8066.7,5616.6,9164.1,7795.3,5843.1,13.25,83.34,1.15,0.87,97.43,0.0,55.8,,,60.77,145.45,126.34,100.0,94.42,100.7,91.98,334.66
2021-01-19,19178,17626.0,319.0,1233.0,271.0,176,143.0,32.0,1.0,,,223.0,0.0,,,1301.0,190596.0,1615.0,1195.0,11.0,46.0,36.0,8.0,96.81,1.01,1.01,1.21,13.53,160.0,0.0,0.0,0.0,0.0,,,,,,,,,,,,,,,,,1.0,3.0,3.0,3.0,1.0,2.0,2.0,15.0,175.0,175.0,175.0,15.0,5.0,5.0,0.79,0.78,1.23,0.57,0.78,6008.0,2691.0,376.0,23.0,1.0,87.0,143.0,76.1,73.0,74.5,73.9,100.0,73.6,75.5,13.9,16.2,9.8,21.7,0.0,18.4,16.8,80.4,90.0,86.7,95.8,100.0,98.8,88.3,97.0,98.2,89.2,100.0,0.0,100.0,100.0,91.0,3.0,3.0,5.0,195.0,10.0,20.0,0.0,327.0,79.0,2.0,2.0,3.0,211.0,6.0,16.0,13.0,1.0,0.0,1.0,40.0,1.0,4.0,54.11,55.35,57.3,51.82,48.29,,,,,,,,,13.73,83.34,1.15,0.88,96.81,0.0,54.83,,,60.77,145.45,126.34,100.0,94.42,100.7,91.98,322.12
2021-01-20,19418,17845.0,319.0,1253.0,280.0,240,142.0,97.0,1.0,,,219.0,0.0,,,2229.0,192825.0,1615.0,1216.0,11.0,51.0,37.0,10.0,96.08,0.95,0.95,1.14,10.77,160.0,0.0,0.0,0.0,0.0,,,,,,,,,,,,,,,,,1.0,3.0,3.0,3.0,1.0,2.0,2.0,16.0,176.0,176.0,176.0,16.0,6.0,6.0,0.79,0.78,1.23,0.57,0.78,6008.0,2691.0,376.0,23.0,1.0,87.0,143.0,76.1,73.0,74.5,73.9,100.0,73.6,75.5,13.9,16.2,9.8,21.7,0.0,18.4,16.8,80.4,90.0,86.7,95.8,100.0,98.8,88.3,97.0,98.2,89.2,100.0,0.0,100.0,100.0,91.0,3.0,3.0,5.0,195.0,10.0,20.0,0.0,327.0,79.0,2.0,2.0,3.0,211.0,6.0,16.0,13.0,1.0,0.0,1.0,40.0,1.0,4.0,46.81,48.52,37.58,48.75,47.43,,,,,,,,,13.15,83.34,1.14,1.36,96.08,0.0,56.58,,,60.77,145.45,126.34,100.0,94.42,100.7,91.98,327.35
2021-01-21,19633,18013.0,325.0,1293.0,300.0,220,126.0,92.0,2.0,,,168.0,6.0,,,1748.0,194573.0,1615.0,1258.0,11.0,50.0,42.0,5.0,95.23,0.93,0.93,1.11,12.59,160.0,0.0,0.0,0.0,0.0,,,,,,,,,,,,,,,,,1.0,3.0,3.0,3.0,1.0,2.0,2.0,17.0,177.0,177.0,177.0,17.0,7.0,7.0,0.79,0.78,1.23,0.57,0.78,6008.0,2691.0,376.0,23.0,1.0,87.0,143.0,76.1,73.0,74.5,73.9,100.0,73.6,75.5,13.9,16.2,9.8,21.7,0.0,18.4,16.8,80.4,90.0,86.7,95.8,100.0,98.8,88.3,97.0,98.2,89.2,100.0,0.0,100.0,100.0,91.0,3.0,3.0,5.0,195.0,10.0,20.0,0.0,327.0,79.0,2.0,2.0,3.0,211.0,6.0,16.0,13.0,1.0,0.0,1.0,40.0,1.0,4.0,45.42,48.53,35.82,47.58,47.22,,,,,,,,,12.19,84.91,0.98,0.92,95.23,0.0,54.34,,,60.77,145.45,126.34,100.0,94.42,100.7,91.98,337.8
2021-01-22,19789,18156.0,330.0,1301.0,308.0,156,83.0,73.0,0.0,,,143.0,5.0,,,1375.0,195948.0,1615.0,1314.0,11.0,50.0,39.0,9.0,95.28,0.96,0.96,1.07,11.35,160.0,0.0,0.0,0.0,0.0,6932.0,105.0,118.0,261.0,13133.0,574.0,1395.0,840.0,487.0,4.0,2.0,29.0,1004.0,39.0,53.0,9.0,1.0,3.0,3.0,3.0,1.0,2.0,2.0,18.0,178.0,178.0,178.0,18.0,8.0,8.0,0.79,0.78,1.23,0.57,0.78,6008.0,2691.0,376.0,23.0,1.0,87.0,143.0,76.1,73.0,74.5,73.9,100.0,73.6,75.5,13.9,16.2,9.8,21.7,0.0,18.4,16.8,80.4,90.0,86.7,95.8,100.0,98.8,88.3,97.0,98.2,89.2,100.0,0.0,100.0,100.0,93.0,3.0,4.0,5.0,204.0,10.0,21.0,0.0,340.0,79.0,2.0,2.0,3.0,211.0,6.0,16.0,13.0,1.0,0.0,1.0,40.0,1.0,4.0,47.55,47.26,41.09,48.01,46.56,5332.3,7636.4,7454.2,8700.0,5877.0,9634.1,8019.5,6102.3,11.11,86.21,0.94,0.71,95.28,0.0,51.21,,,60.77,145.45,126.34,100.0,94.42,100.7,91.98,339.89
2021-01-23,19950,18411.0,332.0,1205.0,304.0,160,108.0,52.0,0.0,,,255.0,2.0,,,1618.0,197566.0,1615.0,1218.0,11.0,56.0,44.0,2.0,92.73,0.96,0.96,1.07,9.89,160.0,0.0,0.0,0.0,0.0,,,,,,,,,,,,,,,,,1.0,3.0,3.0,2.0,1.0,2.0,1.0,19.0,179.0,179.0,0.0,19.0,9.0,0.0,0.76,0.85,1.03,0.33,0.6,6008.0,2691.0,376.0,23.0,1.0,87.0,143.0,76.1,73.0,74.5,73.9,100.0,73.6,75.5,13.9,16.2,9.8,21.7,0.0,18.4,16.8,80.4,90.0,86.7,95.8,100.0,98.8,88.3,97.0,98.2,89.2,100.0,0.0,100.0,100.0,93.0,3.0,4.0,5.0,204.0,10.0,21.0,0.0,340.0,79.0,2.0,2.0,3.0,211.0,6.0,16.0,13.0,1.0,0.0,1.0,40.0,1.0,4.0,37.75,38.8,45.61,47.79,47.3,,,,,,,,,11.28,86.74,0.97,1.03,92.73,0.0,51.62,,,60.77,145.45,126.34,100.0,94.42,100.7,91.98,314.81
2021-01-24,20123,18610.0,336.0,1175.0,302.0,174,86.0,86.0,2.0,,,199.0,4.0,,,1796.0,199362.0,1615.0,1101.0,11.0,54.0,44.0,5.0,92.33,0.93,0.93,1.03,9.69,160.0,0.0,0.0,0.0,0.0,,,,,,,,,,,,,,,,,1.0,3.0,3.0,2.0,1.0,2.0,1.0,20.0,180.0,180.0,1.0,20.0,10.0,1.0,0.76,0.85,1.03,0.33,0.6,6008.0,2691.0,376.0,23.0,1.0,87.0,143.0,76.1,73.0,74.5,73.9,100.0,73.6,75.5,13.9,16.2,9.8,21.7,0.0,18.4,16.8,80.4,90.0,86.7,95.8,100.0,98.8,88.3,97.0,98.2,89.2,100.0,0.0,100.0,100.0,93.0,3.0,4.0,5.0,204.0,10.0,21.0,0.0,340.0,79.0,2.0,2.0,3.0,211.0,6.0,16.0,13.0,1.0,0.0,1.0,40.0,1.0,4.0,24.19,24.65,31.88,46.1,45.99,,,,,,,,,11.0,87.78,0.9,1.09,92.33,0.0,49.49,,,60.77,145.45,126.34,100.0,94.42,100.7,91.98,306.97
2021-01-25,20276,18808.0,338.0,1128.0,282.0,153,80.0,72.0,1.0,,,198.0,2.0,,,1207.0,200569.0,1615.0,1358.0,11.0,56.0,43.0,9.0,91.94,0.92,0.93,0.96,12.68,160.0,0.0,0.0,0.0,0.0,7141.0,106.0,118.0,272.0,13474.0,586.0,1417.0,841.0,447.0,3.0,2.0,26.0,843.0,40.0,51.0,4.0,1.0,3.0,3.0,2.0,1.0,2.0,1.0,21.0,181.0,181.0,2.0,21.0,11.0,2.0,0.82,0.79,1.22,0.49,0.8,5191.0,2586.0,256.0,27.0,11.0,161.0,199.0,78.4,78.2,73.0,96.3,63.6,88.2,85.4,13.2,14.7,14.5,11.1,27.3,19.3,9.0,74.7,90.0,84.2,93.1,100.0,90.4,92.9,97.8,98.4,81.1,100.0,100.0,96.8,94.4,95.0,3.0,4.0,5.0,210.0,10.0,21.0,0.0,348.0,82.0,2.0,2.0,3.0,227.0,6.0,16.0,14.0,1.0,0.0,1.0,42.0,1.0,4.0,53.94,52.71,50.31,45.12,42.8,5493.1,7709.1,7454.2,9066.7,6029.6,9835.5,8146.0,6258.3,11.5,88.3,0.86,0.88,91.94,0.0,47.73,,,63.08,145.45,126.34,100.0,101.58,100.7,91.98,294.69
2021-01-26,20395,19005.0,338.0,1050.0,259.0,119,67.0,52.0,0.0,,,197.0,0.0,,,953.0,201522.0,1925.0,1700.0,11.0,56.0,50.0,2.0,91.54,0.89,0.89,0.89,12.49,160.0,152.0,0.0,0.0,0.0,,,,,,,,,,,,,,,,,1.0,3.0,3.0,2.0,1.0,2.0,1.0,22.0,182.0,182.0,3.0,22.0,12.0,3.0,0.82,0.79,1.22,0.49,0.8,5191.0,2586.0,256.0,27.0,11.0,161.0,199.0,78.4,78.2,73.0,96.3,63.6,88.2,85.4,13.2,14.7,14.5,11.1,27.3,19.3,9.0,74.7,90.0,84.2,93.1,100.0,90.4,92.9,97.8,98.4,81.1,100.0,100.0,96.8,94.4,95.0,3.0,4.0,5.0,210.0,10.0,21.0,0.0,348.0,82.0,2.0,2.0,3.0,227.0,6.0,16.0,14.0,1.0,0.0,1.0,42.0,1.0,4.0,39.48,39.48,32.77,42.85,39.3,,,,,,,,,11.35,88.3,0.83,0.78,91.54,0.0,45.61,,,63.08,145.45,126.34,100.0,101.58,100.7,91.98,274.31
2021-01-27,20591,19180.0,338.0,1071.0,274.0,196,117.0,79.0,0.0,,,175.0,0.0,,,1205.0,202727.0,1925.0,1789.0,11.0,57.0,53.0,0.0,91.65,0.89,0.88,0.88,16.27,160.0,157.0,0.0,0.0,0.0,,,,,,,,,,,,,,,,,1.0,3.0,3.0,2.0,1.0,2.0,1.0,23.0,183.0,183.0,4.0,23.0,13.0,4.0,0.82,0.79,1.22,0.49,0.8,5191.0,2586.0,256.0,27.0,11.0,161.0,199.0,78.4,78.2,73.0,96.3,63.6,88.2,85.4,13.2,14.7,14.5,11.1,27.3,19.3,9.0,74.7,90.0,84.2,93.1,100.0,90.4,92.9,97.8,98.4,81.1,100.0,100.0,96.8,94.4,95.0,3.0,4.0,5.0,210.0,10.0,21.0,0.0,348.0,82.0,2.0,2.0,3.0,227.0,6.0,16.0,14.0,1.0,0.0,1.0,42.0,1.0,4.0,39.34,38.54,27.99,41.43,37.93,,,,,,,,,12.13,88.3,0.78,1.65,91.65,0.0,43.96,,,63.08,145.45,126.34,100.0,101.58,100.7,91.98,279.8
2021-01-28,20718,19326.0,346.0,1043.0,278.0,127,64.0,62.0,1.0,,,146.0,8.0,,,989.0,203716.0,1925.0,1921.0,11.0,57.0,49.0,4.0,91.51,0.88,0.87,0.87,12.84,160.0,157.0,0.0,0.0,0.0,,,,,,,,,,,,,,,,,1.0,3.0,3.0,1.0,1.0,2.0,1.0,24.0,184.0,184.0,0.0,24.0,14.0,5.0,0.82,0.79,1.22,0.49,0.8,5191.0,2586.0,256.0,27.0,11.0,161.0,199.0,78.4,78.2,73.0,96.3,63.6,88.2,85.4,13.2,14.7,14.5,11.1,27.3,19.3,9.0,74.7,90.0,84.2,93.1,100.0,90.4,92.9,97.8,98.4,81.1,100.0,100.0,96.8,94.4,95.0,3.0,4.0,5.0,210.0,10.0,21.0,0.0,348.0,82.0,2.0,2.0,3.0,227.0,6.0,16.0,14.0,1.0,0.0,1.0,42.0,1.0,4.0,37.44,38.12,25.28,39.94,36.42,,,,,,,,,12.17,90.39,0.75,0.65,91.51,0.0,40.49,,,63.08,145.45,126.34,100.0,101.58,100.7,91.98,272.49
2021-01-29,20908,19433.0,352.0,1120.0,291.0,190,107.0,81.0,2.0,,,107.0,6.0,,,1791.0,205507.0,1975.0,1935.0,11.0,57.0,51.0,2.0,91.08,0.86,0.86,0.82,10.61,160.0,157.0,0.0,0.0,0.0,7401.0,106.0,119.0,280.0,13981.0,603.0,1438.0,844.0,425.0,1.0,1.0,29.0,868.0,36.0,43.0,6.0,1.0,3.0,3.0,1.0,1.0,2.0,1.0,25.0,185.0,185.0,1.0,25.0,15.0,6.0,0.82,0.79,1.22,0.49,0.8,5191.0,2586.0,256.0,27.0,11.0,161.0,199.0,78.4,78.2,73.0,96.3,63.6,88.2,85.4,13.2,14.7,14.5,11.1,27.3,19.3,9.0,74.7,90.0,84.2,93.1,100.0,90.4,92.9,97.8,98.4,81.1,100.0,100.0,96.8,94.4,97.0,3.0,4.0,5.0,223.0,10.0,21.0,0.0,363.0,83.0,2.0,2.0,3.0,240.0,6.0,16.0,15.0,1.0,0.0,1.0,42.0,1.0,4.0,34.97,35.74,20.67,38.29,33.5,5693.1,7709.1,7517.4,9333.3,6256.5,10120.8,8266.7,6471.7,12.07,91.96,0.82,1.5,91.08,0.0,41.76,,,63.85,145.45,126.34,100.0,107.4,100.7,91.98,292.6
2021-01-30,21033,19621.0,353.0,1056.0,300.0,120,57.0,63.0,0.0,,,188.0,1.0,,,1282.0,206789.0,1975.0,1884.0,11.0,56.0,52.0,2.0,93.12,0.86,0.85,0.77,9.36,160.0,157.0,0.0,0.0,0.0,,,,,,,,,,,,,,,,,1.0,3.0,3.0,1.0,1.0,2.0,1.0,26.0,186.0,186.0,2.0,26.0,16.0,7.0,0.78,0.87,1.11,0.3,0.67,5191.0,2586.0,256.0,27.0,11.0,161.0,199.0,78.4,78.2,73.0,96.3,63.6,88.2,85.4,13.2,14.7,14.5,11.1,27.3,19.3,9.0,74.7,90.0,84.2,93.1,100.0,90.4,92.9,97.8,98.4,81.1,100.0,100.0,96.8,94.4,97.0,3.0,4.0,5.0,223.0,10.0,21.0,0.0,363.0,83.0,2.0,2.0,3.0,240.0,6.0,16.0,15.0,1.0,0.0,1.0,42.0,1.0,4.0,27.84,29.59,21.15,36.98,30.01,,,,,,,,,11.99,92.22,0.78,0.63,93.12,0.0,40.27,,,63.85,145.45,126.34,100.0,107.4,100.7,91.98,275.88
2021-01-31,21169,19804.0,354.0,1008.0,307.0,136,62.0,71.0,3.0,,,183.0,1.0,,,1195.0,207984.0,2123.0,2223.0,11.0,57.0,54.0,0.0,93.69,0.87,0.87,0.75,11.38,160.0,157.0,0.0,0.0,0.0,,,,,,,,,,,,,,,,,1.0,3.0,3.0,1.0,1.0,2.0,1.0,27.0,187.0,187.0,3.0,27.0,17.0,8.0,0.78,0.87,1.11,0.3,0.67,5191.0,2586.0,256.0,27.0,11.0,161.0,199.0,78.4,78.2,73.0,96.3,63.6,88.2,85.4,13.2,14.7,14.5,11.1,27.3,19.3,9.0,74.7,90.0,84.2,93.1,100.0,90.4,92.9,97.8,98.4,81.1,100.0,100.0,96.8,94.4,97.0,3.0,4.0,5.0,223.0,10.0,21.0,0.0,363.0,83.0,2.0,2.0,3.0,240.0,6.0,16.0,15.0,1.0,0.0,1.0,42.0,1.0,4.0,21.49,21.63,17.3,36.54,27.92,,,,,,,,,12.23,92.48,0.79,1.13,93.69,0.0,38.85,,,63.85,145.45,126.34,100.0,107.4,100.7,91.98,263.34
2021-02-01,21253,19963.0,357.0,930.0,282.0,84,40.0,44.0,0.0,,,159.0,3.0,,,1531.0,209515.0,2198.0,2296.0,11.0,57.0,55.0,0.0,94.21,0.85,0.86,0.74,5.49,160.0,157.0,0.0,0.0,0.0,7537.0,106.0,122.0,280.0,14293.0,612.0,1465.0,846.0,375.0,0.0,3.0,5.0,745.0,28.0,46.0,6.0,1.0,3.0,3.0,1.0,1.0,2.0,1.0,28.0,188.0,188.0,4.0,28.0,18.0,9.0,0.81,0.81,1.22,0.47,0.89,5091.0,2450.0,396.0,12.0,11.0,109.0,147.0,76.2,80.7,80.6,100.0,90.9,89.0,78.2,12.6,13.7,12.6,0.0,36.4,2.8,13.6,96.3,96.1,94.7,100.0,91.7,95.7,99.3,95.3,96.1,90.0,0.0,100.0,100.0,100.0,97.0,3.0,4.0,5.0,228.0,10.0,21.0,0.0,368.0,83.0,2.0,2.0,3.0,245.0,6.0,16.0,15.0,1.0,0.0,1.0,43.0,1.0,4.0,42.17,43.12,36.97,35.17,26.02,5797.7,7709.1,7706.9,9333.3,6396.1,10271.9,8422.0,6599.5,11.2,93.27,0.76,0.62,94.21,0.0,36.28,,,63.85,145.45,126.34,100.0,109.64,100.7,91.98,242.96
2021-02-02,21631,20267.0,357.0,1004.0,265.0,379,251.0,123.0,5.0,,,304.0,0.0,,,2996.0,212511.0,2288.0,2304.0,11.0,55.0,53.0,1.0,94.97,0.86,0.87,0.75,12.65,334.0,157.0,0.0,0.0,0.0,,,,,,,,,,,,,,,,,1.0,3.0,3.0,1.0,1.0,2.0,1.0,29.0,189.0,189.0,5.0,29.0,19.0,10.0,0.81,0.81,1.22,0.47,0.89,5091.0,2450.0,396.0,12.0,11.0,109.0,147.0,76.2,80.7,80.6,100.0,90.9,89.0,78.2,12.6,13.7,12.6,0.0,36.4,2.8,13.6,96.3,96.1,94.7,100.0,91.7,95.7,99.3,95.3,96.1,90.0,0.0,100.0,100.0,100.0,97.0,3.0,4.0,5.0,228.0,10.0,21.0,0.0,368.0,83.0,2.0,2.0,3.0,245.0,6.0,16.0,15.0,1.0,0.0,1.0,43.0,1.0,4.0,35.09,35.92,24.44,34.67,24.83,,,,,,,,,11.23,93.27,1.01,4.51,94.97,0.0,45.98,,,63.85,145.45,126.34,100.0,109.64,100.7,91.98,262.3
2021-02-03,21783,20459.0,356.0,964.0,285.0,152,93.0,57.0,2.0,,,192.0,-1.0,,,1149.0,213660.0,2077.0,1963.0,11.0,55.0,53.0,2.0,95.97,0.87,0.87,0.94,13.23,2499.0,157.0,0.0,0.0,0.0,,,,,,,,,,,,,,,,,1.0,3.0,3.0,1.0,1.0,2.0,1.0,30.0,190.0,190.0,6.0,30.0,20.0,11.0,0.81,0.81,1.22,0.47,0.89,5091.0,2450.0,396.0,12.0,11.0,109.0,147.0,76.2,80.7,80.6,100.0,90.9,89.0,78.2,12.6,13.7,12.6,0.0,36.4,2.8,13.6,96.3,96.1,94.7,100.0,91.7,95.7,99.3,95.3,96.1,90.0,0.0,100.0,100.0,100.0,97.0,3.0,4.0,5.0,228.0,10.0,21.0,0.0,368.0,83.0,2.0,2.0,3.0,245.0,6.0,16.0,15.0,1.0,0.0,1.0,43.0,1.0,4.0,33.75,30.97,60.2,33.58,29.43,,,,,,,,,10.79,93.01,1.01,0.4,95.97,0.0,44.34,,,63.85,145.45,126.34,100.0,109.64,100.7,91.98,251.85
2021-02-04,21943,20610.0,367.0,961.0,298.0,160,87.0,69.0,4.0,,,151.0,11.0,,,1596.0,215256.0,2107.0,1974.0,11.0,55.0,49.0,2.0,95.94,0.85,0.85,1.0,10.03,4515.0,157.0,0.0,0.0,0.0,,,,,,,,,,,,,,,,,1.0,3.0,3.0,1.0,1.0,2.0,1.0,31.0,191.0,191.0,7.0,31.0,21.0,12.0,0.81,0.81,1.22,0.47,0.89,5091.0,2450.0,396.0,12.0,11.0,109.0,147.0,76.2,80.7,80.6,100.0,90.9,89.0,78.2,12.6,13.7,12.6,0.0,36.4,2.8,13.6,96.3,96.1,94.7,100.0,91.7,95.7,99.3,95.3,96.1,90.0,0.0,100.0,100.0,100.0,97.0,3.0,4.0,5.0,228.0,10.0,21.0,0.0,368.0,83.0,2.0,2.0,3.0,245.0,6.0,16.0,15.0,1.0,0.0,1.0,43.0,1.0,4.0,26.65,27.02,33.81,32.0,30.65,,,,,,,,,10.39,95.88,1.13,1.05,95.94,0.0,45.57,,,63.85,145.45,126.34,100.0,109.64,100.7,91.98,251.06
2021-02-05,22064,20698.0,368.0,993.0,299.0,119,66.0,53.0,0.0,,,88.0,1.0,,,1267.0,216523.0,2107.0,2228.0,11.0,55.0,48.0,2.0,95.64,0.84,0.84,1.08,9.39,6932.0,157.0,0.0,0.0,0.0,7838.0,107.0,122.0,283.0,14947.0,627.0,1489.0,854.0,374.0,1.0,3.0,2.0,824.0,26.0,37.0,12.0,1.0,3.0,3.0,1.0,1.0,2.0,1.0,32.0,192.0,192.0,8.0,32.0,22.0,13.0,0.81,0.81,1.22,0.47,0.89,5091.0,2450.0,396.0,12.0,11.0,109.0,147.0,76.2,80.7,80.6,100.0,90.9,89.0,78.2,12.6,13.7,12.6,0.0,36.4,2.8,13.6,96.3,96.1,94.7,100.0,91.7,95.7,99.3,95.3,96.1,90.0,0.0,100.0,100.0,100.0,100.0,3.0,4.0,6.0,236.0,10.0,23.0,0.0,382.0,85.0,2.0,2.0,3.0,254.0,6.0,16.0,15.0,1.0,0.0,1.0,43.0,1.0,5.0,26.16,25.27,37.75,30.5,33.09,6029.3,7781.8,7706.9,9433.3,6688.8,10523.7,8559.9,6862.3,10.22,96.14,1.03,0.74,95.64,0.0,42.92,,,65.39,145.45,126.34,100.0,113.67,100.7,91.98,259.42
2021-02-06,22197,20901.0,372.0,919.0,278.0,133,86.0,44.0,3.0,,,203.0,4.0,,,1710.0,218233.0,2136.0,2337.0,11.0,55.0,49.0,4.0,95.63,0.86,0.84,1.13,7.78,7472.0,157.0,0.0,0.0,0.0,,,,,,,,,,,,,,,,,1.0,3.0,3.0,1.0,1.0,2.0,1.0,33.0,193.0,193.0,9.0,33.0,23.0,14.0,0.8,0.93,1.1,0.31,0.71,5091.0,2450.0,396.0,12.0,11.0,109.0,147.0,76.2,80.7,80.6,100.0,90.9,89.0,78.2,12.6,13.7,12.6,0.0,36.4,2.8,13.6,96.3,96.1,94.7,100.0,91.7,95.7,99.3,95.3,96.1,90.0,0.0,100.0,100.0,100.0,100.0,3.0,4.0,6.0,236.0,10.0,23.0,0.0,382.0,85.0,2.0,2.0,3.0,254.0,6.0,16.0,15.0,1.0,0.0,1.0,43.0,1.0,5.0,25.5,24.24,34.83,29.74,35.04,,,,,,,,,9.99,97.19,1.08,1.12,95.63,0.0,43.41,,,65.39,145.45,126.34,100.0,113.67,100.7,91.98,240.09
2021-02-07,22305,21061.0,376.0,864.0,246.0,108,64.0,43.0,1.0,,,160.0,4.0,,,1260.0,219493.0,2136.0,2555.0,11.0,55.0,51.0,4.0,96.38,0.88,0.86,1.12,8.57,7472.0,157.0,0.0,0.0,0.0,,,,,,,,,,,,,,,,,1.0,3.0,3.0,1.0,1.0,2.0,1.0,34.0,194.0,194.0,10.0,34.0,24.0,15.0,0.8,0.93,1.1,0.31,0.71,5091.0,2450.0,396.0,12.0,11.0,109.0,147.0,76.2,80.7,80.6,100.0,90.9,89.0,78.2,12.6,13.7,12.6,0.0,36.4,2.8,13.6,96.3,96.1,94.7,100.0,91.7,95.7,99.3,95.3,96.1,90.0,0.0,100.0,100.0,100.0,100.0,3.0,4.0,6.0,236.0,10.0,23.0,0.0,382.0,85.0,2.0,2.0,3.0,254.0,6.0,16.0,15.0,1.0,0.0,1.0,43.0,1.0,5.0,19.91,20.02,20.01,29.51,35.43,,,,,,,,,9.59,98.23,1.09,0.81,96.38,0.0,42.36,,,65.39,145.45,126.34,100.0,113.67,100.7,91.98,225.72
2021-02-08,22438,21211.0,379.0,845.0,216.0,133,69.0,60.0,4.0,,,150.0,3.0,,,1757.0,221250.0,2263.0,2778.0,11.0,55.0,49.0,3.0,96.1,0.9,0.87,1.19,7.57,10866.0,157.0,0.0,0.0,0.0,7974.0,107.0,125.0,283.0,15235.0,633.0,1526.0,861.0,316.0,1.0,3.0,1.0,660.0,16.0,49.0,15.0,1.0,3.0,3.0,1.0,1.0,2.0,1.0,35.0,195.0,195.0,11.0,35.0,25.0,16.0,0.79,0.82,1.24,0.48,0.89,4853.0,2618.0,433.0,16.0,3.0,35.0,112.0,79.1,82.8,87.5,87.5,66.7,65.7,73.2,10.1,10.2,8.8,6.2,66.7,5.7,12.5,99.1,98.4,97.4,100.0,100.0,85.7,98.2,95.3,98.1,97.4,100.0,100.0,100.0,85.7,102.0,3.0,4.0,8.0,244.0,10.0,23.0,0.0,394.0,86.0,2.0,2.0,4.0,263.0,6.0,16.0,15.0,1.0,0.0,1.0,46.0,1.0,5.0,41.18,39.56,58.95,29.0,38.57,6133.9,7781.8,7896.4,9433.3,6817.7,10624.4,8772.6,6986.9,9.89,99.01,1.22,1.23,96.1,0.0,44.19,,,66.15,145.45,126.34,133.33,117.69,100.7,91.98,220.76
2021-02-09,22552,21341.0,379.0,829.0,195.0,114,64.0,43.0,7.0,,,130.0,0.0,,,1374.0,222624.0,2262.0,2566.0,11.0,57.0,51.0,3.0,95.61,0.94,0.91,1.23,8.3,14871.0,157.0,0.0,0.0,0.0,,,,,,,,,,,,,,,,,1.0,3.0,3.0,1.0,1.0,2.0,1.0,36.0,196.0,196.0,12.0,36.0,26.0,17.0,0.79,0.82,1.24,0.48,0.89,4853.0,2618.0,433.0,16.0,3.0,35.0,112.0,79.1,82.8,87.5,87.5,66.7,65.7,73.2,10.1,10.2,8.8,6.2,66.7,5.7,12.5,99.1,98.4,97.4,100.0,100.0,85.7,98.2,95.3,98.1,97.4,100.0,100.0,100.0,85.7,102.0,3.0,4.0,8.0,244.0,10.0,23.0,0.0,394.0,86.0,2.0,2.0,4.0,263.0,6.0,16.0,15.0,1.0,0.0,1.0,46.0,1.0,5.0,39.42,38.96,41.26,29.43,40.97,,,,,,,,,9.27,99.01,0.75,0.86,95.61,0.0,34.3,,,66.15,145.45,126.34,133.33,117.69,100.7,91.98,216.58
2021-02-10,22651,21475.0,379.0,794.0,204.0,100,77.0,21.0,2.0,,,134.0,0.0,,,472.0,223096.0,2343.0,2438.0,12.0,57.0,46.0,7.0,94.61,0.97,0.95,1.19,21.19,19684.0,157.0,0.0,0.0,0.0,,,,,,,,,,,,,,,,,1.0,3.0,3.0,1.0,1.0,2.0,1.0,37.0,197.0,197.0,13.0,37.0,27.0,18.0,0.79,0.82,1.24,0.48,0.89,4853.0,2618.0,433.0,16.0,3.0,35.0,112.0,79.1,82.8,87.5,87.5,66.7,65.7,73.2,10.1,10.2,8.8,6.2,66.7,5.7,12.5,99.1,98.4,97.4,100.0,100.0,85.7,98.2,95.3,98.1,97.4,100.0,100.0,100.0,85.7,102.0,3.0,4.0,8.0,244.0,10.0,23.0,0.0,394.0,86.0,2.0,2.0,4.0,263.0,6.0,16.0,15.0,1.0,0.0,1.0,46.0,1.0,5.0,38.21,34.84,63.01,29.99,41.38,,,,,,,,,10.4,99.01,0.73,0.88,94.61,0.0,32.36,,,66.15,145.45,126.34,133.33,117.69,100.7,91.98,207.43
2021-02-11,22770,21575.0,382.0,811.0,220.0,120,77.0,41.0,2.0,,,100.0,3.0,,,1132.0,224228.0,2343.0,2185.0,12.0,57.0,48.0,6.0,94.9,1.03,0.99,1.23,10.6,24001.0,157.0,0.0,0.0,0.0,,,,,,,,,,,,,,,,,1.0,3.0,3.0,2.0,1.0,2.0,1.0,38.0,198.0,198.0,0.0,38.0,28.0,19.0,0.79,0.82,1.24,0.48,0.89,4853.0,2618.0,433.0,16.0,3.0,35.0,112.0,79.1,82.8,87.5,87.5,66.7,65.7,73.2,10.1,10.2,8.8,6.2,66.7,5.7,12.5,99.1,98.4,97.4,100.0,100.0,85.7,98.2,95.3,98.1,97.4,100.0,100.0,100.0,85.7,102.0,3.0,4.0,8.0,244.0,10.0,23.0,0.0,394.0,86.0,2.0,2.0,4.0,263.0,6.0,16.0,15.0,1.0,0.0,1.0,46.0,1.0,5.0,37.98,34.85,53.39,31.1,44.17,,,,,,,,,10.49,99.8,0.68,1.2,94.9,0.0,30.86,,,66.15,145.45,126.34,133.33,117.69,100.7,91.98,211.87
2021-02-12,22911,21656.0,384.0,869.0,218.0,137,61.0,74.0,2.0,,,81.0,2.0,,,1058.0,225286.0,2423.0,2298.0,12.0,57.0,46.0,6.0,94.94,1.05,1.02,1.21,12.95,28218.0,157.0,0.0,0.0,0.0,8192.0,112.0,126.0,292.0,15584.0,642.0,1547.0,863.0,322.0,5.0,3.0,10.0,671.0,16.0,52.0,11.0,1.0,3.0,3.0,2.0,1.0,2.0,1.0,39.0,199.0,199.0,1.0,39.0,29.0,20.0,0.79,0.82,1.24,0.48,0.89,4853.0,2618.0,433.0,16.0,3.0,35.0,112.0,79.1,82.8,87.5,87.5,66.7,65.7,73.2,10.1,10.2,8.8,6.2,66.7,5.7,12.5,99.1,98.4,97.4,100.0,100.0,85.7,98.2,95.3,98.1,97.4,100.0,100.0,100.0,85.7,102.0,3.0,4.0,8.0,249.0,10.0,23.0,0.0,399.0,86.0,2.0,2.0,4.0,268.0,6.0,16.0,15.0,1.0,0.0,1.0,46.0,2.0,5.0,32.28,30.96,46.5,31.92,45.42,6301.6,8145.5,7959.6,9733.3,6973.9,10775.4,8893.4,7147.3,10.99,100.32,0.73,1.14,94.94,0.0,31.54,,,66.15,145.45,126.34,133.33,119.93,100.7,91.98,227.03
2021-02-13,23045,21808.0,387.0,848.0,209.0,135,91.0,41.0,3.0,,,152.0,3.0,,,1084.0,226370.0,2423.0,2380.0,12.0,57.0,39.0,10.0,93.46,1.05,1.04,1.15,12.45,28389.0,157.0,0.0,0.0,0.0,,,,,,,,,,,,,,,,,1.0,3.0,3.0,2.0,1.0,2.0,1.0,40.0,200.0,200.0,2.0,40.0,30.0,21.0,0.85,0.85,1.12,0.55,0.78,4853.0,2618.0,433.0,16.0,3.0,35.0,112.0,79.1,82.8,87.5,87.5,66.7,65.7,73.2,10.1,10.2,8.8,6.2,66.7,5.7,12.5,99.1,98.4,97.4,100.0,100.0,85.7,98.2,95.3,98.1,97.4,100.0,100.0,100.0,85.7,102.0,3.0,4.0,8.0,249.0,10.0,23.0,0.0,399.0,86.0,2.0,2.0,4.0,268.0,6.0,16.0,15.0,1.0,0.0,1.0,46.0,2.0,5.0,27.97,28.89,32.75,32.58,45.13,,,,,,,,,11.66,101.1,0.73,0.99,93.46,0.0,31.61,,,66.15,145.45,126.34,133.33,119.93,100.7,91.98,221.54
2021-02-14,23183,21947.0,388.0,842.0,196.0,138,78.0,59.0,1.0,,,139.0,1.0,,,1134.0,227504.0,2423.0,2308.0,12.0,57.0,42.0,8.0,91.7,1.07,1.06,1.15,12.17,28389.0,157.0,0.0,0.0,0.0,,,,,,,,,,,,,,,,,1.0,3.0,3.0,2.0,1.0,2.0,1.0,41.0,201.0,201.0,3.0,41.0,31.0,22.0,0.85,0.85,1.12,0.55,0.78,4853.0,2618.0,433.0,16.0,3.0,35.0,112.0,79.1,82.8,87.5,87.5,66.7,65.7,73.2,10.1,10.2,8.8,6.2,66.7,5.7,12.5,99.1,98.4,97.4,100.0,100.0,85.7,98.2,95.3,98.1,97.4,100.0,100.0,100.0,85.7,102.0,3.0,4.0,8.0,249.0,10.0,23.0,0.0,399.0,86.0,2.0,2.0,4.0,268.0,6.0,16.0,15.0,1.0,0.0,1.0,46.0,2.0,5.0,26.17,25.81,28.28,33.41,46.31,,,,,,,,,12.18,101.37,0.77,1.02,91.7,0.0,32.73,,,66.15,145.45,126.34,133.33,119.93,100.7,91.98,219.97
2021-02-15,23287,22075.0,391.0,818.0,179.0,104,67.0,34.0,3.0,,,128.0,3.0,,,1449.0,228953.0,2593.0,2414.0,12.0,57.0,43.0,8.0,90.98,1.05,1.04,1.09,7.18,33620.0,157.0,0.0,0.0,0.0,8325.0,113.0,126.0,310.0,15853.0,646.0,1577.0,868.0,284.0,6.0,0.0,28.0,613.0,13.0,47.0,12.0,1.0,3.0,3.0,2.0,1.0,2.0,1.0,42.0,202.0,202.0,4.0,42.0,32.0,23.0,0.86,0.85,1.24,1.03,0.93,4149.0,2171.0,304.0,19.0,3.0,88.0,119.0,77.5,79.3,74.3,73.7,100.0,72.7,90.8,11.4,10.9,14.5,21.1,0.0,27.3,10.1,98.7,99.0,99.3,95.0,100.0,100.0,98.3,97.2,96.6,97.7,100.0,0.0,50.0,91.7,104.0,3.0,4.0,8.0,254.0,10.0,24.0,0.0,407.0,87.0,2.0,2.0,4.0,273.0,6.0,17.0,15.0,1.0,0.0,1.0,46.0,2.0,5.0,40.53,39.24,51.98,33.37,45.31,6403.9,8218.2,7959.6,10333.3,7094.2,10842.6,9065.8,7267.5,12.12,102.15,0.72,0.75,90.98,0.0,31.65,,,66.92,145.45,126.34,133.33,122.17,100.7,97.73,213.7
2021-02-16,23376,22175.0,391.0,807.0,163.0,93,71.0,21.0,1.0,,,100.0,0.0,,,667.0,229620.0,562.0,388.0,7.0,57.0,44.0,9.0,90.73,1.0,1.0,1.03,13.94,38455.0,157.0,0.0,0.0,0.0,,,,,,,,,,,,,,,,,2.0,3.0,3.0,2.0,2.0,2.0,1.0,0.0,203.0,203.0,5.0,0.0,33.0,24.0,0.86,0.85,1.24,1.03,0.93,4149.0,2171.0,304.0,19.0,3.0,88.0,119.0,77.5,79.3,74.3,73.7,100.0,72.7,90.8,11.4,10.9,14.5,21.1,0.0,27.3,10.1,98.7,99.0,99.3,95.0,100.0,100.0,98.3,97.2,96.6,97.7,100.0,0.0,50.0,91.7,104.0,3.0,4.0,8.0,254.0,10.0,24.0,0.0,407.0,87.0,2.0,2.0,4.0,273.0,6.0,17.0,15.0,1.0,0.0,1.0,46.0,2.0,5.0,29.9,31.91,26.95,32.36,43.27,,,,,,,,,12.93,102.15,0.9,0.89,90.73,0.0,30.86,,,66.92,145.45,126.34,133.33,122.17,100.7,97.73,210.83
2021-02-17,23445,22257.0,391.0,794.0,212.0,74,60.0,13.0,1.0,,,82.0,0.0,,,579.0,230199.0,562.0,391.0,7.0,57.0,45.0,7.0,90.48,0.95,0.96,0.96,12.78,41936.0,157.0,0.0,0.0,0.0,,,,,,,,,,,,,,,,,2.0,3.0,3.0,2.0,2.0,2.0,1.0,1.0,204.0,204.0,6.0,1.0,34.0,25.0,0.86,0.85,1.24,1.03,0.93,4149.0,2171.0,304.0,19.0,3.0,88.0,119.0,77.5,79.3,74.3,73.7,100.0,72.7,90.8,11.4,10.9,14.5,21.1,0.0,27.3,10.1,98.7,99.0,99.3,95.0,100.0,100.0,98.3,97.2,96.6,97.7,100.0,0.0,50.0,91.7,104.0,3.0,4.0,8.0,254.0,10.0,24.0,0.0,407.0,87.0,2.0,2.0,4.0,273.0,6.0,17.0,15.0,1.0,0.0,1.0,46.0,2.0,5.0,26.43,25.41,45.15,31.01,40.72,,,,,,,,,11.72,102.15,0.92,0.8,90.48,0.0,29.89,,,66.92,145.45,126.34,133.33,122.17,100.7,97.73,207.43
2021-02-18,23636,22370.0,394.0,870.0,168.0,191,131.0,57.0,3.0,,,113.0,3.0,,,1626.0,231825.0,562.0,414.0,7.0,57.0,46.0,8.0,90.48,0.9,0.93,0.86,11.75,44138.0,157.0,0.0,0.0,0.0,,,,,,,,,,,,,,,,,2.0,3.0,3.0,2.0,2.0,2.0,1.0,2.0,205.0,205.0,7.0,2.0,35.0,26.0,0.86,0.85,1.24,1.03,0.93,4149.0,2171.0,304.0,19.0,3.0,88.0,119.0,77.5,79.3,74.3,73.7,100.0,72.7,90.8,11.4,10.9,14.5,21.1,0.0,27.3,10.1,98.7,99.0,99.3,95.0,100.0,100.0,98.3,97.2,96.6,97.7,100.0,0.0,50.0,91.7,104.0,3.0,4.0,8.0,254.0,10.0,24.0,0.0,407.0,87.0,2.0,2.0,4.0,273.0,6.0,17.0,15.0,1.0,0.0,1.0,46.0,2.0,5.0,25.28,25.7,21.48,29.71,36.16,,,,,,,,,11.89,102.93,1.05,2.58,90.48,0.0,32.54,,,66.92,145.45,126.34,133.33,122.17,100.7,97.73,227.29
2021-02-19,23743,22430.0,398.0,912.0,182.0,108,65.0,38.0,5.0,,,60.0,4.0,,,989.0,232814.0,552.0,399.0,7.0,57.0,39.0,9.0,89.47,0.92,0.94,0.87,10.92,46283.0,157.0,0.0,0.0,0.0,8493.0,114.0,127.0,315.0,16237.0,658.0,1595.0,862.0,298.0,4.0,1.0,25.0,701.0,20.0,49.0,7.0,2.0,3.0,3.0,2.0,2.0,2.0,1.0,3.0,206.0,206.0,8.0,3.0,36.0,27.0,0.86,0.85,1.24,1.03,0.93,4149.0,2171.0,304.0,19.0,3.0,88.0,119.0,77.5,79.3,74.3,73.7,100.0,72.7,90.8,11.4,10.9,14.5,21.1,0.0,27.3,10.1,98.7,99.0,99.3,95.0,100.0,100.0,98.3,97.2,96.6,97.7,100.0,0.0,50.0,91.7,106.0,3.0,4.0,8.0,259.0,10.0,24.0,0.0,414.0,88.0,2.0,2.0,4.0,278.0,6.0,18.0,15.0,1.0,0.0,1.0,47.0,2.0,5.0,33.24,30.63,40.58,29.66,35.31,6533.1,8290.9,8022.7,10500.0,7266.1,11044.0,9169.3,7419.8,11.6,103.98,1.0,0.57,89.47,0.0,31.46,,,67.69,145.45,126.34,133.33,124.41,100.7,103.48,238.26
2021-02-20,23860,22582.0,400.0,876.0,187.0,117,93.0,23.0,1.0,,,152.0,2.0,,,985.0,233799.0,552.0,403.0,7.0,56.0,43.0,4.0,89.18,0.93,0.94,0.85,11.88,46392.0,157.0,0.0,0.0,0.0,,,,,,,,,,,,,,,,,2.0,3.0,3.0,2.0,2.0,2.0,1.0,4.0,207.0,207.0,9.0,4.0,37.0,28.0,0.85,0.84,1.08,0.75,0.67,4149.0,2171.0,304.0,19.0,3.0,88.0,119.0,77.5,79.3,74.3,73.7,100.0,72.7,90.8,11.4,10.9,14.5,21.1,0.0,27.3,10.1,98.7,99.0,99.3,95.0,100.0,100.0,98.3,97.2,96.6,97.7,100.0,0.0,50.0,91.7,106.0,3.0,4.0,8.0,259.0,10.0,24.0,0.0,414.0,88.0,2.0,2.0,4.0,278.0,6.0,18.0,15.0,1.0,0.0,1.0,47.0,2.0,5.0,26.46,25.97,19.7,29.24,33.45,,,,,,,,,11.52,104.5,0.97,1.08,89.18,0.0,30.79,,,67.69,145.45,126.34,133.33,124.41,100.7,103.48,228.86
2021-02-21,23986,22722.0,403.0,856.0,190.0,126,92.0,31.0,3.0,,,140.0,3.0,,,1382.0,235181.0,552.0,403.0,7.0,57.0,42.0,9.0,89.43,0.9,0.91,0.87,9.12,46392.0,157.0,0.0,0.0,0.0,,,,,,,,,,,,,,,,,2.0,3.0,3.0,2.0,2.0,2.0,1.0,5.0,208.0,208.0,10.0,5.0,38.0,29.0,0.85,0.84,1.08,0.75,0.67,4149.0,2171.0,304.0,19.0,3.0,88.0,119.0,77.5,79.3,74.3,73.7,100.0,72.7,90.8,11.4,10.9,14.5,21.1,0.0,27.3,10.1,98.7,99.0,99.3,95.0,100.0,100.0,98.3,97.2,96.6,97.7,100.0,0.0,50.0,91.7,106.0,3.0,4.0,8.0,259.0,10.0,24.0,0.0,414.0,88.0,2.0,2.0,4.0,278.0,6.0,18.0,15.0,1.0,0.0,1.0,47.0,2.0,5.0,17.06,17.35,26.78,28.03,33.23,,,,,,,,,11.08,105.28,0.93,1.08,89.43,0.0,30.34,,,67.69,145.45,126.34,133.33,124.41,100.7,103.48,223.63
2021-02-22,24086,22861.0,407.0,815.0,167.0,99,61.0,35.0,3.0,,,139.0,4.0,,,1303.0,236484.0,552.0,396.0,7.0,57.0,42.0,11.0,89.93,0.9,0.91,0.81,7.6,47967.0,158.0,0.0,0.0,0.0,8630.0,114.0,128.0,327.0,16468.0,663.0,1612.0,862.0,265.0,0.0,2.0,33.0,630.0,20.0,33.0,5.0,2.0,3.0,3.0,2.0,2.0,2.0,1.0,6.0,209.0,209.0,11.0,6.0,39.0,30.0,0.87,0.91,1.41,0.66,1.15,4344.0,2281.0,381.0,12.0,9.0,64.0,150.0,75.1,76.1,85.0,83.3,77.8,64.1,86.0,12.0,10.1,7.9,8.3,11.1,26.6,16.7,98.4,97.7,98.7,85.7,90.0,98.4,99.3,93.7,93.9,93.3,100.0,100.0,88.2,100.0,108.0,3.0,4.0,8.0,266.0,10.0,25.0,0.0,424.0,90.0,2.0,2.0,4.0,285.0,6.0,18.0,15.0,1.0,0.0,1.0,48.0,2.0,5.0,35.59,36.05,29.34,27.58,30.0,6638.5,8290.9,8085.9,10900.0,7369.5,11127.9,9267.0,7525.1,11.14,106.33,0.95,0.79,89.93,0.0,30.16,,,69.23,145.45,126.34,133.33,127.54,100.7,103.48,212.92
2021-02-23,24182,23006.0,408.0,765.0,146.0,97,72.0,23.0,2.0,,,145.0,1.0,,,785.0,237269.0,552.0,372.0,7.0,57.0,44.0,9.0,89.93,0.9,0.9,0.88,12.36,49681.0,158.0,0.0,0.0,0.0,,,,,,,,,,,,,,,,,2.0,3.0,3.0,2.0,2.0,2.0,1.0,7.0,210.0,210.0,12.0,7.0,40.0,31.0,0.87,0.91,1.41,0.66,1.15,4344.0,2281.0,381.0,12.0,9.0,64.0,150.0,75.1,76.1,85.0,83.3,77.8,64.1,86.0,12.0,10.1,7.9,8.3,11.1,26.6,16.7,98.4,97.7,98.7,85.7,90.0,98.4,99.3,93.7,93.9,93.3,100.0,100.0,88.2,100.0,108.0,3.0,4.0,8.0,266.0,10.0,25.0,0.0,424.0,90.0,2.0,2.0,4.0,285.0,6.0,18.0,15.0,1.0,0.0,1.0,48.0,2.0,5.0,25.43,25.83,35.81,26.71,31.26,,,,,,,,,10.91,106.59,0.98,0.98,89.93,0.0,30.31,,,69.23,145.45,126.34,133.33,127.54,100.7,103.48,199.86
2021-02-24,24244,23126.0,408.0,707.0,148.0,62,53.0,7.0,2.0,,,120.0,0.0,,,299.0,237568.0,552.0,402.0,7.0,57.0,49.0,7.0,90.94,0.92,0.94,0.8,20.74,52056.0,158.0,0.0,0.0,0.0,,,,,,,,,,,,,,,,,2.0,3.0,3.0,2.0,2.0,2.0,1.0,8.0,211.0,211.0,13.0,8.0,41.0,32.0,0.87,0.91,1.41,0.66,1.15,4344.0,2281.0,381.0,12.0,9.0,64.0,150.0,75.1,76.1,85.0,83.3,77.8,64.1,86.0,12.0,10.1,7.9,8.3,11.1,26.6,16.7,98.4,97.7,98.7,85.7,90.0,98.4,99.3,93.7,93.9,93.3,100.0,100.0,88.2,100.0,108.0,3.0,4.0,8.0,266.0,10.0,25.0,0.0,424.0,90.0,2.0,2.0,4.0,285.0,6.0,18.0,15.0,1.0,0.0,1.0,48.0,2.0,5.0,27.97,28.94,20.28,27.21,27.71,,,,,,,,,12.05,106.59,1.0,0.64,90.94,0.0,29.86,,,69.23,145.45,126.34,133.33,127.54,100.7,103.48,184.7
2021-02-25,24427,23219.0,415.0,787.0,165.0,184,130.0,51.0,3.0,0.0,17.0,93.0,7.0,,,1668.0,239236.0,552.0,423.0,7.0,58.0,49.0,8.0,91.44,0.93,0.94,0.87,11.03,54205.0,159.0,0.0,0.0,0.0,,,,,,,,,,,,,,,,,2.0,3.0,3.0,1.0,2.0,2.0,2.0,9.0,212.0,212.0,0.0,9.0,42.0,0.0,0.87,0.91,1.41,0.66,1.15,4344.0,2281.0,381.0,12.0,9.0,64.0,150.0,75.1,76.1,85.0,83.3,77.8,64.1,86.0,12.0,10.1,7.9,8.3,11.1,26.6,16.7,98.4,97.7,98.7,85.7,90.0,98.4,99.3,93.7,93.9,93.3,100.0,100.0,88.2,100.0,108.0,3.0,4.0,8.0,266.0,10.0,25.0,0.0,424.0,90.0,2.0,2.0,4.0,285.0,6.0,18.0,15.0,1.0,0.0,1.0,48.0,2.0,5.0,23.38,23.87,27.72,26.95,28.6,,,,,,,,,11.95,108.42,0.91,2.97,91.44,0.0,29.6,,,69.23,145.45,126.34,133.33,127.54,100.7,103.48,205.6
2021-02-26,24536,23327.0,419.0,787.0,210.0,115,79.0,34.0,2.0,2.0,17.0,108.0,4.0,,,1021.0,240257.0,552.0,413.0,7.0,58.0,47.0,8.0,92.96,0.9,0.92,0.79,11.07,55716.0,159.0,0.0,0.0,0.0,8848.0,114.0,128.0,332.0,16827.0,681.0,1641.0,829.0,301.0,0.0,1.0,12.0,624.0,29.0,32.0,5.0,2.0,3.0,3.0,1.0,2.0,2.0,2.0,10.0,213.0,213.0,1.0,10.0,43.0,1.0,0.87,0.91,1.41,0.66,1.15,4344.0,2281.0,381.0,12.0,9.0,64.0,150.0,75.1,76.1,85.0,83.3,77.8,64.1,86.0,12.0,10.1,7.9,8.3,11.1,26.6,16.7,98.4,97.7,98.7,85.7,90.0,98.4,99.3,93.7,93.9,93.3,100.0,100.0,88.2,100.0,111.0,3.0,4.0,8.0,273.0,10.0,27.0,0.0,436.0,92.0,2.0,2.0,4.0,295.0,6.0,18.0,15.0,1.0,0.0,1.0,48.0,2.0,5.0,25.2,25.22,17.98,26.18,25.37,6806.2,8290.9,8085.9,11066.7,7530.1,11430.0,9433.7,7680.8,11.97,109.46,0.95,0.62,92.96,0.0,29.86,,,70.77,145.45,126.34,133.33,132.01,100.7,103.48,205.6
2021-02-27,24658,23468.0,422.0,765.0,198.0,126,71.0,52.0,3.0,0.0,17.0,141.0,3.0,,,1201.0,241458.0,552.0,412.0,7.0,58.0,46.0,6.0,93.78,0.9,0.91,0.87,10.49,55789.0,159.0,0.0,0.0,0.0,,,,,,,,,,,,,,,,,2.0,3.0,3.0,1.0,2.0,2.0,2.0,11.0,214.0,214.0,2.0,11.0,44.0,2.0,0.82,0.89,1.17,0.56,0.85,4344.0,2281.0,381.0,12.0,9.0,64.0,150.0,75.1,76.1,85.0,83.3,77.8,64.1,86.0,12.0,10.1,7.9,8.3,11.1,26.6,16.7,98.4,97.7,98.7,85.7,90.0,98.4,99.3,93.7,93.9,93.3,100.0,100.0,88.2,100.0,111.0,3.0,4.0,8.0,273.0,10.0,27.0,0.0,436.0,92.0,2.0,2.0,4.0,295.0,6.0,18.0,15.0,1.0,0.0,1.0,48.0,2.0,5.0,21.49,20.92,28.66,25.46,26.65,,,,,,,,,11.77,110.25,0.98,1.1,93.78,0.0,30.19,,,70.77,145.45,126.34,133.33,132.01,100.7,103.48,199.86
2021-02-28,24756,23577.0,431.0,745.0,165.0,98,66.0,30.0,2.0,0.0,17.0,109.0,9.0,,,1183.0,242641.0,552.0,431.0,7.0,59.0,48.0,6.0,94.07,0.93,0.94,0.86,8.28,55789.0,159.0,0.0,0.0,0.0,,,,,,,,,,,,,,,,,2.0,3.0,3.0,1.0,2.0,2.0,2.0,12.0,215.0,215.0,3.0,12.0,45.0,3.0,0.82,0.89,1.17,0.56,0.85,4344.0,2281.0,381.0,12.0,9.0,64.0,150.0,75.1,76.1,85.0,83.3,77.8,64.1,86.0,12.0,10.1,7.9,8.3,11.1,26.6,16.7,98.4,97.7,98.7,85.7,90.0,98.4,99.3,93.7,93.9,93.3,100.0,100.0,88.2,100.0,111.0,3.0,4.0,8.0,273.0,10.0,27.0,0.0,436.0,92.0,2.0,2.0,4.0,295.0,6.0,18.0,15.0,1.0,0.0,1.0,48.0,2.0,5.0,19.36,19.83,19.14,25.81,25.56,,,,,,,,,11.65,112.6,0.96,0.78,94.07,0.0,29.15,,,70.77,145.45,126.34,133.33,132.01,100.7,103.48,194.63
2021-03-01,24812,23675.0,432.0,703.0,201.0,55,36.0,19.0,0.0,0.0,17.0,98.0,1.0,,,1328.0,243969.0,552.0,414.0,7.0,59.0,46.0,5.0,93.14,0.95,0.95,0.91,4.14,57693.0,159.0,0.0,0.0,0.0,8938.0,120.0,128.0,334.0,17046.0,686.0,1660.0,831.0,264.0,6.0,1.0,5.0,571.0,18.0,33.0,5.0,2.0,3.0,3.0,1.0,2.0,2.0,2.0,13.0,216.0,216.0,4.0,13.0,46.0,4.0,0.9,0.93,1.39,0.64,0.93,4650.0,2109.0,293.0,9.0,4.0,45.0,175.0,77.3,77.4,79.2,22.2,75.0,82.2,82.3,9.2,10.7,12.6,44.4,25.0,8.9,8.6,96.8,96.9,98.3,90.0,57.1,97.8,97.8,98.3,97.3,100.0,100.0,0.0,100.0,93.3,116.0,3.0,4.0,8.0,280.0,10.0,27.0,0.0,448.0,97.0,2.0,2.0,4.0,303.0,6.0,18.0,15.0,1.0,0.0,1.0,49.0,2.0,5.0,36.37,34.97,32.1,25.66,25.96,6875.4,8727.3,8085.9,11133.3,7628.1,11513.9,9543.0,7770.4,11.16,112.86,0.91,0.56,93.14,0.0,27.51,,,74.62,145.45,126.34,133.33,135.59,100.7,103.48,183.66
2021-03-02,24867,23763.0,432.0,670.0,183.0,57,39.0,16.0,2.0,0.0,17.0,88.0,0.0,,,1061.0,245030.0,552.0,375.0,7.0,58.0,43.0,5.0,91.68,0.98,0.99,0.88,5.37,59606.0,291.0,0.0,0.0,0.0,,,,,,,,,,,,,,,,,2.0,3.0,3.0,1.0,2.0,2.0,2.0,14.0,217.0,217.0,5.0,14.0,47.0,5.0,0.9,0.93,1.39,0.64,0.93,4650.0,2109.0,293.0,9.0,4.0,45.0,175.0,77.3,77.4,79.2,22.2,75.0,82.2,82.3,9.2,10.7,12.6,44.4,25.0,8.9,8.6,96.8,96.9,98.3,90.0,57.1,97.8,97.8,98.3,97.3,100.0,100.0,0.0,100.0,93.3,116.0,3.0,4.0,8.0,280.0,10.0,27.0,0.0,448.0,97.0,2.0,2.0,4.0,303.0,6.0,18.0,15.0,1.0,0.0,1.0,49.0,2.0,5.0,29.91,32.1,25.43,26.55,24.47,,,,,,,,,10.16,112.86,0.86,1.04,91.68,0.0,26.01,,,74.62,145.45,126.34,133.33,135.59,100.7,103.48,175.04
2021-03-03,24983,23890.0,433.0,658.0,202.0,106,93.0,13.0,0.0,1.0,17.0,127.0,1.0,,,509.0,245539.0,552.0,361.0,7.0,58.0,43.0,8.0,90.2,0.99,1.01,0.94,20.63,61321.0,2219.0,0.0,0.0,0.0,,,,,,,,,,,,,,,,,2.0,3.0,3.0,1.0,2.0,2.0,2.0,15.0,218.0,218.0,6.0,15.0,48.0,6.0,0.9,0.93,1.39,0.64,0.93,4650.0,2109.0,293.0,9.0,4.0,45.0,175.0,77.3,77.4,79.2,22.2,75.0,82.2,82.3,9.2,10.7,12.6,44.4,25.0,8.9,8.6,96.8,96.9,98.3,90.0,57.1,97.8,97.8,98.3,97.3,100.0,100.0,0.0,100.0,93.3,116.0,3.0,4.0,8.0,280.0,10.0,27.0,0.0,448.0,97.0,2.0,2.0,4.0,303.0,6.0,18.0,15.0,1.0,0.0,1.0,49.0,2.0,5.0,29.64,30.92,26.83,26.83,25.41,,,,,,,,,10.15,113.12,0.93,1.86,90.2,0.0,27.66,,,74.62,145.45,126.34,133.33,135.59,100.7,103.48,171.9
2021-03-04,25104,23993.0,443.0,665.0,220.0,122,93.0,28.0,1.0,1.0,17.0,103.0,10.0,,,1272.0,246811.0,552.0,395.0,7.0,57.0,42.0,8.0,88.69,1.02,1.02,0.93,9.51,63103.0,4148.0,0.0,0.0,0.0,,,,,,,,,,,,,,,,,2.0,3.0,3.0,1.0,2.0,1.0,2.0,16.0,219.0,219.0,7.0,16.0,0.0,7.0,0.9,0.93,1.39,0.64,0.93,4650.0,2109.0,293.0,9.0,4.0,45.0,175.0,77.3,77.4,79.2,22.2,75.0,82.2,82.3,9.2,10.7,12.6,44.4,25.0,8.9,8.6,96.8,96.9,98.3,90.0,57.1,97.8,97.8,98.3,97.3,100.0,100.0,0.0,100.0,93.3,116.0,3.0,4.0,8.0,280.0,10.0,27.0,0.0,448.0,97.0,2.0,2.0,4.0,303.0,6.0,18.0,15.0,1.0,0.0,1.0,49.0,2.0,5.0,27.34,27.64,23.61,27.37,24.82,,,,,,,,,9.93,115.73,0.86,1.15,88.69,0.0,25.34,,,74.62,145.45,126.34,133.33,135.59,100.7,103.48,173.73
2021-03-05,25224,24043.0,449.0,730.0,214.0,120,77.0,42.0,1.0,5.0,17.0,50.0,6.0,,,1265.0,248076.0,552.0,399.0,7.0,57.0,45.0,7.0,88.18,1.03,1.04,0.98,9.09,65099.0,6417.0,0.0,0.0,0.0,9104.0,122.0,128.0,338.0,17447.0,702.0,1679.0,830.0,263.0,5.0,0.0,5.0,604.0,27.0,30.0,4.0,2.0,3.0,3.0,1.0,2.0,1.0,2.0,17.0,220.0,220.0,8.0,17.0,1.0,8.0,0.9,0.93,1.39,0.64,0.93,4650.0,2109.0,293.0,9.0,4.0,45.0,175.0,77.3,77.4,79.2,22.2,75.0,82.2,82.3,9.2,10.7,12.6,44.4,25.0,8.9,8.6,96.8,96.9,98.3,90.0,57.1,97.8,97.8,98.3,97.3,100.0,100.0,0.0,100.0,93.3,117.0,3.0,4.0,9.0,292.0,10.0,30.0,0.0,465.0,98.0,2.0,2.0,4.0,317.0,7.0,19.0,15.0,1.0,0.0,1.0,49.0,2.0,5.0,28.72,28.53,24.31,27.85,25.73,7003.1,8872.7,8085.9,11266.7,7807.6,11782.5,9652.2,7929.0,9.65,117.3,0.86,0.98,88.18,0.0,25.53,,,75.39,145.45,126.34,133.33,141.86,117.49,109.23,190.71
2021-03-06,25236,24173.0,451.0,610.0,218.0,12,6.0,5.0,1.0,3.0,17.0,130.0,2.0,,,179.0,248255.0,552.0,418.0,7.0,57.0,46.0,9.0,89.16,1.04,1.05,0.92,5.03,65209.0,6925.0,0.0,0.0,0.0,,,,,,,,,,,,,,,,,2.0,3.0,3.0,1.0,2.0,1.0,2.0,18.0,221.0,221.0,9.0,18.0,2.0,9.0,0.83,0.91,1.15,0.51,0.62,4650.0,2109.0,293.0,9.0,4.0,45.0,175.0,77.3,77.4,79.2,22.2,75.0,82.2,82.3,9.2,10.7,12.6,44.4,25.0,8.9,8.6,96.8,96.9,98.3,90.0,57.1,97.8,97.8,98.3,97.3,100.0,100.0,0.0,100.0,93.3,117.0,3.0,4.0,9.0,292.0,10.0,30.0,0.0,465.0,98.0,2.0,2.0,4.0,317.0,7.0,19.0,15.0,1.0,0.0,1.0,49.0,2.0,5.0,23.48,25.03,16.26,28.43,23.95,,,,,,,,,8.87,117.82,0.7,0.1,89.16,0.0,21.27,,,75.39,145.45,126.34,133.33,141.86,117.49,109.23,159.36
2021-03-07,25256,24277.0,452.0,525.0,240.0,19,5.0,14.0,0.0,1.0,17.0,104.0,1.0,,,433.0,248688.0,552.0,399.0,7.0,59.0,46.0,9.0,89.4,1.06,1.07,0.94,4.16,65209.0,6925.0,0.0,0.0,0.0,,,,,,,,,,,,,,,,,2.0,3.0,3.0,1.0,2.0,1.0,2.0,19.0,222.0,222.0,10.0,19.0,3.0,10.0,0.83,0.91,1.15,0.51,0.62,4650.0,2109.0,293.0,9.0,4.0,45.0,175.0,77.3,77.4,79.2,22.2,75.0,82.2,82.3,9.2,10.7,12.6,44.4,25.0,8.9,8.6,96.8,96.9,98.3,90.0,57.1,97.8,97.8,98.3,97.3,100.0,100.0,0.0,100.0,93.3,117.0,3.0,4.0,9.0,292.0,10.0,30.0,0.0,465.0,98.0,2.0,2.0,4.0,317.0,7.0,19.0,15.0,1.0,0.0,1.0,49.0,2.0,5.0,25.6,25.82,20.59,29.29,24.16,,,,,,,,,8.28,118.09,0.63,1.58,89.4,0.0,18.32,,,75.39,145.45,126.34,133.33,141.86,117.49,109.23,137.16
2021-03-08,25297,24389.0,456.0,450.0,222.0,40,22.0,14.0,4.0,4.0,17.0,112.0,4.0,,,1136.0,249824.0,552.0,380.0,7.0,59.0,49.0,9.0,91.09,1.06,1.07,0.97,3.17,67088.0,10154.0,0.0,0.0,0.0,9148.0,122.0,128.0,339.0,17566.0,706.0,1687.0,833.0,182.0,3.0,0.0,3.0,428.0,19.0,24.0,5.0,2.0,3.0,3.0,1.0,2.0,1.0,2.0,20.0,223.0,223.0,11.0,20.0,4.0,11.0,0.84,0.92,1.38,0.54,0.87,5037.0,2231.0,345.0,16.0,5.0,33.0,138.0,75.9,75.3,80.9,87.5,60.0,66.7,79.7,9.0,8.7,8.1,6.2,0.0,12.1,18.8,96.4,94.7,98.5,76.2,83.3,97.1,97.8,97.6,97.4,92.9,100.0,0.0,75.0,100.0,117.0,3.0,4.0,9.0,303.0,11.0,30.0,0.0,477.0,100.0,2.0,2.0,4.0,321.0,8.0,19.0,15.0,1.0,0.0,1.0,50.0,2.0,5.0,38.42,37.46,34.25,29.64,24.47,7037.0,8872.7,8085.9,11300.0,7860.8,11849.6,9698.2,7975.7,8.14,119.13,0.65,2.11,91.09,0.0,17.77,,,76.92,145.45,126.34,133.33,143.65,134.27,109.23,117.56
2021-03-09,25391,24480.0,456.0,453.0,197.0,94,67.0,25.0,2.0,1.0,17.0,91.0,0.0,,,1178.0,251002.0,552.0,354.0,7.0,59.0,46.0,8.0,92.35,1.08,1.07,1.0,7.89,68817.0,14048.0,0.0,0.0,0.0,,,,,,,,,,,,,,,,,2.0,3.0,3.0,1.0,2.0,1.0,2.0,21.0,224.0,224.0,12.0,21.0,5.0,12.0,0.84,0.92,1.38,0.54,0.87,5037.0,2231.0,345.0,16.0,5.0,33.0,138.0,75.9,75.3,80.9,87.5,60.0,66.7,79.7,9.0,8.7,8.1,6.2,0.0,12.1,18.8,96.4,94.7,98.5,76.2,83.3,97.1,97.8,97.6,97.4,92.9,100.0,0.0,75.0,100.0,117.0,3.0,4.0,9.0,303.0,11.0,30.0,0.0,477.0,100.0,2.0,2.0,4.0,321.0,8.0,19.0,15.0,1.0,0.0,1.0,50.0,2.0,5.0,35.22,35.72,28.91,30.16,24.97,,,,,,,,,8.5,119.13,0.74,2.35,92.35,0.0,19.15,,,76.92,145.45,126.34,133.33,143.65,134.27,109.23,118.35
2021-03-10,25700,24590.0,456.0,652.0,171.0,323,253.0,62.0,8.0,4.0,18.0,110.0,0.0,,,2609.0,253611.0,552.0,380.0,7.0,59.0,50.0,7.0,93.59,1.11,1.1,1.04,12.23,70388.0,18585.0,0.0,0.0,0.0,,,,,,,,,,,,,,,,,2.0,3.0,3.0,1.0,2.0,1.0,2.0,22.0,225.0,225.0,13.0,22.0,6.0,13.0,0.84,0.92,1.38,0.54,0.87,5037.0,2231.0,345.0,16.0,5.0,33.0,138.0,75.9,75.3,80.9,87.5,60.0,66.7,79.7,9.0,8.7,8.1,6.2,0.0,12.1,18.8,96.4,94.7,98.5,76.2,83.3,97.1,97.8,97.6,97.4,92.9,100.0,0.0,75.0,100.0,117.0,3.0,4.0,9.0,303.0,11.0,30.0,0.0,477.0,100.0,2.0,2.0,4.0,321.0,8.0,19.0,15.0,1.0,0.0,1.0,50.0,2.0,5.0,39.74,39.32,32.14,31.36,25.72,,,,,,,,,7.3,119.13,0.99,3.44,93.59,0.0,27.24,,,76.92,145.45,126.34,133.33,143.65,134.27,109.23,170.34
2021-03-11,25826,24666.0,464.0,695.0,186.0,132,78.0,50.0,4.0,1.0,18.0,76.0,8.0,,,1639.0,255250.0,552.0,388.0,7.0,60.0,46.0,7.0,93.67,1.12,1.1,1.07,7.99,72517.0,22666.0,0.0,0.0,0.0,,,,,,,,,,,,,,,,,2.0,3.0,3.0,2.0,2.0,1.0,2.0,23.0,226.0,226.0,0.0,23.0,7.0,14.0,0.84,0.92,1.38,0.54,0.87,5037.0,2231.0,345.0,16.0,5.0,33.0,138.0,75.9,75.3,80.9,87.5,60.0,66.7,79.7,9.0,8.7,8.1,6.2,0.0,12.1,18.8,96.4,94.7,98.5,76.2,83.3,97.1,97.8,97.6,97.4,92.9,100.0,0.0,75.0,100.0,117.0,3.0,4.0,9.0,303.0,11.0,30.0,0.0,477.0,100.0,2.0,2.0,4.0,321.0,8.0,19.0,15.0,1.0,0.0,1.0,50.0,2.0,5.0,33.91,32.13,29.26,32.0,26.53,,,,,,,,,7.08,121.22,1.09,0.41,93.67,0.0,27.62,,,76.92,145.45,126.34,133.33,143.65,134.27,109.23,181.57
2021-03-12,25983,24736.0,469.0,777.0,207.0,162,114.0,40.0,8.0,7.0,18.0,70.0,5.0,,,1255.0,256505.0,552.0,386.0,7.0,60.0,45.0,8.0,93.26,1.11,1.1,1.04,12.35,74674.0,26787.0,0.0,0.0,0.0,9363.0,124.0,129.0,342.0,18057.0,721.0,1721.0,841.0,250.0,3.0,1.0,2.0,642.0,24.0,38.0,13.0,2.0,3.0,3.0,2.0,2.0,1.0,2.0,24.0,227.0,227.0,1.0,24.0,8.0,15.0,0.84,0.92,1.38,0.54,0.87,5037.0,2231.0,345.0,16.0,5.0,33.0,138.0,75.9,75.3,80.9,87.5,60.0,66.7,79.7,9.0,8.7,8.1,6.2,0.0,12.1,18.8,96.4,94.7,98.5,76.2,83.3,97.1,97.8,97.6,97.4,92.9,100.0,0.0,75.0,100.0,123.0,3.0,4.0,9.0,311.0,11.0,30.0,0.0,491.0,104.0,2.0,2.0,4.0,330.0,8.0,19.0,15.0,1.0,0.0,1.0,51.0,2.0,5.0,32.1,32.15,21.49,32.52,26.13,7202.4,9018.2,8149.1,11400.0,8080.5,12101.4,9893.6,8176.6,7.55,122.53,1.14,1.23,93.26,0.0,29.19,,,80.0,145.45,126.34,133.33,147.68,134.27,109.23,202.99
2021-03-13,26143,24877.0,471.0,795.0,203.0,162,104.0,48.0,10.0,9.0,18.0,141.0,2.0,,,1188.0,257693.0,552.0,354.0,7.0,60.0,44.0,9.0,92.09,1.13,1.12,1.05,12.88,74876.0,26990.0,0.0,0.0,0.0,,,,,,,,,,,,,,,,,2.0,3.0,3.0,2.0,2.0,1.0,2.0,25.0,228.0,228.0,2.0,25.0,9.0,16.0,0.81,0.91,1.38,0.41,0.63,5037.0,2231.0,345.0,16.0,5.0,33.0,138.0,75.9,75.3,80.9,87.5,60.0,66.7,79.7,9.0,8.7,8.1,6.2,0.0,12.1,18.8,96.4,94.7,98.5,76.2,83.3,97.1,97.8,97.6,97.4,92.9,100.0,0.0,75.0,100.0,123.0,3.0,4.0,9.0,311.0,11.0,30.0,0.0,491.0,104.0,2.0,2.0,4.0,330.0,8.0,19.0,15.0,1.0,0.0,1.0,51.0,2.0,5.0,32.08,34.77,19.02,33.91,26.52,,,,,,,,,8.67,123.05,1.64,1.0,92.09,0.0,34.78,,,80.0,145.45,126.34,133.33,147.68,134.27,109.23,207.69
2021-03-14,26308,24995.0,476.0,835.0,191.0,176,122.0,49.0,5.0,0.0,18.0,118.0,5.0,,,1535.0,259228.0,552.0,348.0,7.0,60.0,48.0,5.0,91.4,1.11,1.11,1.03,11.47,74876.0,26990.0,0.0,0.0,0.0,,,,,,,,,,,,,,,,,2.0,3.0,3.0,2.0,2.0,1.0,2.0,26.0,229.0,229.0,3.0,26.0,10.0,17.0,0.81,0.91,1.38,0.41,0.63,5037.0,2231.0,345.0,16.0,5.0,33.0,138.0,75.9,75.3,80.9,87.5,60.0,66.7,79.7,9.0,8.7,8.1,6.2,0.0,12.1,18.8,96.4,94.7,98.5,76.2,83.3,97.1,97.8,97.6,97.4,92.9,100.0,0.0,75.0,100.0,123.0,3.0,4.0,9.0,311.0,11.0,30.0,0.0,491.0,104.0,2.0,2.0,4.0,330.0,8.0,19.0,15.0,1.0,0.0,1.0,51.0,2.0,5.0,28.55,28.99,17.47,34.36,26.08,,,,,,,,,9.71,124.36,2.22,1.09,91.4,0.0,40.64,,,80.0,145.45,126.34,133.33,147.68,134.27,109.23,218.14
2021-03-15,26418,25116.0,477.0,824.0,198.0,111,54.0,52.0,5.0,4.0,18.0,121.0,1.0,,,1771.0,260999.0,552.0,357.0,7.0,60.0,47.0,9.0,90.69,1.12,1.13,0.98,6.04,77167.0,32051.0,0.0,0.0,0.0,9514.0,126.0,129.0,346.0,18395.0,733.0,1736.0,843.0,263.0,4.0,1.0,3.0,668.0,26.0,35.0,15.0,2.0,3.0,3.0,2.0,2.0,1.0,2.0,27.0,230.0,230.0,4.0,27.0,11.0,18.0,0.87,0.93,1.36,0.63,0.93,5437.0,2089.0,312.0,11.0,4.0,33.0,126.0,77.4,73.1,76.9,45.5,50.0,75.8,72.2,10.9,10.1,8.3,18.2,0.0,12.1,13.5,98.5,98.3,99.3,88.9,100.0,100.0,99.2,95.9,96.7,92.3,100.0,0.0,100.0,100.0,125.0,3.0,4.0,10.0,317.0,11.0,30.0,0.0,500.0,107.0,2.0,2.0,4.0,335.0,8.0,19.0,15.0,1.0,0.0,1.0,51.0,2.0,5.0,46.29,47.41,25.57,35.78,24.84,7318.5,9163.6,8149.1,11533.3,8231.8,12302.8,9979.9,8313.5,10.12,124.62,2.44,0.63,90.69,0.0,43.29,,,82.31,145.45,126.34,133.33,149.91,134.27,109.23,215.27
2021-03-16,26487,25228.0,477.0,781.0,177.0,74,46.0,27.0,1.0,1.0,18.0,112.0,0.0,,,843.0,261842.0,552.0,339.0,7.0,60.0,51.0,7.0,91.42,1.12,1.13,0.95,8.66,79705.0,37462.0,0.0,0.0,0.0,,,,,,,,,,,,,,,,,2.0,3.0,3.0,2.0,2.0,1.0,2.0,28.0,231.0,231.0,5.0,28.0,12.0,19.0,0.87,0.93,1.36,0.63,0.93,5437.0,2089.0,312.0,11.0,4.0,33.0,126.0,77.4,73.1,76.9,45.5,50.0,75.8,72.2,10.9,10.1,8.3,18.2,0.0,12.1,13.5,98.5,98.3,99.3,88.9,100.0,100.0,99.2,95.9,96.7,92.3,100.0,0.0,100.0,100.0,125.0,3.0,4.0,10.0,317.0,11.0,30.0,0.0,500.0,107.0,2.0,2.0,4.0,335.0,8.0,19.0,15.0,1.0,0.0,1.0,51.0,2.0,5.0,40.37,42.52,22.14,36.76,23.87,,,,,,,,,10.23,124.62,2.22,0.67,91.42,0.0,42.55,,,82.31,145.45,126.34,133.33,149.91,134.27,109.23,204.04
2021-03-17,26562,25341.0,477.0,743.0,213.0,77,68.0,8.0,1.0,2.0,18.0,113.0,0.0,,,328.0,262170.0,552.0,361.0,7.0,60.0,49.0,7.0,90.95,1.12,1.14,0.88,22.87,82056.0,42333.0,0.0,0.0,0.0,,,,,,,,,,,,,,,,,2.0,3.0,3.0,2.0,2.0,1.0,2.0,29.0,232.0,232.0,6.0,29.0,13.0,20.0,0.87,0.93,1.36,0.63,0.93,5437.0,2089.0,312.0,11.0,4.0,33.0,126.0,77.4,73.1,76.9,45.5,50.0,75.8,72.2,10.9,10.1,8.3,18.2,0.0,12.1,13.5,98.5,98.3,99.3,88.9,100.0,100.0,99.2,95.9,96.7,92.3,100.0,0.0,100.0,100.0,125.0,3.0,4.0,10.0,317.0,11.0,30.0,0.0,500.0,107.0,2.0,2.0,4.0,335.0,8.0,19.0,15.0,1.0,0.0,1.0,51.0,2.0,5.0,45.1,46.6,18.32,37.8,21.9,,,,,,,,,11.75,124.62,1.22,1.04,90.95,0.0,33.37,,,82.31,145.45,126.34,133.33,149.91,134.27,109.23,194.11
2021-03-18,26727,25403.0,483.0,839.0,221.0,168,113.0,45.0,10.0,2.0,18.0,62.0,6.0,,,1877.0,264047.0,552.0,374.0,7.0,60.0,50.0,8.0,92.14,1.12,1.15,0.85,8.84,84448.0,45988.0,0.0,0.0,0.0,,,,,,,,,,,,,,,,,2.0,3.0,3.0,2.0,2.0,1.0,2.0,30.0,233.0,233.0,7.0,30.0,14.0,21.0,0.87,0.93,1.36,0.63,0.93,5437.0,2089.0,312.0,11.0,4.0,33.0,126.0,77.4,73.1,76.9,45.5,50.0,75.8,72.2,10.9,10.1,8.3,18.2,0.0,12.1,13.5,98.5,98.3,99.3,88.9,100.0,100.0,99.2,95.9,96.7,92.3,100.0,0.0,100.0,100.0,125.0,3.0,4.0,10.0,317.0,11.0,30.0,0.0,500.0,107.0,2.0,2.0,4.0,335.0,8.0,19.0,15.0,1.0,0.0,1.0,51.0,2.0,5.0,40.48,42.18,19.87,39.23,20.56,,,,,,,,,11.87,126.18,1.26,2.18,92.14,0.0,34.71,,,82.31,145.45,126.34,133.33,149.91,134.27,109.23,219.19
2021-03-19,26868,25503.0,485.0,877.0,245.0,149,102.0,44.0,3.0,1.0,18.0,100.0,2.0,,,1436.0,265483.0,552.0,347.0,7.0,60.0,50.0,7.0,93.1,1.15,1.17,0.86,10.31,87028.0,48676.0,0.0,0.0,0.0,9671.0,131.0,130.0,345.0,18829.0,746.0,1742.0,842.0,288.0,8.0,1.0,3.0,763.0,29.0,24.0,6.0,2.0,3.0,3.0,2.0,2.0,1.0,2.0,31.0,234.0,234.0,8.0,31.0,15.0,22.0,0.87,0.93,1.36,0.63,0.93,5437.0,2089.0,312.0,11.0,4.0,33.0,126.0,77.4,73.1,76.9,45.5,50.0,75.8,72.2,10.9,10.1,8.3,18.2,0.0,12.1,13.5,98.5,98.3,99.3,88.9,100.0,100.0,99.2,95.9,96.7,92.3,100.0,0.0,100.0,100.0,127.0,4.0,4.0,10.0,324.0,11.0,31.0,0.0,511.0,110.0,2.0,2.0,4.0,340.0,8.0,19.0,15.0,1.0,0.0,1.0,52.0,2.0,5.0,45.84,45.95,18.46,41.2,20.12,7439.3,9527.3,8212.3,11500.0,8426.0,12521.0,10014.4,8474.0,11.58,126.71,1.17,0.89,93.1,0.0,34.22,,,84.62,145.45,126.34,133.33,152.15,134.27,109.23,229.12
2021-03-20,26989,25642.0,488.0,856.0,236.0,125,82.0,37.0,6.0,5.0,19.0,139.0,3.0,,,1280.0,266763.0,552.0,363.0,7.0,60.0,51.0,8.0,94.52,1.16,1.17,0.85,9.38,87267.0,48838.0,0.0,0.0,0.0,,,,,,,,,,,,,,,,,1.0,3.0,3.0,2.0,1.0,1.0,2.0,0.0,235.0,235.0,9.0,0.0,16.0,23.0,0.74,0.87,1.06,0.37,0.62,5437.0,2089.0,312.0,11.0,4.0,33.0,126.0,77.4,73.1,76.9,45.5,50.0,75.8,72.2,10.9,10.1,8.3,18.2,0.0,12.1,13.5,98.5,98.3,99.3,88.9,100.0,100.0,99.2,95.9,96.7,92.3,100.0,0.0,100.0,100.0,127.0,4.0,4.0,10.0,324.0,11.0,31.0,0.0,511.0,110.0,2.0,2.0,4.0,340.0,8.0,19.0,15.0,1.0,0.0,1.0,52.0,2.0,5.0,41.89,45.08,12.66,42.67,19.21,,,,,,,,,11.08,127.49,0.94,0.84,94.52,0.0,32.84,,,84.62,145.45,126.34,133.33,152.15,134.27,109.23,223.63
2021-03-21,27147,25777.0,488.0,878.0,229.0,159,112.0,35.0,12.0,5.0,19.0,135.0,0.0,,,1703.0,268466.0,552.0,393.0,7.0,61.0,54.0,7.0,96.19,1.14,1.16,0.92,9.04,87267.0,48838.0,0.0,0.0,0.0,,,,,,,,,,,,,,,,,1.0,3.0,3.0,2.0,1.0,1.0,2.0,1.0,236.0,236.0,10.0,1.0,17.0,24.0,0.74,0.87,1.06,0.37,0.62,5437.0,2089.0,312.0,11.0,4.0,33.0,126.0,77.4,73.1,76.9,45.5,50.0,75.8,72.2,10.9,10.1,8.3,18.2,0.0,12.1,13.5,98.5,98.3,99.3,88.9,100.0,100.0,99.2,95.9,96.7,92.3,100.0,0.0,100.0,100.0,127.0,4.0,4.0,10.0,324.0,11.0,31.0,0.0,511.0,110.0,2.0,2.0,4.0,340.0,8.0,19.0,15.0,1.0,0.0,1.0,52.0,2.0,5.0,33.97,34.56,24.04,43.47,20.15,,,,,,,,,10.73,127.49,0.79,1.27,96.19,0.0,32.21,,,84.62,145.45,126.34,133.33,152.15,134.27,109.23,229.38
2021-03-22,27303,25937.0,490.0,871.0,192.0,155,123.0,28.0,4.0,1.0,19.0,160.0,2.0,,,2138.0,270604.0,552.0,389.0,7.0,61.0,51.0,7.0,96.44,1.13,1.15,0.92,7.2,89662.0,50705.0,0.0,0.0,0.0,9778.0,131.0,130.0,349.0,19172.0,756.0,1749.0,852.0,244.0,7.0,1.0,5.0,755.0,25.0,17.0,15.0,1.0,3.0,3.0,2.0,1.0,1.0,2.0,2.0,237.0,237.0,11.0,2.0,18.0,25.0,0.75,0.85,1.2,0.47,0.7,6668.0,2602.0,396.0,24.0,3.0,43.0,158.0,76.9,75.7,86.6,79.2,100.0,67.4,77.8,10.2,9.9,3.8,20.8,0.0,7.0,10.1,85.4,95.3,95.7,90.9,25.0,95.3,96.0,95.2,92.9,100.0,100.0,0.0,66.7,100.0,128.0,4.0,4.0,10.0,331.0,11.0,31.0,0.0,519.0,110.0,2.0,2.0,4.0,345.0,8.0,19.0,15.0,1.0,0.0,1.0,54.0,2.0,5.0,51.3,55.7,22.55,44.66,19.72,7521.6,9527.3,8212.3,11633.3,8579.5,12688.8,10054.6,8599.6,10.9,128.01,0.78,0.97,96.44,0.0,33.85,,,84.62,145.45,126.34,133.33,154.39,134.27,109.23,227.55
2021-03-23,27453,26074.0,490.0,884.0,183.0,155,90.0,43.0,22.0,0.0,19.0,137.0,0.0,,,1593.0,272197.0,552.0,382.0,7.0,61.0,55.0,6.0,96.92,1.13,1.14,0.94,9.73,92093.0,51791.0,0.0,0.0,0.0,,,,,,,,,,,,,,,,,1.0,3.0,3.0,2.0,1.0,1.0,2.0,3.0,238.0,238.0,12.0,3.0,19.0,26.0,0.75,0.85,1.2,0.47,0.7,6668.0,2602.0,396.0,24.0,3.0,43.0,158.0,76.9,75.7,86.6,79.2,100.0,67.4,77.8,10.2,9.9,3.8,20.8,0.0,7.0,10.1,85.4,95.3,95.7,90.9,25.0,95.3,96.0,95.2,92.9,100.0,100.0,0.0,66.7,100.0,128.0,4.0,4.0,10.0,331.0,11.0,31.0,0.0,519.0,110.0,2.0,2.0,4.0,345.0,8.0,19.0,15.0,1.0,0.0,1.0,54.0,2.0,5.0,47.46,49.54,21.05,45.66,19.56,,,,,,,,,11.05,128.01,0.87,1.0,96.92,0.0,36.87,,,84.62,145.45,126.34,133.33,154.39,134.27,109.23,230.95
2021-03-24,27624,26190.0,490.0,939.0,221.0,173,159.0,13.0,1.0,4.0,19.0,116.0,0.0,,,709.0,272906.0,552.0,407.0,7.0,62.0,57.0,3.0,97.41,1.09,1.11,0.94,23.84,94772.0,52757.0,0.0,0.0,0.0,,,,,,,,,,,,,,,,,1.0,3.0,3.0,2.0,1.0,1.0,2.0,4.0,239.0,239.0,13.0,4.0,20.0,27.0,0.75,0.85,1.2,0.47,0.7,6668.0,2602.0,396.0,24.0,3.0,43.0,158.0,76.9,75.7,86.6,79.2,100.0,67.4,77.8,10.2,9.9,3.8,20.8,0.0,7.0,10.1,85.4,95.3,95.7,90.9,25.0,95.3,96.0,95.2,92.9,100.0,100.0,0.0,66.7,100.0,128.0,4.0,4.0,10.0,331.0,11.0,31.0,0.0,519.0,110.0,2.0,2.0,4.0,345.0,8.0,19.0,15.0,1.0,0.0,1.0,54.0,2.0,5.0,41.68,45.54,16.48,45.51,19.3,,,,,,,,,11.19,128.01,1.21,1.12,97.41,0.0,40.46,,,84.62,145.45,126.34,133.33,154.39,134.27,109.23,245.32
2021-03-25,27824,26271.0,494.0,1050.0,201.0,207,125.0,67.0,15.0,5.0,19.0,81.0,4.0,,,1449.0,274355.0,552.0,428.0,7.0,62.0,57.0,3.0,97.42,1.1,1.12,0.95,13.94,97007.0,53537.0,0.0,0.0,0.0,,,,,,,,,,,,,,,,,1.0,3.0,3.0,2.0,1.0,1.0,2.0,5.0,240.0,240.0,14.0,5.0,21.0,28.0,0.75,0.85,1.2,0.47,0.7,6668.0,2602.0,396.0,24.0,3.0,43.0,158.0,76.9,75.7,86.6,79.2,100.0,67.4,77.8,10.2,9.9,3.8,20.8,0.0,7.0,10.1,85.4,95.3,95.7,90.9,25.0,95.3,96.0,95.2,92.9,100.0,100.0,0.0,66.7,100.0,128.0,4.0,4.0,10.0,331.0,11.0,31.0,0.0,519.0,110.0,2.0,2.0,4.0,345.0,8.0,19.0,15.0,1.0,0.0,1.0,54.0,2.0,5.0,48.71,51.49,18.53,46.84,19.11,,,,,,,,,11.92,129.06,1.21,1.2,97.42,0.0,41.91,,,84.62,145.45,126.34,133.33,154.39,134.27,109.23,274.31
2021-03-26,28007,26398.0,495.0,1103.0,199.0,187,121.0,58.0,8.0,1.0,19.0,127.0,1.0,,,1408.0,275763.0,552.0,435.0,7.0,62.0,58.0,4.0,98.14,1.06,1.08,0.96,13.21,99730.0,54412.0,0.0,0.0,0.0,10007.0,132.0,131.0,351.0,19717.0,760.0,1771.0,852.0,332.0,4.0,2.0,3.0,907.0,17.0,27.0,13.0,1.0,3.0,3.0,2.0,1.0,1.0,2.0,6.0,241.0,241.0,15.0,6.0,22.0,29.0,0.75,0.85,1.2,0.47,0.7,6668.0,2602.0,396.0,24.0,3.0,43.0,158.0,76.9,75.7,86.6,79.2,100.0,67.4,77.8,10.2,9.9,3.8,20.8,0.0,7.0,10.1,85.4,95.3,95.7,90.9,25.0,95.3,96.0,95.2,92.9,100.0,100.0,0.0,66.7,100.0,130.0,4.0,4.0,10.0,338.0,11.0,33.0,0.0,530.0,112.0,2.0,2.0,4.0,348.0,8.0,19.0,16.0,1.0,0.0,1.0,58.0,2.0,5.0,40.53,42.68,18.34,46.37,19.09,7697.8,9600.0,8275.4,11700.0,8823.4,12756.0,10181.1,8809.7,12.33,129.32,1.27,0.9,98.14,0.0,43.33,,,86.15,145.45,126.34,133.33,155.73,134.27,109.23,288.16
2021-03-27,28177,26572.0,496.0,1095.0,206.0,173,107.0,49.0,17.0,2.0,19.0,174.0,1.0,,,1310.0,277073.0,552.0,468.0,7.0,61.0,57.0,3.0,98.14,1.04,1.05,1.07,13.05,99834.0,54465.0,0.0,0.0,0.0,,,,,,,,,,,,,,,,,1.0,3.0,3.0,2.0,1.0,1.0,2.0,7.0,242.0,242.0,16.0,7.0,23.0,30.0,0.6,0.76,0.92,0.2,0.48,6668.0,2602.0,396.0,24.0,3.0,43.0,158.0,76.9,75.7,86.6,79.2,100.0,67.4,77.8,10.2,9.9,3.8,20.8,0.0,7.0,10.1,85.4,95.3,95.7,90.9,25.0,95.3,96.0,95.2,92.9,100.0,100.0,0.0,66.7,100.0,130.0,4.0,4.0,10.0,338.0,11.0,33.0,0.0,530.0,112.0,2.0,2.0,4.0,348.0,8.0,19.0,16.0,1.0,0.0,1.0,58.0,2.0,5.0,41.72,41.04,26.85,45.79,21.12,,,,,,,,,12.86,129.58,1.37,0.93,98.14,0.0,45.12,,,86.15,145.45,126.34,133.33,155.73,134.27,109.23,286.07
2021-03-28,28339,26715.0,497.0,1113.0,221.0,162,106.0,50.0,6.0,4.0,19.0,143.0,1.0,,,1399.0,278472.0,552.0,460.0,7.0,62.0,58.0,4.0,98.14,1.01,1.02,1.03,11.29,99834.0,54465.0,0.0,0.0,0.0,,,,,,,,,,,,,,,,,1.0,3.0,3.0,2.0,1.0,1.0,2.0,8.0,243.0,243.0,17.0,8.0,24.0,31.0,0.6,0.76,0.92,0.2,0.48,6668.0,2602.0,396.0,24.0,3.0,43.0,158.0,76.9,75.7,86.6,79.2,100.0,67.4,77.8,10.2,9.9,3.8,20.8,0.0,7.0,10.1,85.4,95.3,95.7,90.9,25.0,95.3,96.0,95.2,92.9,100.0,100.0,0.0,66.7,100.0,130.0,4.0,4.0,10.0,338.0,11.0,33.0,0.0,530.0,112.0,2.0,2.0,4.0,348.0,8.0,19.0,16.0,1.0,0.0,1.0,58.0,2.0,5.0,27.58,29.97,19.31,45.14,20.44,,,,,,,,,13.18,129.84,1.4,0.94,98.14,0.0,45.23,,,86.15,145.45,126.34,133.33,155.73,134.27,109.23,290.77
2021-03-29,28421,26872.0,508.0,1036.0,220.0,84,40.0,32.0,12.0,0.0,19.0,157.0,11.0,,,1947.0,280419.0,552.0,453.0,7.0,62.0,57.0,3.0,98.38,1.03,1.03,1.08,4.31,102304.0,56053.0,0.0,0.0,0.0,10147.0,134.0,131.0,351.0,20052.0,761.0,1780.0,859.0,326.0,3.0,1.0,2.0,855.0,10.0,30.0,18.0,1.0,3.0,3.0,2.0,1.0,1.0,2.0,9.0,244.0,244.0,18.0,9.0,25.0,32.0,,,,,,6326.0,2598.0,359.0,14.0,4.0,32.0,151.0,74.8,72.4,81.6,64.3,50.0,71.9,82.8,12.8,12.3,7.8,7.1,25.0,6.2,6.0,78.6,93.5,94.2,100.0,100.0,80.6,93.5,96.6,95.5,67.9,100.0,100.0,100.0,71.4,133.0,4.0,4.0,10.0,344.0,11.0,33.0,0.0,539.0,115.0,2.0,2.0,4.0,357.0,8.0,20.0,15.0,1.0,0.0,1.0,55.0,2.0,5.0,58.29,60.59,29.26,45.83,21.4,7805.4,9745.5,8275.4,11700.0,8973.3,12772.7,10232.8,8938.7,12.77,132.72,1.26,0.52,98.38,0.0,42.58,,,88.46,145.45,126.34,133.33,159.76,134.27,114.98,270.66
2021-03-30,28547,27021.0,509.0,1012.0,197.0,141,110.0,25.0,6.0,4.0,19.0,149.0,1.0,,,1122.0,281541.0,552.0,447.0,7.0,62.0,59.0,2.0,98.15,1.05,1.05,1.13,12.21,104461.0,57752.0,0.0,0.0,0.0,,,,,,,,,,,,,,,,,1.0,3.0,3.0,2.0,1.0,1.0,2.0,10.0,245.0,245.0,19.0,10.0,26.0,33.0,,,,,,6326.0,2598.0,359.0,14.0,4.0,32.0,151.0,74.8,72.4,81.6,64.3,50.0,71.9,82.8,12.8,12.3,7.8,7.1,25.0,6.2,6.0,78.6,93.5,94.2,100.0,100.0,80.6,93.5,96.6,95.5,67.9,100.0,100.0,100.0,71.4,133.0,4.0,4.0,10.0,344.0,11.0,33.0,0.0,539.0,115.0,2.0,2.0,4.0,357.0,8.0,20.0,15.0,1.0,0.0,1.0,55.0,2.0,5.0,54.58,56.92,29.78,46.89,22.65,,,,,,,,,13.12,132.98,1.14,1.68,98.15,0.0,42.06,,,88.46,145.45,126.34,133.33,159.76,134.27,114.98,264.39
2021-03-31,28766,27204.0,509.0,1048.0,224.0,224,182.0,40.0,2.0,6.0,19.0,183.0,0.0,,,1046.0,282587.0,552.0,424.0,7.0,62.0,59.0,1.0,98.15,1.06,1.05,1.19,20.84,106454.0,59399.0,0.0,0.0,0.0,,,,,,,,,,,,,,,,,1.0,3.0,3.0,2.0,1.0,1.0,2.0,11.0,246.0,246.0,20.0,11.0,27.0,34.0,,,,,,6326.0,2598.0,359.0,14.0,4.0,32.0,151.0,74.8,72.4,81.6,64.3,50.0,71.9,82.8,12.8,12.3,7.8,7.1,25.0,6.2,6.0,78.6,93.5,94.2,100.0,100.0,80.6,93.5,96.6,95.5,67.9,100.0,100.0,100.0,71.4,133.0,4.0,4.0,10.0,344.0,11.0,33.0,0.0,539.0,115.0,2.0,2.0,4.0,357.0,8.0,20.0,15.0,1.0,0.0,1.0,55.0,2.0,5.0,47.78,47.55,28.23,47.18,24.33,,,,,,,,,12.69,132.98,1.09,1.59,98.15,0.0,43.96,,,88.46,145.45,126.34,133.33,159.76,134.27,114.98,273.79
2021-04-01,28994,27362.0,515.0,1112.0,237.0,231,136.0,83.0,12.0,6.0,19.0,158.0,6.0,,,1784.0,284371.0,552.0,430.0,7.0,64.0,61.0,2.0,98.39,1.08,1.06,1.26,12.61,108384.0,61528.0,0.0,0.0,0.0,,,,,,,,,,,,,,,,,1.0,3.0,3.0,3.0,1.0,1.0,2.0,12.0,247.0,247.0,0.0,12.0,28.0,35.0,,,,,,6326.0,2598.0,359.0,14.0,4.0,32.0,151.0,74.8,72.4,81.6,64.3,50.0,71.9,82.8,12.8,12.3,7.8,7.1,25.0,6.2,6.0,78.6,93.5,94.2,100.0,100.0,80.6,93.5,96.6,95.5,67.9,100.0,100.0,100.0,71.4,133.0,4.0,4.0,10.0,344.0,11.0,33.0,0.0,539.0,115.0,2.0,2.0,4.0,357.0,8.0,20.0,15.0,1.0,0.0,1.0,55.0,2.0,5.0,57.3,57.9,34.75,48.09,26.65,,,,,,,,,12.51,134.54,1.07,1.03,98.39,0.0,44.86,,,88.46,145.45,126.34,133.33,159.76,134.27,114.98,290.51
2021-04-02,29159,27479.0,521.0,1154.0,242.0,167,87.0,62.0,18.0,4.0,19.0,117.0,6.0,,,2277.0,286648.0,552.0,388.0,7.0,64.0,61.0,2.0,98.17,1.06,1.05,1.2,7.16,108412.0,61529.0,0.0,0.0,0.0,10391.0,134.0,131.0,355.0,20647.0,769.0,1793.0,860.0,360.0,2.0,0.0,3.0,959.0,11.0,30.0,19.0,1.0,3.0,3.0,3.0,1.0,1.0,2.0,13.0,248.0,248.0,1.0,13.0,29.0,36.0,,,,,,6326.0,2598.0,359.0,14.0,4.0,32.0,151.0,74.8,72.4,81.6,64.3,50.0,71.9,82.8,12.8,12.3,7.8,7.1,25.0,6.2,6.0,78.6,93.5,94.2,100.0,100.0,80.6,93.5,96.6,95.5,67.9,100.0,100.0,100.0,71.4,137.0,4.0,4.0,10.0,354.0,11.0,33.0,0.0,553.0,119.0,2.0,2.0,4.0,366.0,8.0,20.0,15.0,1.0,0.0,1.0,56.0,2.0,5.0,40.34,42.57,18.0,48.08,26.6,7993.1,9745.5,8275.4,11833.3,9239.6,12907.0,10307.6,9164.7,11.64,136.11,1.02,0.72,98.17,0.0,44.11,,,91.54,145.45,126.34,133.33,163.79,134.27,114.98,301.48
2021-04-03,29361,27710.0,524.0,1122.0,234.0,202,138.0,41.0,23.0,6.0,22.0,231.0,3.0,,,1150.0,287798.0,552.0,451.0,7.0,64.0,60.0,2.0,97.96,1.03,1.02,1.12,17.04,108440.0,61529.0,0.0,0.0,0.0,,,,,,,,,,,,,,,,,1.0,3.0,3.0,3.0,1.0,1.0,2.0,14.0,249.0,249.0,2.0,14.0,30.0,37.0,,,,,,6326.0,2598.0,359.0,14.0,4.0,32.0,151.0,74.8,72.4,81.6,64.3,50.0,71.9,82.8,12.8,12.3,7.8,7.1,25.0,6.2,6.0,78.6,93.5,94.2,100.0,100.0,80.6,93.5,96.6,95.5,67.9,100.0,100.0,100.0,71.4,137.0,4.0,4.0,10.0,354.0,11.0,33.0,0.0,553.0,119.0,2.0,2.0,4.0,366.0,8.0,20.0,15.0,1.0,0.0,1.0,56.0,2.0,5.0,35.5,36.56,21.22,47.44,25.79,,,,,,,,,12.21,136.9,1.0,1.21,97.96,0.0,45.2,,,91.54,145.45,126.34,133.33,163.79,134.27,114.98,293.12
2021-04-04,29521,27888.0,530.0,1098.0,226.0,164,95.0,56.0,13.0,2.0,22.0,178.0,6.0,,,1588.0,289386.0,552.0,445.0,7.0,64.0,62.0,1.0,97.73,1.04,1.03,1.11,10.2,108480.0,61531.0,0.0,0.0,0.0,,,,,,,,,,,,,,,,,1.0,3.0,3.0,3.0,1.0,1.0,2.0,15.0,250.0,250.0,3.0,15.0,31.0,38.0,,,,,,6326.0,2598.0,359.0,14.0,4.0,32.0,151.0,74.8,72.4,81.6,64.3,50.0,71.9,82.8,12.8,12.3,7.8,7.1,25.0,6.2,6.0,78.6,93.5,94.2,100.0,100.0,80.6,93.5,96.6,95.5,67.9,100.0,100.0,100.0,71.4,137.0,4.0,4.0,10.0,354.0,11.0,33.0,0.0,553.0,119.0,2.0,2.0,4.0,366.0,8.0,20.0,15.0,1.0,0.0,1.0,56.0,2.0,5.0,32.06,32.93,21.95,47.86,26.17,,,,,,,,,12.05,138.46,1.0,0.81,97.73,0.0,45.27,,,91.54,145.45,126.34,133.33,163.79,134.27,114.98,286.85
2021-04-05,29629,28038.0,530.0,1055.0,204.0,108,52.0,50.0,6.0,5.0,23.0,150.0,0.0,,,1511.0,290897.0,552.0,416.0,7.0,64.0,60.0,1.0,97.52,1.03,1.02,1.11,6.82,110301.0,64488.0,0.0,0.0,0.0,10536.0,134.0,131.0,361.0,20995.0,776.0,1811.0,853.0,337.0,1.0,0.0,9.0,838.0,15.0,24.0,12.0,1.0,3.0,3.0,3.0,1.0,2.0,2.0,16.0,251.0,251.0,4.0,16.0,0.0,39.0,0.76,0.83,1.23,0.44,0.76,6424.0,2512.0,399.0,11.0,1.0,60.0,119.0,78.1,77.6,84.5,72.7,100.0,70.0,82.4,13.6,12.4,9.0,0.0,0.0,23.3,6.7,95.3,97.5,98.0,100.0,100.0,100.0,91.9,93.2,95.6,97.2,0.0,0.0,57.1,87.5,141.0,4.0,4.0,10.0,362.0,11.0,33.0,0.0,565.0,122.0,2.0,2.0,4.0,372.0,8.0,20.0,16.0,1.0,0.0,1.0,56.0,2.0,5.0,58.3,59.75,32.22,47.74,26.59,8104.7,9745.5,8275.4,12033.3,9395.3,13024.5,10411.0,9299.8,12.41,138.46,1.08,0.66,97.52,0.0,46.17,,,93.85,145.45,126.34,133.33,166.47,134.27,114.98,275.62
2021-04-06,29786,28222.0,533.0,1025.0,171.0,160,115.0,44.0,1.0,8.0,23.0,184.0,3.0,,,1235.0,292132.0,552.0,393.0,7.0,64.0,61.0,1.0,97.31,1.02,1.01,1.07,12.31,112457.0,66454.0,0.0,0.0,0.0,,,,,,,,,,,,,,,,,1.0,3.0,3.0,3.0,1.0,2.0,2.0,17.0,252.0,252.0,5.0,17.0,1.0,40.0,0.76,0.83,1.23,0.44,0.76,6424.0,2512.0,399.0,11.0,1.0,60.0,119.0,78.1,77.6,84.5,72.7,100.0,70.0,82.4,13.6,12.4,9.0,0.0,0.0,23.3,6.7,95.3,97.5,98.0,100.0,100.0,100.0,91.9,93.2,95.6,97.2,0.0,0.0,57.1,87.5,141.0,4.0,4.0,10.0,362.0,11.0,33.0,0.0,565.0,122.0,2.0,2.0,4.0,372.0,8.0,20.0,16.0,1.0,0.0,1.0,56.0,2.0,5.0,52.43,55.35,25.83,47.52,26.03,,,,,,,,,12.43,139.25,1.11,1.48,97.31,0.0,46.88,,,93.85,145.45,126.34,133.33,166.47,134.27,114.98,267.78
2021-04-07,30009,28384.0,533.0,1086.0,206.0,233,199.0,34.0,0.0,16.0,23.0,162.0,0.0,,,760.0,292892.0,552.0,390.0,7.0,64.0,59.0,1.0,96.88,1.01,1.01,1.13,28.55,114641.0,68249.0,0.0,0.0,0.0,,,,,,,,,,,,,,,,,1.0,3.0,3.0,3.0,1.0,2.0,2.0,18.0,253.0,253.0,6.0,18.0,2.0,41.0,0.76,0.83,1.23,0.44,0.76,6424.0,2512.0,399.0,11.0,1.0,60.0,119.0,78.1,77.6,84.5,72.7,100.0,70.0,82.4,13.6,12.4,9.0,0.0,0.0,23.3,6.7,95.3,97.5,98.0,100.0,100.0,100.0,91.9,93.2,95.6,97.2,0.0,0.0,57.1,87.5,141.0,4.0,4.0,10.0,362.0,11.0,33.0,0.0,565.0,122.0,2.0,2.0,4.0,372.0,8.0,20.0,16.0,1.0,0.0,1.0,56.0,2.0,5.0,48.11,46.58,40.58,47.38,27.79,,,,,,,,,13.53,139.25,1.07,1.46,96.88,0.0,47.21,,,93.85,145.45,126.34,133.33,166.47,134.27,114.98,283.72
2021-04-08,30213,28549.0,545.0,1113.0,251.0,219,151.0,68.0,0.0,10.0,23.0,165.0,12.0,,,1884.0,294776.0,552.0,430.0,7.0,64.0,57.0,1.0,95.76,0.98,0.97,1.08,11.09,116332.0,70209.0,0.0,0.0,0.0,,,,,,,,,,,,,,,,,1.0,3.0,3.0,3.0,1.0,2.0,2.0,19.0,254.0,254.0,7.0,19.0,3.0,42.0,0.76,0.83,1.23,0.44,0.76,6424.0,2512.0,399.0,11.0,1.0,60.0,119.0,78.1,77.6,84.5,72.7,100.0,70.0,82.4,13.6,12.4,9.0,0.0,0.0,23.3,6.7,95.3,97.5,98.0,100.0,100.0,100.0,91.9,93.2,95.6,97.2,0.0,0.0,57.1,87.5,141.0,4.0,4.0,10.0,362.0,11.0,33.0,0.0,565.0,122.0,2.0,2.0,4.0,372.0,8.0,20.0,16.0,1.0,0.0,1.0,56.0,2.0,5.0,47.93,47.93,29.77,45.95,27.08,,,,,,,,,13.31,142.38,1.04,0.94,95.76,0.0,46.76,,,93.85,145.45,126.34,133.33,166.47,134.27,114.98,290.77
2021-04-09,30445,28672.0,551.0,1218.0,279.0,238,131.0,93.0,14.0,6.0,23.0,123.0,6.0,,,1720.0,296496.0,552.0,477.0,7.0,64.0,57.0,2.0,94.87,1.01,1.0,1.18,13.49,117979.0,71828.0,0.0,0.0,0.0,10844.0,134.0,132.0,370.0,21651.0,784.0,1837.0,862.0,421.0,0.0,1.0,14.0,971.0,16.0,31.0,20.0,1.0,3.0,3.0,3.0,1.0,2.0,2.0,20.0,255.0,255.0,8.0,20.0,4.0,43.0,0.76,0.83,1.23,0.44,0.76,6424.0,2512.0,399.0,11.0,1.0,60.0,119.0,78.1,77.6,84.5,72.7,100.0,70.0,82.4,13.6,12.4,9.0,0.0,0.0,23.3,6.7,95.3,97.5,98.0,100.0,100.0,100.0,91.9,93.2,95.6,97.2,0.0,0.0,57.1,87.5,149.0,4.0,5.0,10.0,373.0,12.0,33.0,0.0,586.0,127.0,2.0,2.0,4.0,386.0,9.0,21.0,16.0,1.0,0.0,1.0,58.0,2.0,5.0,47.97,48.09,38.38,46.74,29.99,8341.6,9745.5,8338.6,12333.3,9688.9,13158.8,10560.5,9565.5,14.21,143.95,1.12,1.09,94.87,0.0,49.41,,,97.69,145.45,126.34,133.33,172.74,151.06,120.72,318.2
2021-04-10,30614,28814.0,554.0,1242.0,259.0,193,133.0,45.0,15.0,8.0,23.0,142.0,3.0,,,1312.0,297808.0,578.0,467.0,8.0,62.0,56.0,1.0,94.16,1.03,1.02,1.2,14.1,118127.0,71962.0,0.0,0.0,0.0,,,,,,,,,,,,,,,,,1.0,3.0,3.0,3.0,1.0,2.0,2.0,21.0,256.0,256.0,9.0,21.0,5.0,44.0,0.76,0.88,1.05,0.41,0.54,6424.0,2512.0,399.0,11.0,1.0,60.0,119.0,78.1,77.6,84.5,72.7,100.0,70.0,82.4,13.6,12.4,9.0,0.0,0.0,23.3,6.7,95.3,97.5,98.0,100.0,100.0,100.0,91.9,93.2,95.6,97.2,0.0,0.0,57.1,87.5,149.0,4.0,5.0,10.0,373.0,12.0,33.0,0.0,586.0,127.0,2.0,2.0,4.0,386.0,9.0,21.0,16.0,1.0,0.0,1.0,58.0,2.0,5.0,41.57,42.89,32.38,47.65,31.59,,,,,,,,,13.79,144.73,1.09,0.81,94.16,0.0,49.08,,,97.69,145.45,126.34,133.33,172.74,151.06,120.72,324.47
2021-04-11,30773,29025.0,561.0,1183.0,280.0,164,85.0,68.0,11.0,5.0,23.0,211.0,7.0,,,1431.0,299239.0,578.0,501.0,8.0,62.0,55.0,0.0,92.77,1.01,1.0,1.18,11.11,118155.0,71964.0,0.0,0.0,0.0,,,,,,,,,,,,,,,,,1.0,3.0,3.0,3.0,1.0,2.0,2.0,22.0,257.0,257.0,10.0,22.0,6.0,45.0,0.76,0.88,1.05,0.41,0.54,6424.0,2512.0,399.0,11.0,1.0,60.0,119.0,78.1,77.6,84.5,72.7,100.0,70.0,82.4,13.6,12.4,9.0,0.0,0.0,23.3,6.7,95.3,97.5,98.0,100.0,100.0,100.0,91.9,93.2,95.6,97.2,0.0,0.0,57.1,87.5,149.0,4.0,5.0,10.0,373.0,12.0,33.0,0.0,586.0,127.0,2.0,2.0,4.0,386.0,9.0,21.0,16.0,1.0,0.0,1.0,58.0,2.0,5.0,29.71,29.3,25.31,47.13,32.07,,,,,,,,,13.92,146.56,1.08,0.85,92.77,0.0,49.08,,,97.69,145.45,126.34,133.33,172.74,151.06,120.72,309.06
2021-04-12,30908,29199.0,567.0,1138.0,289.0,140,77.0,59.0,4.0,1.0,23.0,174.0,6.0,,,1636.0,300875.0,578.0,459.0,8.0,62.0,55.0,1.0,92.06,0.98,0.96,1.33,8.5,120243.0,74392.0,0.0,0.0,0.0,11040.0,135.0,132.0,377.0,22001.0,789.0,1867.0,858.0,425.0,1.0,1.0,16.0,910.0,16.0,45.0,12.0,1.0,3.0,3.0,3.0,1.0,2.0,2.0,23.0,258.0,258.0,11.0,23.0,7.0,46.0,0.75,0.84,1.27,0.48,0.73,6904.0,2622.0,445.0,7.0,5.0,73.0,138.0,78.7,75.6,83.6,85.7,60.0,69.9,77.5,11.9,15.5,9.4,14.3,20.0,12.3,13.0,91.4,97.2,97.4,100.0,100.0,85.7,98.5,93.8,93.0,83.3,100.0,100.0,66.7,100.0,158.0,4.0,5.0,11.0,379.0,12.0,33.0,0.0,602.0,133.0,2.0,2.0,5.0,395.0,9.0,21.0,16.0,1.0,0.0,1.0,58.0,2.0,5.0,48.23,46.68,69.8,45.26,37.44,8492.4,9818.2,8338.6,12566.7,9845.5,13242.7,10733.0,9718.3,14.16,148.13,1.09,0.85,92.06,0.0,50.27,,,102.31,145.45,126.34,166.67,176.76,151.06,120.72,297.3
2021-04-13,31089,29409.0,567.0,1109.0,263.0,181,105.0,76.0,0.0,4.0,24.0,210.0,0.0,,,1655.0,302530.0,578.0,422.0,8.0,62.0,58.0,2.0,92.04,0.97,0.94,1.32,10.69,121994.0,76914.0,0.0,0.0,0.0,,,,,,,,,,,,,,,,,1.0,3.0,3.0,3.0,1.0,2.0,2.0,24.0,259.0,259.0,12.0,24.0,8.0,47.0,0.75,0.84,1.27,0.48,0.73,6904.0,2622.0,445.0,7.0,5.0,73.0,138.0,78.7,75.6,83.6,85.7,60.0,69.9,77.5,11.9,15.5,9.4,14.3,20.0,12.3,13.0,91.4,97.2,97.4,100.0,100.0,85.7,98.5,93.8,93.0,83.3,100.0,100.0,66.7,100.0,158.0,4.0,5.0,11.0,379.0,12.0,33.0,0.0,602.0,133.0,2.0,2.0,5.0,395.0,9.0,21.0,16.0,1.0,0.0,1.0,58.0,2.0,5.0,48.49,45.7,38.14,43.88,39.2,,,,,,,,,13.93,148.13,1.09,1.29,92.04,0.0,51.06,,,102.31,145.45,126.34,166.67,176.76,151.06,120.72,289.73
2021-04-14,31234,29566.0,567.0,1096.0,298.0,147,98.0,42.0,7.0,6.0,24.0,157.0,0.0,,,919.0,303449.0,578.0,453.0,8.0,62.0,60.0,1.0,92.71,0.94,0.92,1.23,15.34,123830.0,79258.0,0.0,0.0,0.0,,,,,,,,,,,,,,,,,1.0,3.0,3.0,3.0,1.0,2.0,2.0,25.0,260.0,260.0,13.0,25.0,9.0,48.0,0.75,0.84,1.27,0.48,0.73,6904.0,2622.0,445.0,7.0,5.0,73.0,138.0,78.7,75.6,83.6,85.7,60.0,69.9,77.5,11.9,15.5,9.4,14.3,20.0,12.3,13.0,91.4,97.2,97.4,100.0,100.0,85.7,98.5,93.8,93.0,83.3,100.0,100.0,66.7,100.0,158.0,4.0,5.0,11.0,379.0,12.0,33.0,0.0,602.0,133.0,2.0,2.0,5.0,395.0,9.0,21.0,16.0,1.0,0.0,1.0,58.0,2.0,5.0,34.84,35.66,37.32,42.32,38.73,,,,,,,,,12.05,148.13,1.01,0.81,92.71,0.0,47.85,,,102.31,145.45,126.34,166.67,176.76,151.06,120.72,286.33
2021-04-15,31445,29711.0,575.0,1154.0,339.0,216,168.0,41.0,7.0,10.0,26.0,145.0,8.0,,,1613.0,305062.0,578.0,477.0,8.0,62.0,60.0,2.0,94.05,0.91,0.9,1.16,12.77,125485.0,81444.0,0.0,0.0,0.0,,,,,,,,,,,,,,,,,1.0,3.0,3.0,2.0,1.0,2.0,2.0,26.0,261.0,261.0,0.0,26.0,10.0,49.0,0.75,0.84,1.27,0.48,0.73,6904.0,2622.0,445.0,7.0,5.0,73.0,138.0,78.7,75.6,83.6,85.7,60.0,69.9,77.5,11.9,15.5,9.4,14.3,20.0,12.3,13.0,91.4,97.2,97.4,100.0,100.0,85.7,98.5,93.8,93.0,83.3,100.0,100.0,66.7,100.0,158.0,4.0,5.0,11.0,379.0,12.0,33.0,0.0,602.0,133.0,2.0,2.0,5.0,395.0,9.0,21.0,16.0,1.0,0.0,1.0,58.0,2.0,5.0,35.59,37.78,26.94,40.87,38.33,,,,,,,,,12.29,150.22,1.02,1.47,94.05,0.0,47.73,,,102.31,145.45,126.34,166.67,176.76,151.06,120.72,301.48
2021-04-16,31625,29831.0,580.0,1214.0,399.0,182,101.0,62.0,19.0,4.0,27.0,120.0,5.0,,,1991.0,307053.0,578.0,460.0,8.0,62.0,60.0,2.0,95.16,0.9,0.88,1.14,8.94,127496.0,83782.0,0.0,0.0,0.0,11347.0,135.0,132.0,379.0,22569.0,801.0,1908.0,878.0,497.0,1.0,0.0,10.0,997.0,21.0,66.0,29.0,1.0,3.0,3.0,2.0,1.0,2.0,2.0,27.0,262.0,262.0,1.0,27.0,11.0,50.0,0.75,0.84,1.27,0.48,0.73,6904.0,2622.0,445.0,7.0,5.0,73.0,138.0,78.7,75.6,83.6,85.7,60.0,69.9,77.5,11.9,15.5,9.4,14.3,20.0,12.3,13.0,91.4,97.2,97.4,100.0,100.0,85.7,98.5,93.8,93.0,83.3,100.0,100.0,66.7,100.0,161.0,4.0,5.0,11.0,385.0,12.0,33.0,0.0,611.0,137.0,2.0,2.0,5.0,404.0,9.0,21.0,16.0,1.0,0.0,1.0,58.0,2.0,5.0,38.73,36.98,41.79,39.28,38.81,8728.5,9818.2,8338.6,12633.3,10099.7,13444.1,10968.7,9966.5,11.64,151.53,0.92,0.84,95.16,0.0,45.64,,,105.39,145.45,126.34,166.67,180.79,151.06,120.72,317.16
2021-04-17,31784,30016.0,582.0,1181.0,397.0,164,124.0,38.0,2.0,4.0,27.0,185.0,2.0,,,1318.0,308371.0,603.0,490.0,8.0,62.0,61.0,1.0,96.31,0.88,0.86,1.1,12.14,127691.0,83953.0,0.0,0.0,0.0,,,,,,,,,,,,,,,,,1.0,3.0,3.0,2.0,1.0,2.0,1.0,28.0,263.0,263.0,2.0,28.0,12.0,0.0,0.84,0.88,1.06,0.42,0.58,6904.0,2622.0,445.0,7.0,5.0,73.0,138.0,78.7,75.6,83.6,85.7,60.0,69.9,77.5,11.9,15.5,9.4,14.3,20.0,12.3,13.0,91.4,97.2,97.4,100.0,100.0,85.7,98.5,93.8,93.0,83.3,100.0,100.0,66.7,100.0,161.0,4.0,5.0,11.0,385.0,12.0,33.0,0.0,611.0,137.0,2.0,2.0,5.0,404.0,9.0,21.0,16.0,1.0,0.0,1.0,58.0,2.0,5.0,32.04,30.63,29.68,37.53,38.43,,,,,,,,,11.36,152.05,0.91,0.9,96.31,0.0,44.56,,,105.39,145.45,126.34,166.67,180.79,151.06,120.72,308.54
2021-04-18,31937,30227.0,584.0,1121.0,388.0,154,97.0,48.0,9.0,7.0,27.0,211.0,2.0,,,1970.0,310341.0,603.0,479.0,8.0,62.0,58.0,1.0,97.24,0.89,0.86,1.16,7.46,127748.0,83953.0,0.0,0.0,0.0,,,,,,,,,,,,,,,,,1.0,3.0,3.0,2.0,1.0,2.0,1.0,29.0,264.0,264.0,3.0,29.0,13.0,1.0,0.84,0.88,1.06,0.42,0.58,6904.0,2622.0,445.0,7.0,5.0,73.0,138.0,78.7,75.6,83.6,85.7,60.0,69.9,77.5,11.9,15.5,9.4,14.3,20.0,12.3,13.0,91.4,97.2,97.4,100.0,100.0,85.7,98.5,93.8,93.0,83.3,100.0,100.0,66.7,100.0,161.0,4.0,5.0,11.0,385.0,12.0,33.0,0.0,611.0,137.0,2.0,2.0,5.0,404.0,9.0,21.0,16.0,1.0,0.0,1.0,58.0,2.0,5.0,25.79,21.2,45.6,36.38,41.33,,,,,,,,,10.84,152.57,0.9,0.94,97.24,0.0,44.19,,,105.39,145.45,126.34,166.67,180.79,151.06,120.72,292.86
2021-04-19,32046,30413.0,584.0,1044.0,345.0,110,70.0,39.0,1.0,2.0,27.0,186.0,0.0,,,1840.0,312181.0,603.0,457.0,8.0,62.0,58.0,0.0,97.7,0.89,0.87,0.98,5.87,129750.0,86558.0,0.0,0.0,0.0,11532.0,137.0,134.0,379.0,22892.0,806.0,1926.0,868.0,424.0,3.0,2.0,5.0,851.0,20.0,61.0,14.0,1.0,3.0,3.0,2.0,1.0,2.0,1.0,30.0,265.0,265.0,4.0,30.0,14.0,2.0,0.78,0.84,1.22,0.44,0.78,7200.0,3154.0,516.0,15.0,17.0,108.0,157.0,78.5,80.2,84.1,80.0,82.4,78.7,79.6,9.7,10.7,9.9,13.3,11.8,5.6,12.1,98.1,96.3,97.8,100.0,100.0,100.0,98.1,93.0,97.0,90.2,100.0,100.0,100.0,62.5,163.0,4.0,6.0,11.0,393.0,12.0,34.0,0.0,623.0,137.0,2.0,2.0,5.0,404.0,9.0,21.0,16.0,1.0,0.0,1.0,58.0,2.0,5.0,41.18,42.07,30.69,35.72,35.74,8870.8,9963.6,8464.9,12633.3,10244.2,13528.0,11072.1,10103.6,10.46,152.57,0.86,0.71,97.7,0.0,43.07,,,105.39,145.45,126.34,166.67,180.79,151.06,120.72,272.75
2021-04-20,32186,30585.0,584.0,1012.0,334.0,144,85.0,49.0,10.0,2.0,27.0,172.0,0.0,,,2024.0,314205.0,603.0,425.0,8.0,62.0,50.0,2.0,95.85,0.89,0.88,0.95,7.02,131848.0,89090.0,0.0,0.0,0.0,,,,,,,,,,,,,,,,,1.0,3.0,3.0,2.0,1.0,2.0,1.0,31.0,266.0,266.0,5.0,31.0,15.0,3.0,0.78,0.84,1.22,0.44,0.78,7200.0,3154.0,516.0,15.0,17.0,108.0,157.0,78.5,80.2,84.1,80.0,82.4,78.7,79.6,9.7,10.7,9.9,13.3,11.8,5.6,12.1,98.1,96.3,97.8,100.0,100.0,100.0,98.1,93.0,97.0,90.2,100.0,100.0,100.0,62.5,163.0,4.0,6.0,11.0,393.0,12.0,34.0,0.0,623.0,137.0,2.0,2.0,5.0,404.0,9.0,21.0,16.0,1.0,0.0,1.0,58.0,2.0,5.0,42.39,41.43,29.14,35.11,34.45,,,,,,,,,9.93,152.57,0.82,1.31,95.85,0.0,41.69,,,105.39,145.45,126.34,166.67,180.79,151.06,120.72,264.39
2021-04-21,32374,30778.0,584.0,1007.0,335.0,192,145.0,43.0,4.0,0.0,27.0,193.0,0.0,,,1460.0,315665.0,603.0,451.0,8.0,62.0,56.0,2.0,95.16,0.91,0.9,0.9,13.15,133646.0,91551.0,0.0,0.0,0.0,,,,,,,,,,,,,,,,,1.0,3.0,3.0,2.0,1.0,2.0,1.0,32.0,267.0,267.0,6.0,32.0,16.0,4.0,0.78,0.84,1.22,0.44,0.78,7200.0,3154.0,516.0,15.0,17.0,108.0,157.0,78.5,80.2,84.1,80.0,82.4,78.7,79.6,9.7,10.7,9.9,13.3,11.8,5.6,12.1,98.1,96.3,97.8,100.0,100.0,100.0,98.1,93.0,97.0,90.2,100.0,100.0,100.0,62.5,163.0,4.0,6.0,11.0,393.0,12.0,34.0,0.0,623.0,137.0,2.0,2.0,5.0,404.0,9.0,21.0,16.0,1.0,0.0,1.0,58.0,2.0,5.0,34.92,34.71,22.24,34.97,32.3,,,,,,,,,9.62,152.57,0.91,1.33,95.16,0.0,43.37,,,105.39,145.45,126.34,166.67,180.79,151.06,120.72,263.08
2021-04-22,32556,30957.0,593.0,1000.0,321.0,181,130.0,45.0,6.0,4.0,27.0,179.0,9.0,,,1990.0,317655.0,603.0,484.0,8.0,62.0,56.0,3.0,94.47,0.94,0.91,0.95,8.89,135090.0,93364.0,0.0,0.0,0.0,,,,,,,,,,,,,,,,,1.0,3.0,3.0,2.0,1.0,2.0,1.0,33.0,268.0,268.0,7.0,33.0,17.0,5.0,0.78,0.84,1.22,0.44,0.78,7200.0,3154.0,516.0,15.0,17.0,108.0,157.0,78.5,80.2,84.1,80.0,82.4,78.7,79.6,9.7,10.7,9.9,13.3,11.8,5.6,12.1,98.1,96.3,97.8,100.0,100.0,100.0,98.1,93.0,97.0,90.2,100.0,100.0,100.0,62.5,163.0,4.0,6.0,11.0,393.0,12.0,34.0,0.0,623.0,137.0,2.0,2.0,5.0,404.0,9.0,21.0,16.0,1.0,0.0,1.0,58.0,2.0,5.0,40.54,36.3,34.41,34.76,33.36,,,,,,,,,9.07,154.92,0.88,0.94,94.47,0.0,42.06,,,105.39,145.45,126.34,166.67,180.79,151.06,120.72,261.25
2021-04-23,32702,31066.0,595.0,1035.0,292.0,144,82.0,58.0,4.0,3.0,27.0,109.0,2.0,,,1514.0,319169.0,603.0,452.0,8.0,62.0,59.0,2.0,94.24,0.95,0.92,0.88,9.31,136473.0,95214.0,0.0,0.0,0.0,11797.0,143.0,135.0,385.0,23310.0,827.0,1939.0,891.0,422.0,8.0,3.0,6.0,761.0,31.0,55.0,32.0,1.0,3.0,3.0,2.0,1.0,2.0,1.0,34.0,269.0,269.0,8.0,34.0,18.0,6.0,0.78,0.84,1.22,0.44,0.78,7200.0,3154.0,516.0,15.0,17.0,108.0,157.0,78.5,80.2,84.1,80.0,82.4,78.7,79.6,9.7,10.7,9.9,13.3,11.8,5.6,12.1,98.1,96.3,97.8,100.0,100.0,100.0,98.1,93.0,97.0,90.2,100.0,100.0,100.0,62.5,166.0,4.0,6.0,11.0,402.0,12.0,34.0,0.0,635.0,139.0,2.0,2.0,5.0,417.0,9.0,21.0,17.0,1.0,0.0,1.0,59.0,2.0,6.0,35.69,34.16,21.37,34.36,30.45,9074.7,10400.0,8528.1,12833.3,10431.3,13880.5,11146.9,10300.4,9.12,155.44,0.89,0.8,94.24,0.0,40.64,,,106.92,145.45,126.34,166.67,186.61,151.06,120.72,270.4
2021-04-24,32815,31249.0,596.0,964.0,303.0,114,82.0,21.0,11.0,5.0,27.0,183.0,1.0,,,1323.0,320492.0,603.0,515.0,8.0,62.0,58.0,2.0,93.78,0.97,0.94,0.9,8.24,136714.0,95350.0,0.0,0.0,0.0,,,,,,,,,,,,,,,,,1.0,3.0,3.0,2.0,1.0,2.0,1.0,35.0,270.0,270.0,9.0,35.0,19.0,7.0,,,,,,7200.0,3154.0,516.0,15.0,17.0,108.0,157.0,78.5,80.2,84.1,80.0,82.4,78.7,79.6,9.7,10.7,9.9,13.3,11.8,5.6,12.1,98.1,96.3,97.8,100.0,100.0,100.0,98.1,93.0,97.0,90.2,100.0,100.0,100.0,62.5,166.0,4.0,6.0,11.0,402.0,12.0,34.0,0.0,635.0,139.0,2.0,2.0,5.0,417.0,9.0,21.0,17.0,1.0,0.0,1.0,59.0,2.0,6.0,34.67,33.3,28.25,34.74,30.24,,,,,,,,,8.56,155.71,0.87,0.79,93.78,0.0,38.78,,,106.92,145.45,126.34,166.67,186.61,151.06,120.72,251.85
2021-04-25,32948,31432.0,598.0,911.0,367.0,134,76.0,46.0,12.0,8.0,27.0,183.0,2.0,,,1524.0,322016.0,603.0,516.0,8.0,62.0,58.0,2.0,94.01,0.98,0.98,0.84,8.27,136727.0,95351.0,0.0,0.0,0.0,,,,,,,,,,,,,,,,,1.0,3.0,3.0,2.0,1.0,2.0,1.0,36.0,271.0,271.0,10.0,36.0,20.0,8.0,,,,,,7200.0,3154.0,516.0,15.0,17.0,108.0,157.0,78.5,80.2,84.1,80.0,82.4,78.7,79.6,9.7,10.7,9.9,13.3,11.8,5.6,12.1,98.1,96.3,97.8,100.0,100.0,100.0,98.1,93.0,97.0,90.2,100.0,100.0,100.0,62.5,166.0,4.0,6.0,11.0,402.0,12.0,34.0,0.0,635.0,139.0,2.0,2.0,5.0,417.0,9.0,21.0,17.0,1.0,0.0,1.0,59.0,2.0,6.0,27.44,26.86,27.31,35.55,27.63,,,,,,,,,8.68,156.23,0.86,1.18,94.01,0.0,38.03,,,106.92,145.45,126.34,166.67,186.61,151.06,120.72,238.0
2021-04-26,33088,31557.0,602.0,922.0,336.0,146,113.0,21.0,12.0,3.0,27.0,125.0,4.0,,,2381.0,324397.0,603.0,529.0,8.0,62.0,56.0,2.0,94.01,1.0,1.0,0.88,6.01,138209.0,98315.0,0.0,0.0,0.0,11985.0,148.0,136.0,388.0,23603.0,830.0,1955.0,923.0,410.0,10.0,2.0,9.0,685.0,28.0,38.0,58.0,1.0,3.0,3.0,2.0,1.0,2.0,1.0,37.0,272.0,272.0,11.0,37.0,21.0,9.0,0.79,0.85,1.21,0.82,0.8,6502.0,3182.0,606.0,19.0,17.0,46.0,199.0,78.9,81.3,83.8,52.6,82.4,78.3,77.9,9.3,9.2,5.6,42.1,11.8,10.9,12.6,99.2,97.0,99.1,100.0,68.8,100.0,100.0,96.1,95.4,93.9,100.0,100.0,40.0,91.7,166.0,4.0,6.0,11.0,410.0,12.0,35.0,0.0,644.0,140.0,2.0,2.0,5.0,423.0,9.0,21.0,17.0,1.0,0.0,1.0,60.0,2.0,6.0,45.01,45.66,32.89,36.06,27.94,9219.3,10763.6,8591.3,12933.3,10562.4,13930.8,11238.9,10441.7,8.7,157.27,0.91,1.09,94.01,0.0,39.37,,,107.69,145.45,126.34,166.67,189.29,151.06,120.72,240.87
2021-04-27,33217,31704.0,602.0,904.0,343.0,131,84.0,27.0,20.0,13.0,27.0,147.0,0.0,,,1887.0,326284.0,603.0,500.0,8.0,62.0,58.0,2.0,95.85,0.97,0.97,0.93,6.25,139721.0,100373.0,0.0,0.0,0.0,,,,,,,,,,,,,,,,,1.0,3.0,3.0,2.0,1.0,2.0,1.0,38.0,273.0,273.0,12.0,38.0,22.0,10.0,0.79,0.85,1.21,0.82,0.8,6502.0,3182.0,606.0,19.0,17.0,46.0,199.0,78.9,81.3,83.8,52.6,82.4,78.3,77.9,9.3,9.2,5.6,42.1,11.8,10.9,12.6,99.2,97.0,99.1,100.0,68.8,100.0,100.0,96.1,95.4,93.9,100.0,100.0,40.0,91.7,166.0,4.0,6.0,11.0,410.0,12.0,35.0,0.0,644.0,140.0,2.0,2.0,5.0,423.0,9.0,21.0,17.0,1.0,0.0,1.0,60.0,2.0,6.0,34.82,34.39,34.3,35.06,28.68,,,,,,,,,8.59,157.27,0.93,0.9,95.85,0.0,38.89,,,107.69,145.45,126.34,166.67,189.29,151.06,120.72,236.17
2021-04-28,33352,31849.0,603.0,893.0,358.0,150,120.0,22.0,8.0,6.0,26.0,145.0,1.0,,,1214.0,327498.0,604.0,525.0,8.0,62.0,55.0,4.0,96.08,0.96,0.97,0.95,11.86,141552.0,102430.0,0.0,0.0,0.0,,,,,,,,,,,,,,,,,1.0,3.0,3.0,2.0,1.0,2.0,1.0,39.0,274.0,274.0,13.0,39.0,23.0,11.0,0.79,0.85,1.21,0.82,0.8,6502.0,3182.0,606.0,19.0,17.0,46.0,199.0,78.9,81.3,83.8,52.6,82.4,78.3,77.9,9.3,9.2,5.6,42.1,11.8,10.9,12.6,99.2,97.0,99.1,100.0,68.8,100.0,100.0,96.1,95.4,93.9,100.0,100.0,40.0,91.7,166.0,4.0,6.0,11.0,410.0,12.0,35.0,0.0,644.0,140.0,2.0,2.0,5.0,423.0,9.0,21.0,17.0,1.0,0.0,1.0,60.0,2.0,6.0,31.85,32.63,23.39,34.76,28.85,,,,,,,,,8.4,157.53,0.86,1.15,96.08,0.0,37.32,,,107.69,145.45,126.34,166.67,189.29,151.06,120.72,233.3
2021-04-29,33517,31980.0,610.0,919.0,382.0,167,107.0,48.0,12.0,7.0,28.0,131.0,7.0,,,2007.0,329505.0,604.0,520.0,8.0,62.0,55.0,3.0,95.85,0.93,0.95,0.91,7.97,142640.0,104332.0,0.0,0.0,0.0,,,,,,,,,,,,,,,,,1.0,3.0,3.0,2.0,1.0,2.0,1.0,40.0,275.0,275.0,14.0,40.0,24.0,12.0,0.79,0.85,1.21,0.82,0.8,6502.0,3182.0,606.0,19.0,17.0,46.0,199.0,78.9,81.3,83.8,52.6,82.4,78.3,77.9,9.3,9.2,5.6,42.1,11.8,10.9,12.6,99.2,97.0,99.1,100.0,68.8,100.0,100.0,96.1,95.4,93.9,100.0,100.0,40.0,91.7,166.0,4.0,6.0,11.0,410.0,12.0,35.0,0.0,644.0,140.0,2.0,2.0,5.0,423.0,9.0,21.0,17.0,1.0,0.0,1.0,60.0,2.0,6.0,29.85,30.02,23.9,33.86,27.34,,,,,,,,,8.27,159.36,0.87,1.11,95.85,0.0,36.8,,,107.69,145.45,126.34,166.67,189.29,151.06,120.72,240.09
2021-04-30,33662,32029.0,613.0,1012.0,398.0,147,103.0,42.0,2.0,2.0,28.0,49.0,3.0,,,1518.0,331023.0,604.0,482.0,8.0,62.0,54.0,4.0,95.16,0.92,0.94,0.93,9.55,143759.0,105045.0,0.0,0.0,0.0,12237.0,150.0,138.0,389.0,24078.0,831.0,1990.0,945.0,423.0,11.0,0.0,4.0,831.0,9.0,51.0,68.0,1.0,3.0,3.0,2.0,1.0,2.0,1.0,41.0,276.0,276.0,15.0,41.0,25.0,13.0,0.79,0.85,1.21,0.82,0.8,6502.0,3182.0,606.0,19.0,17.0,46.0,199.0,78.9,81.3,83.8,52.6,82.4,78.3,77.9,9.3,9.2,5.6,42.1,11.8,10.9,12.6,99.2,97.0,99.1,100.0,68.8,100.0,100.0,96.1,95.4,93.9,100.0,100.0,40.0,91.7,168.0,4.0,6.0,11.0,420.0,12.0,35.0,0.0,656.0,142.0,2.0,2.0,5.0,432.0,9.0,21.0,17.0,1.0,0.0,1.0,60.0,2.0,6.0,30.74,30.48,20.76,33.34,27.26,9413.1,10909.1,8717.6,12966.7,10774.9,13947.6,11440.1,10648.1,8.31,160.15,0.91,0.88,95.16,0.0,36.91,,,109.23,145.45,126.34,166.67,193.32,151.06,120.72,264.39
2021-05-01,33793,32172.0,614.0,999.0,382.0,132,88.0,40.0,4.0,6.0,30.0,143.0,1.0,,,1464.0,332487.0,604.0,460.0,8.0,62.0,56.0,1.0,94.47,0.9,0.92,0.9,8.61,143849.0,105069.0,0.0,0.0,0.0,,,,,,,,,,,,,,,,,1.0,2.0,3.0,2.0,1.0,2.0,1.0,42.0,0.0,277.0,16.0,42.0,26.0,14.0,0.84,0.9,1.06,0.85,0.71,6502.0,3182.0,606.0,19.0,17.0,46.0,199.0,78.9,81.3,83.8,52.6,82.4,78.3,77.9,9.3,9.2,5.6,42.1,11.8,10.9,12.6,99.2,97.0,99.1,100.0,68.8,100.0,100.0,96.1,95.4,93.9,100.0,100.0,40.0,91.7,168.0,4.0,6.0,11.0,420.0,12.0,35.0,0.0,656.0,142.0,2.0,2.0,5.0,432.0,9.0,21.0,17.0,1.0,0.0,1.0,60.0,2.0,6.0,24.45,24.34,19.11,32.06,25.95,,,,,,,,,8.36,160.41,0.97,0.9,94.47,0.0,37.58,,,109.23,145.45,126.34,166.67,193.32,151.06,120.72,260.99
2021-05-02,33927,32319.0,619.0,981.0,371.0,135,96.0,32.0,7.0,11.0,30.0,147.0,5.0,,,1929.0,334416.0,604.0,455.0,8.0,62.0,54.0,3.0,93.78,0.88,0.91,0.87,6.43,143954.0,105098.0,0.0,0.0,0.0,,,,,,,,,,,,,,,,,1.0,2.0,3.0,2.0,1.0,2.0,1.0,43.0,1.0,278.0,17.0,43.0,27.0,15.0,0.84,0.9,1.06,0.85,0.71,6502.0,3182.0,606.0,19.0,17.0,46.0,199.0,78.9,81.3,83.8,52.6,82.4,78.3,77.9,9.3,9.2,5.6,42.1,11.8,10.9,12.6,99.2,97.0,99.1,100.0,68.8,100.0,100.0,96.1,95.4,93.9,100.0,100.0,40.0,91.7,168.0,4.0,6.0,11.0,420.0,12.0,35.0,0.0,656.0,142.0,2.0,2.0,5.0,432.0,9.0,21.0,17.0,1.0,0.0,1.0,60.0,2.0,6.0,20.01,21.74,15.59,31.32,24.28,,,,,,,,,8.1,161.71,0.99,1.02,93.78,0.0,37.62,,,109.23,145.45,126.34,166.67,193.32,151.06,120.72,256.29
2021-05-03,34056,32444.0,621.0,983.0,330.0,135,96.0,33.0,6.0,3.0,31.0,125.0,2.0,,,1597.0,336013.0,604.0,450.0,8.0,62.0,54.0,4.0,93.78,0.88,0.9,0.84,8.27,145669.0,106769.0,0.0,0.0,0.0,12431.0,154.0,137.0,389.0,24314.0,843.0,2002.0,953.0,438.0,9.0,0.0,4.0,721.0,15.0,48.0,61.0,1.0,2.0,3.0,2.0,1.0,2.0,1.0,44.0,2.0,279.0,18.0,44.0,28.0,16.0,0.81,0.88,1.24,0.72,0.88,7137.0,3019.0,444.0,20.0,10.0,31.0,167.0,82.6,82.5,88.1,70.0,70.0,54.8,79.6,7.9,9.6,9.0,35.0,0.0,3.2,7.8,99.1,96.8,99.1,100.0,100.0,96.0,97.1,97.1,97.5,87.5,100.0,0.0,100.0,91.7,170.0,4.0,6.0,11.0,426.0,12.0,36.0,0.0,665.0,146.0,2.0,2.0,5.0,436.0,9.0,21.0,17.0,1.0,0.0,1.0,59.0,2.0,7.0,37.97,38.0,22.74,30.23,22.83,9562.4,11200.0,8654.5,12966.7,10880.5,14149.0,11509.1,10769.6,8.42,162.24,0.95,1.0,93.78,0.0,37.21,,,112.31,145.45,126.34,166.67,195.11,151.06,120.72,256.81
2021-05-04,34122,32610.0,621.0,883.0,287.0,71,64.0,7.0,0.0,5.0,31.0,166.0,0.0,,,545.0,336558.0,604.0,378.0,8.0,62.0,55.0,4.0,93.55,0.89,0.92,0.77,12.11,147095.0,108588.0,0.0,0.0,0.0,,,,,,,,,,,,,,,,,1.0,2.0,3.0,2.0,1.0,2.0,1.0,45.0,3.0,280.0,19.0,45.0,29.0,17.0,0.81,0.88,1.24,0.72,0.88,7137.0,3019.0,444.0,20.0,10.0,31.0,167.0,82.6,82.5,88.1,70.0,70.0,54.8,79.6,7.9,9.6,9.0,35.0,0.0,3.2,7.8,99.1,96.8,99.1,100.0,100.0,96.0,97.1,97.1,97.5,87.5,100.0,0.0,100.0,91.7,170.0,4.0,6.0,11.0,426.0,12.0,36.0,0.0,665.0,146.0,2.0,2.0,5.0,436.0,9.0,21.0,17.0,1.0,0.0,1.0,59.0,2.0,7.0,33.45,34.87,14.94,30.3,20.06,,,,,,,,,9.26,162.24,0.9,0.53,93.55,0.0,34.97,,,112.31,145.45,126.34,166.67,195.11,151.06,120.72,230.69
2021-05-05,34217,32732.0,621.0,856.0,307.0,101,94.0,7.0,0.0,11.0,31.0,122.0,0.0,,,1119.0,337677.0,604.0,392.0,8.0,62.0,56.0,3.0,93.55,0.95,0.98,0.73,8.04,148496.0,110081.0,0.0,0.0,0.0,,,,,,,,,,,,,,,,,1.0,2.0,3.0,2.0,1.0,2.0,1.0,46.0,4.0,281.0,20.0,46.0,30.0,18.0,0.81,0.88,1.24,0.72,0.88,7137.0,3019.0,444.0,20.0,10.0,31.0,167.0,82.6,82.5,88.1,70.0,70.0,54.8,79.6,7.9,9.6,9.0,35.0,0.0,3.2,7.8,99.1,96.8,99.1,100.0,100.0,96.0,97.1,97.1,97.5,87.5,100.0,0.0,100.0,91.7,170.0,4.0,6.0,11.0,426.0,12.0,36.0,0.0,665.0,146.0,2.0,2.0,5.0,436.0,9.0,21.0,17.0,1.0,0.0,1.0,59.0,2.0,7.0,40.68,42.54,9.5,31.71,18.08,,,,,,,,,8.71,162.24,0.89,1.42,93.55,0.0,33.14,,,112.31,145.45,126.34,166.67,195.11,151.06,120.72,223.63
2021-05-06,34330,32869.0,628.0,825.0,311.0,115,69.0,40.0,6.0,6.0,31.0,137.0,7.0,,,2088.0,339765.0,604.0,423.0,8.0,62.0,57.0,3.0,94.01,0.95,0.98,0.72,5.22,149724.0,112062.0,0.0,0.0,0.0,,,,,,,,,,,,,,,,,1.0,2.0,3.0,3.0,1.0,2.0,1.0,47.0,5.0,282.0,0.0,47.0,31.0,19.0,0.81,0.88,1.24,0.72,0.88,7137.0,3019.0,444.0,20.0,10.0,31.0,167.0,82.6,82.5,88.1,70.0,70.0,54.8,79.6,7.9,9.6,9.0,35.0,0.0,3.2,7.8,99.1,96.8,99.1,100.0,100.0,96.0,97.1,97.1,97.5,87.5,100.0,0.0,100.0,91.7,170.0,4.0,6.0,11.0,426.0,12.0,36.0,0.0,665.0,146.0,2.0,2.0,5.0,436.0,9.0,21.0,17.0,1.0,0.0,1.0,59.0,2.0,7.0,27.26,28.4,14.06,31.48,16.67,,,,,,,,,8.32,164.07,0.85,1.14,94.01,0.0,31.2,,,112.31,145.45,126.34,166.67,195.11,151.06,120.72,215.53
2021-05-07,34481,32986.0,631.0,856.0,330.0,159,122.0,34.0,3.0,7.0,31.0,117.0,3.0,,,1349.0,341114.0,604.0,406.0,8.0,62.0,54.0,1.0,93.32,0.95,0.97,0.7,11.27,150990.0,113611.0,0.0,0.0,0.0,12655.0,161.0,137.0,390.0,24660.0,847.0,2020.0,949.0,404.0,9.0,0.0,1.0,686.0,14.0,45.0,18.0,1.0,2.0,3.0,3.0,1.0,2.0,1.0,48.0,6.0,283.0,1.0,48.0,32.0,20.0,0.81,0.88,1.24,0.72,0.88,7137.0,3019.0,444.0,20.0,10.0,31.0,167.0,82.6,82.5,88.1,70.0,70.0,54.8,79.6,7.9,9.6,9.0,35.0,0.0,3.2,7.8,99.1,96.8,99.1,100.0,100.0,96.0,97.1,97.1,97.5,87.5,100.0,0.0,100.0,91.7,174.0,4.0,6.0,12.0,432.0,12.0,36.0,0.0,676.0,148.0,2.0,2.0,6.0,443.0,9.0,21.0,17.0,1.0,0.0,1.0,60.0,2.0,7.0,27.37,29.23,10.39,31.3,15.19,9734.7,11709.1,8654.5,13000.0,11035.4,14216.2,11612.5,10925.3,8.56,164.85,0.86,1.38,93.32,0.0,31.65,,,113.85,145.45,126.34,200.0,198.24,151.06,120.72,223.63
2021-05-08,34631,33161.0,634.0,828.0,314.0,151,74.0,67.0,10.0,6.0,31.0,175.0,3.0,,,1571.0,342685.0,604.0,441.0,8.0,62.0,54.0,2.0,93.09,0.96,0.99,0.72,9.23,151687.0,113957.0,0.0,0.0,0.0,,,,,,,,,,,,,,,,,1.0,2.0,3.0,3.0,1.0,2.0,1.0,49.0,7.0,284.0,2.0,49.0,33.0,21.0,0.86,0.94,1.14,0.51,0.77,7137.0,3019.0,444.0,20.0,10.0,31.0,167.0,82.6,82.5,88.1,70.0,70.0,54.8,79.6,7.9,9.6,9.0,35.0,0.0,3.2,7.8,99.1,96.8,99.1,100.0,100.0,96.0,97.1,97.1,97.5,87.5,100.0,0.0,100.0,91.7,174.0,4.0,6.0,12.0,432.0,12.0,36.0,0.0,676.0,148.0,2.0,2.0,6.0,443.0,9.0,21.0,17.0,1.0,0.0,1.0,60.0,2.0,7.0,24.88,25.54,14.86,31.47,14.58,,,,,,,,,8.65,165.63,0.86,0.95,93.09,0.0,32.36,,,113.85,145.45,126.34,200.0,198.24,151.06,120.72,216.32
2021-05-09,34733,33297.0,637.0,790.0,307.0,104,80.0,20.0,4.0,7.0,31.0,136.0,3.0,,,1288.0,343973.0,604.0,467.0,8.0,62.0,54.0,2.0,92.86,0.98,0.99,0.73,7.53,151757.0,113957.0,0.0,0.0,0.0,,,,,,,,,,,,,,,,,1.0,2.0,3.0,3.0,1.0,2.0,1.0,50.0,8.0,285.0,3.0,50.0,34.0,22.0,0.86,0.94,1.14,0.51,0.77,7137.0,3019.0,444.0,20.0,10.0,31.0,167.0,82.6,82.5,88.1,70.0,70.0,54.8,79.6,7.9,9.6,9.0,35.0,0.0,3.2,7.8,99.1,96.8,99.1,100.0,100.0,96.0,97.1,97.1,97.5,87.5,100.0,0.0,100.0,91.7,174.0,4.0,6.0,12.0,432.0,12.0,36.0,0.0,676.0,148.0,2.0,2.0,6.0,443.0,9.0,21.0,17.0,1.0,0.0,1.0,60.0,2.0,7.0,22.89,22.53,11.41,31.59,13.99,,,,,,,,,8.81,166.42,0.83,0.69,92.86,0.0,31.2,,,113.85,145.45,126.34,200.0,198.24,151.06,120.72,206.39
2021-05-10,34829,33417.0,637.0,766.0,323.0,96,58.0,32.0,6.0,0.0,31.0,120.0,0.0,,,1970.0,345943.0,604.0,471.0,8.0,62.0,51.0,2.0,91.71,0.96,0.98,0.75,4.87,153360.0,115939.0,0.0,0.0,0.0,12834.0,162.0,137.0,391.0,24902.0,850.0,2024.0,961.0,401.0,10.0,0.0,1.0,612.0,13.0,29.0,19.0,1.0,2.0,3.0,3.0,1.0,2.0,1.0,51.0,9.0,286.0,4.0,51.0,35.0,23.0,0.79,0.88,1.27,0.55,0.87,5903.0,2989.0,309.0,18.0,9.0,17.0,117.0,82.0,81.8,88.3,66.7,66.7,82.4,74.4,8.0,9.0,3.9,27.8,0.0,5.9,6.8,99.3,97.2,95.3,92.3,100.0,100.0,94.3,98.7,98.1,100.0,100.0,0.0,100.0,100.0,179.0,5.0,6.0,12.0,437.0,12.0,36.0,0.0,687.0,150.0,3.0,2.0,6.0,446.0,9.0,21.0,18.0,1.0,0.0,1.0,62.0,2.0,7.0,33.68,34.65,18.58,31.11,13.39,9872.4,11781.8,8654.5,13033.3,11143.7,14266.5,11635.5,11040.7,8.32,166.42,0.8,0.92,91.71,0.0,29.75,,,115.39,218.18,126.34,200.0,199.59,151.06,120.72,200.12
2021-05-11,34953,33549.0,637.0,758.0,279.0,124,99.0,20.0,5.0,0.0,31.0,132.0,0.0,,,1492.0,347435.0,604.0,415.0,8.0,62.0,53.0,3.0,91.01,0.95,0.96,0.8,8.31,154938.0,117652.0,0.0,0.0,0.0,,,,,,,,,,,,,,,,,1.0,2.0,3.0,3.0,1.0,2.0,1.0,52.0,10.0,287.0,5.0,52.0,36.0,24.0,0.79,0.88,1.27,0.55,0.87,5903.0,2989.0,309.0,18.0,9.0,17.0,117.0,82.0,81.8,88.3,66.7,66.7,82.4,74.4,8.0,9.0,3.9,27.8,0.0,5.9,6.8,99.3,97.2,95.3,92.3,100.0,100.0,94.3,98.7,98.1,100.0,100.0,0.0,100.0,100.0,179.0,5.0,6.0,12.0,437.0,12.0,36.0,0.0,687.0,150.0,3.0,2.0,6.0,446.0,9.0,21.0,18.0,1.0,0.0,1.0,62.0,2.0,7.0,28.64,30.12,15.98,30.43,13.54,,,,,,,,,7.78,166.42,0.91,1.29,91.01,0.0,31.72,,,115.39,218.18,126.34,200.0,199.59,151.06,120.72,198.03
2021-05-12,35002,33675.0,637.0,681.0,325.0,49,43.0,5.0,1.0,7.0,31.0,126.0,0.0,,,1010.0,348445.0,604.0,482.0,8.0,62.0,50.0,4.0,89.86,0.91,0.92,0.91,4.16,156561.0,119143.0,0.0,0.0,0.0,,,,,,,,,,,,,,,,,1.0,2.0,3.0,3.0,1.0,2.0,1.0,53.0,11.0,288.0,6.0,53.0,37.0,25.0,0.79,0.88,1.27,0.55,0.87,5903.0,2989.0,309.0,18.0,9.0,17.0,117.0,82.0,81.8,88.3,66.7,66.7,82.4,74.4,8.0,9.0,3.9,27.8,0.0,5.9,6.8,99.3,97.2,95.3,92.3,100.0,100.0,94.3,98.7,98.1,100.0,100.0,0.0,100.0,100.0,179.0,5.0,6.0,12.0,437.0,12.0,36.0,0.0,687.0,150.0,3.0,2.0,6.0,446.0,9.0,21.0,18.0,1.0,0.0,1.0,62.0,2.0,7.0,30.53,30.97,17.62,28.78,14.7,,,,,,,,,7.23,166.42,0.9,0.4,89.86,0.0,29.78,,,115.39,218.18,126.34,200.0,199.59,151.06,120.72,177.91
2021-05-13,35107,33766.0,642.0,690.0,363.0,105,83.0,19.0,3.0,10.0,31.0,91.0,5.0,,,1662.0,350107.0,604.0,487.0,8.0,62.0,47.0,3.0,87.56,0.93,0.93,0.94,5.72,157948.0,120684.0,0.0,0.0,0.0,,,,,,,,,,,,,,,,,1.0,2.0,3.0,3.0,1.0,2.0,2.0,54.0,12.0,289.0,7.0,54.0,38.0,0.0,0.79,0.88,1.27,0.55,0.87,5903.0,2989.0,309.0,18.0,9.0,17.0,117.0,82.0,81.8,88.3,66.7,66.7,82.4,74.4,8.0,9.0,3.9,27.8,0.0,5.9,6.8,99.3,97.2,95.3,92.3,100.0,100.0,94.3,98.7,98.1,100.0,100.0,0.0,100.0,100.0,179.0,5.0,6.0,12.0,437.0,12.0,36.0,0.0,687.0,150.0,3.0,2.0,6.0,446.0,9.0,21.0,18.0,1.0,0.0,1.0,62.0,2.0,7.0,27.1,27.3,14.5,28.62,14.76,,,,,,,,,7.3,167.72,0.94,2.14,87.56,0.0,29.41,,,115.39,218.18,126.34,200.0,199.59,151.06,120.72,180.26
2021-05-14,35273,33848.0,644.0,772.0,331.0,165,120.0,40.0,5.0,14.0,31.0,82.0,2.0,,,1466.0,351573.0,604.0,485.0,8.0,62.0,51.0,2.0,87.1,0.92,0.91,0.97,10.3,159547.0,122413.0,0.0,0.0,0.0,13072.0,163.0,137.0,392.0,25221.0,860.0,2036.0,965.0,427.0,4.0,0.0,1.0,609.0,15.0,18.0,20.0,1.0,2.0,3.0,3.0,1.0,2.0,2.0,55.0,13.0,290.0,8.0,55.0,39.0,1.0,0.79,0.88,1.27,0.55,0.87,5903.0,2989.0,309.0,18.0,9.0,17.0,117.0,82.0,81.8,88.3,66.7,66.7,82.4,74.4,8.0,9.0,3.9,27.8,0.0,5.9,6.8,99.3,97.2,95.3,92.3,100.0,100.0,94.3,98.7,98.1,100.0,100.0,0.0,100.0,100.0,182.0,5.0,6.0,12.0,443.0,12.0,36.0,0.0,696.0,151.0,3.0,2.0,6.0,452.0,9.0,21.0,18.0,1.0,0.0,1.0,64.0,2.0,7.0,22.04,23.01,12.15,27.73,15.01,10055.5,11854.5,8654.5,13066.7,11286.4,14434.4,11704.5,11193.6,7.16,168.25,0.94,1.57,87.1,0.0,29.63,,,116.15,218.18,126.34,200.0,202.27,151.06,120.72,201.69
2021-05-15,35371,33989.0,645.0,728.0,324.0,99,73.0,25.0,1.0,6.0,32.0,141.0,1.0,,,1261.0,352834.0,596.0,486.0,8.0,62.0,49.0,2.0,85.94,0.9,0.9,0.95,7.38,159589.0,122416.0,0.0,0.0,0.0,,,,,,,,,,,,,,,,,1.0,2.0,3.0,3.0,1.0,2.0,2.0,56.0,14.0,291.0,9.0,56.0,40.0,2.0,0.82,0.94,1.04,0.27,0.65,5903.0,2989.0,309.0,18.0,9.0,17.0,117.0,82.0,81.8,88.3,66.7,66.7,82.4,74.4,8.0,9.0,3.9,27.8,0.0,5.9,6.8,99.3,97.2,95.3,92.3,100.0,100.0,94.3,98.7,98.1,100.0,100.0,0.0,100.0,100.0,182.0,5.0,6.0,12.0,443.0,12.0,36.0,0.0,696.0,151.0,3.0,2.0,6.0,452.0,9.0,21.0,18.0,1.0,0.0,1.0,64.0,2.0,7.0,18.2,19.34,11.19,26.85,14.49,,,,,,,,,6.89,168.51,0.86,0.6,85.94,0.0,27.69,,,116.15,218.18,126.34,200.0,202.27,151.06,120.72,190.19
2021-05-16,35473,34105.0,647.0,712.0,304.0,102,59.0,39.0,4.0,7.0,32.0,116.0,2.0,,,1647.0,354481.0,596.0,461.0,8.0,62.0,48.0,1.0,84.33,0.88,0.89,0.94,5.77,159593.0,122416.0,0.0,0.0,0.0,,,,,,,,,,,,,,,,,1.0,2.0,3.0,3.0,1.0,2.0,2.0,57.0,15.0,292.0,10.0,57.0,41.0,3.0,0.82,0.94,1.04,0.27,0.65,5903.0,2989.0,309.0,18.0,9.0,17.0,117.0,82.0,81.8,88.3,66.7,66.7,82.4,74.4,8.0,9.0,3.9,27.8,0.0,5.9,6.8,99.3,97.2,95.3,92.3,100.0,100.0,94.3,98.7,98.1,100.0,100.0,0.0,100.0,100.0,182.0,5.0,6.0,12.0,443.0,12.0,36.0,0.0,696.0,151.0,3.0,2.0,6.0,452.0,9.0,21.0,18.0,1.0,0.0,1.0,64.0,2.0,7.0,15.64,16.54,9.42,25.99,14.2,,,,,,,,,6.64,169.03,0.89,1.03,84.33,0.0,27.62,,,116.15,218.18,126.34,200.0,202.27,151.06,120.72,186.01
2021-05-17,35585,34273.0,648.0,655.0,302.0,112,76.0,29.0,7.0,3.0,33.0,168.0,1.0,,,1954.0,356435.0,596.0,451.0,8.0,62.0,48.0,6.0,84.56,0.88,0.89,0.92,5.58,161211.0,124466.0,0.0,0.0,0.0,13202.0,163.0,137.0,395.0,25445.0,866.0,2042.0,970.0,353.0,1.0,0.0,4.0,537.0,16.0,16.0,17.0,2.0,2.0,4.0,3.0,2.0,2.0,2.0,0.0,16.0,0.0,11.0,0.0,42.0,4.0,0.86,0.94,1.45,0.68,1.04,6415.0,3122.0,428.0,24.0,8.0,25.0,152.0,83.0,82.9,85.5,79.2,50.0,76.0,80.9,7.1,7.0,3.3,8.3,0.0,16.0,6.6,97.9,94.9,93.6,100.0,100.0,95.2,92.9,98.2,99.5,100.0,100.0,0.0,100.0,100.0,184.0,5.0,6.0,12.0,446.0,12.0,36.0,0.0,701.0,152.0,3.0,2.0,6.0,455.0,9.0,21.0,18.0,1.0,0.0,1.0,65.0,2.0,7.0,29.68,31.84,13.92,25.59,13.54,10155.5,11854.5,8654.5,13166.7,11386.7,14535.1,11739.0,11291.3,6.74,169.29,0.95,1.1,84.56,0.0,28.22,,,116.92,218.18,126.34,200.0,203.61,151.06,120.72,171.12
2021-05-18,35661,34367.0,648.0,637.0,292.0,76,63.0,12.0,1.0,2.0,33.0,94.0,0.0,,,1285.0,357720.0,596.0,432.0,8.0,62.0,52.0,4.0,84.56,0.89,0.89,0.94,5.76,162850.0,126525.0,0.0,0.0,0.0,,,,,,,,,,,,,,,,,2.0,2.0,4.0,3.0,2.0,2.0,2.0,1.0,17.0,1.0,12.0,1.0,43.0,5.0,0.86,0.94,1.45,0.68,1.04,6415.0,3122.0,428.0,24.0,8.0,25.0,152.0,83.0,82.9,85.5,79.2,50.0,76.0,80.9,7.1,7.0,3.3,8.3,0.0,16.0,6.6,97.9,94.9,93.6,100.0,100.0,95.2,92.9,98.2,99.5,100.0,100.0,0.0,100.0,100.0,184.0,5.0,6.0,12.0,446.0,12.0,36.0,0.0,701.0,152.0,3.0,2.0,6.0,455.0,9.0,21.0,18.0,1.0,0.0,1.0,65.0,2.0,7.0,25.88,25.42,16.12,24.92,13.56,,,,,,,,,6.38,169.29,0.83,0.68,84.56,0.0,26.42,,,116.92,218.18,126.34,200.0,203.61,151.06,120.72,166.42
2021-05-19,35751,34469.0,648.0,625.0,301.0,90,86.0,2.0,2.0,9.0,33.0,102.0,0.0,,,1287.0,359007.0,596.0,454.0,8.0,62.0,49.0,5.0,84.56,0.89,0.88,0.92,6.29,164331.0,128536.0,0.0,0.0,0.0,,,,,,,,,,,,,,,,,2.0,2.0,4.0,3.0,2.0,2.0,2.0,2.0,18.0,2.0,13.0,2.0,44.0,6.0,0.86,0.94,1.45,0.68,1.04,6415.0,3122.0,428.0,24.0,8.0,25.0,152.0,83.0,82.9,85.5,79.2,50.0,76.0,80.9,7.1,7.0,3.3,8.3,0.0,16.0,6.6,97.9,94.9,93.6,100.0,100.0,95.2,92.9,98.2,99.5,100.0,100.0,0.0,100.0,100.0,184.0,5.0,6.0,12.0,446.0,12.0,36.0,0.0,701.0,152.0,3.0,2.0,6.0,455.0,9.0,21.0,18.0,1.0,0.0,1.0,65.0,2.0,7.0,26.16,25.86,14.16,24.19,13.06,,,,,,,,,6.68,169.29,0.94,1.18,84.56,0.0,27.95,,,116.92,218.18,126.34,200.0,203.61,151.06,120.72,163.28
2021-05-20,35888,34561.0,654.0,662.0,286.0,136,93.0,38.0,5.0,9.0,33.0,92.0,6.0,,,2177.0,361184.0,602.0,474.0,8.0,62.0,48.0,4.0,85.02,0.87,0.87,0.96,5.83,165851.0,130485.0,0.0,0.0,0.0,,,,,,,,,,,,,,,,,2.0,2.0,4.0,3.0,2.0,2.0,3.0,3.0,19.0,3.0,14.0,3.0,45.0,0.0,0.86,0.94,1.45,0.68,1.04,6415.0,3122.0,428.0,24.0,8.0,25.0,152.0,83.0,82.9,85.5,79.2,50.0,76.0,80.9,7.1,7.0,3.3,8.3,0.0,16.0,6.6,97.9,94.9,93.6,100.0,100.0,95.2,92.9,98.2,99.5,100.0,100.0,0.0,100.0,100.0,184.0,5.0,6.0,12.0,446.0,12.0,36.0,0.0,701.0,152.0,3.0,2.0,6.0,455.0,9.0,21.0,18.0,1.0,0.0,1.0,65.0,2.0,7.0,20.1,21.41,15.68,23.35,13.23,,,,,,,,,6.7,170.86,0.99,1.51,85.02,0.0,29.11,,,116.92,218.18,126.34,200.0,203.61,151.06,120.72,172.95
2021-05-21,35985,34642.0,656.0,676.0,314.0,99,68.0,30.0,1.0,2.0,33.0,81.0,2.0,,,1272.0,362456.0,600.0,484.0,8.0,62.0,48.0,4.0,84.79,0.88,0.88,1.08,7.63,165949.0,130529.0,0.0,0.0,0.0,13383.0,168.0,139.0,396.0,25779.0,874.0,2050.0,970.0,341.0,4.0,2.0,2.0,585.0,15.0,18.0,13.0,2.0,2.0,4.0,3.0,2.0,2.0,3.0,4.0,20.0,4.0,15.0,4.0,46.0,1.0,0.86,0.94,1.45,0.68,1.04,6415.0,3122.0,428.0,24.0,8.0,25.0,152.0,83.0,82.9,85.5,79.2,50.0,76.0,80.9,7.1,7.0,3.3,8.3,0.0,16.0,6.6,97.9,94.9,93.6,100.0,100.0,95.2,92.9,98.2,99.5,100.0,100.0,0.0,100.0,100.0,187.0,6.0,6.0,12.0,452.0,12.0,37.0,0.0,712.0,155.0,3.0,2.0,6.0,460.0,9.0,21.0,18.0,1.0,0.0,1.0,65.0,2.0,7.0,19.71,19.46,22.43,22.84,14.7,10294.7,12218.2,8780.8,13200.0,11536.1,14669.4,11785.0,11432.1,6.32,171.38,0.9,0.73,84.79,0.0,26.65,,,119.23,218.18,126.34,200.0,205.85,151.06,120.72,176.61
2021-05-22,36072,34764.0,660.0,637.0,295.0,87,60.0,18.0,9.0,2.0,33.0,122.0,4.0,,,1325.0,363781.0,578.0,453.0,8.0,62.0,49.0,5.0,85.48,0.9,0.89,1.15,6.42,166647.0,130839.0,0.0,0.0,0.0,,,,,,,,,,,,,,,,,2.0,2.0,4.0,3.0,2.0,2.0,3.0,5.0,21.0,5.0,16.0,5.0,47.0,2.0,0.82,0.92,1.19,0.52,0.69,6415.0,3122.0,428.0,24.0,8.0,25.0,152.0,83.0,82.9,85.5,79.2,50.0,76.0,80.9,7.1,7.0,3.3,8.3,0.0,16.0,6.6,97.9,94.9,93.6,100.0,100.0,95.2,92.9,98.2,99.5,100.0,100.0,0.0,100.0,100.0,187.0,6.0,6.0,12.0,452.0,12.0,37.0,0.0,712.0,155.0,3.0,2.0,6.0,460.0,9.0,21.0,18.0,1.0,0.0,1.0,65.0,2.0,7.0,17.99,17.65,18.76,22.6,15.78,,,,,,,,,6.18,172.43,0.95,0.88,85.48,0.0,26.2,,,119.23,218.18,126.34,200.0,205.85,151.06,120.72,166.42
2021-05-23,36161,34864.0,660.0,624.0,259.0,89,73.0,14.0,2.0,0.0,33.0,100.0,0.0,,,1699.0,365480.0,575.0,422.0,8.0,62.0,51.0,3.0,86.64,0.93,0.91,1.24,5.24,166762.0,130864.0,0.0,0.0,0.0,,,,,,,,,,,,,,,,,2.0,2.0,4.0,3.0,2.0,2.0,3.0,6.0,22.0,6.0,17.0,6.0,48.0,3.0,0.82,0.92,1.19,0.52,0.69,6415.0,3122.0,428.0,24.0,8.0,25.0,152.0,83.0,82.9,85.5,79.2,50.0,76.0,80.9,7.1,7.0,3.3,8.3,0.0,16.0,6.6,97.9,94.9,93.6,100.0,100.0,95.2,92.9,98.2,99.5,100.0,100.0,0.0,100.0,100.0,187.0,6.0,6.0,12.0,452.0,12.0,37.0,0.0,712.0,155.0,3.0,2.0,6.0,460.0,9.0,21.0,18.0,1.0,0.0,1.0,65.0,2.0,7.0,16.56,16.31,20.74,22.57,17.4,,,,,,,,,6.11,172.43,0.93,1.02,86.64,0.0,25.71,,,119.23,218.18,126.34,200.0,205.85,151.06,120.72,163.02
2021-05-24,36233,34979.0,660.0,581.0,279.0,72,61.0,11.0,0.0,0.0,33.0,115.0,0.0,,,1380.0,366860.0,574.0,413.0,8.0,62.0,54.0,5.0,87.79,0.9,0.88,1.35,5.22,169895.0,132651.0,0.0,0.0,0.0,13479.0,170.0,140.0,400.0,25974.0,879.0,2053.0,970.0,282.0,6.0,3.0,5.0,517.0,15.0,9.0,9.0,2.0,2.0,4.0,3.0,2.0,2.0,3.0,7.0,23.0,7.0,18.0,7.0,49.0,4.0,0.86,0.95,1.4,0.73,1.06,5582.0,2839.0,446.0,24.0,12.0,58.0,149.0,80.6,83.1,89.5,87.5,83.3,82.8,89.3,6.7,5.8,1.1,12.5,16.7,8.6,2.7,97.9,95.4,93.0,92.3,100.0,98.2,83.5,98.1,97.5,100.0,100.0,100.0,80.0,100.0,191.0,6.0,6.0,12.0,455.0,12.0,37.0,0.0,719.0,157.0,3.0,2.0,6.0,462.0,9.0,21.0,18.0,1.0,0.0,1.0,65.0,2.0,7.0,23.72,22.93,30.74,21.29,19.8,10368.5,12363.6,8844.0,13333.3,11623.4,14753.3,11802.2,11512.0,6.05,172.43,0.86,0.81,87.79,0.0,24.22,,,120.77,218.18,126.34,200.0,206.75,151.06,120.72,151.79
2021-05-25,36287,35084.0,660.0,530.0,278.0,55,46.0,9.0,0.0,2.0,33.0,105.0,0.0,,,1108.0,367968.0,574.0,368.0,8.0,62.0,52.0,6.0,88.25,0.91,0.88,1.34,4.78,173180.0,134293.0,0.0,0.0,0.0,,,,,,,,,,,,,,,,,2.0,2.0,4.0,3.0,2.0,2.0,3.0,8.0,24.0,8.0,19.0,8.0,50.0,5.0,0.86,0.95,1.4,0.73,1.06,5582.0,2839.0,446.0,24.0,12.0,58.0,149.0,80.6,83.1,89.5,87.5,83.3,82.8,89.3,6.7,5.8,1.1,12.5,16.7,8.6,2.7,97.9,95.4,93.0,92.3,100.0,98.2,83.5,98.1,97.5,100.0,100.0,100.0,80.0,100.0,191.0,6.0,6.0,12.0,455.0,12.0,37.0,0.0,719.0,157.0,3.0,2.0,6.0,462.0,9.0,21.0,18.0,1.0,0.0,1.0,65.0,2.0,7.0,23.38,23.24,22.6,20.98,20.73,,,,,,,,,5.92,172.43,0.89,0.76,88.25,0.0,23.44,,,120.77,218.18,126.34,200.0,206.75,151.06,120.72,138.46
2021-05-26,36330,35167.0,660.0,490.0,310.0,43,42.0,1.0,0.0,13.0,33.0,83.0,0.0,,,945.0,368913.0,597.0,398.0,8.0,62.0,51.0,7.0,89.17,0.89,0.88,1.3,3.17,176187.0,135919.0,0.0,0.0,0.0,,,,,,,,,,,,,,,,,2.0,2.0,4.0,3.0,2.0,2.0,3.0,9.0,25.0,9.0,20.0,9.0,51.0,6.0,0.86,0.95,1.4,0.73,1.06,5582.0,2839.0,446.0,24.0,12.0,58.0,149.0,80.6,83.1,89.5,87.5,83.3,82.8,89.3,6.7,5.8,1.1,12.5,16.7,8.6,2.7,97.9,95.4,93.0,92.3,100.0,98.2,83.5,98.1,97.5,100.0,100.0,100.0,80.0,100.0,191.0,6.0,6.0,12.0,455.0,12.0,37.0,0.0,719.0,157.0,3.0,2.0,6.0,462.0,9.0,21.0,18.0,1.0,0.0,1.0,65.0,2.0,7.0,20.27,20.93,18.54,20.28,21.36,,,,,,,,,5.47,172.43,0.78,0.78,89.17,0.0,21.68,,,120.77,218.18,126.34,200.0,206.75,151.06,120.72,128.01
2021-05-27,36453,35232.0,667.0,540.0,294.0,123,74.0,48.0,1.0,12.0,33.0,65.0,7.0,,,2216.0,371129.0,594.0,418.0,8.0,62.0,48.0,6.0,89.63,0.94,0.91,1.28,5.01,178681.0,137303.0,0.0,0.0,0.0,,,,,,,,,,,,,,,,,2.0,2.0,4.0,3.0,2.0,2.0,3.0,10.0,26.0,10.0,21.0,10.0,52.0,7.0,0.86,0.95,1.4,0.73,1.06,5582.0,2839.0,446.0,24.0,12.0,58.0,149.0,80.6,83.1,89.5,87.5,83.3,82.8,89.3,6.7,5.8,1.1,12.5,16.7,8.6,2.7,97.9,95.4,93.0,92.3,100.0,98.2,83.5,98.1,97.5,100.0,100.0,100.0,80.0,100.0,191.0,6.0,6.0,12.0,455.0,12.0,37.0,0.0,719.0,157.0,3.0,2.0,6.0,462.0,9.0,21.0,18.0,1.0,0.0,1.0,65.0,2.0,7.0,24.39,23.44,21.6,20.57,22.2,,,,,,,,,5.35,174.25,0.73,2.86,89.63,0.0,21.2,,,120.77,218.18,126.34,200.0,206.75,151.06,120.72,141.08
2021-05-28,36568,35295.0,667.0,592.0,278.0,116,87.0,22.0,7.0,13.0,33.0,63.0,0.0,,,1359.0,372488.0,595.0,429.0,8.0,62.0,51.0,6.0,90.78,0.96,0.94,1.22,7.58,181220.0,138436.0,0.0,0.0,0.0,13666.0,172.0,139.0,401.0,26188.0,896.0,2066.0,972.0,316.0,4.0,1.0,5.0,468.0,27.0,15.0,10.0,2.0,2.0,4.0,3.0,2.0,2.0,3.0,11.0,27.0,11.0,22.0,11.0,53.0,8.0,0.86,0.95,1.4,0.73,1.06,5582.0,2839.0,446.0,24.0,12.0,58.0,149.0,80.6,83.1,89.5,87.5,83.3,82.8,89.3,6.7,5.8,1.1,12.5,16.7,8.6,2.7,97.9,95.4,93.0,92.3,100.0,98.2,83.5,98.1,97.5,100.0,100.0,100.0,80.0,100.0,191.0,6.0,6.0,12.0,462.0,13.0,37.0,0.0,727.0,157.0,3.0,2.0,6.0,468.0,10.0,21.0,18.0,1.0,0.0,1.0,65.0,2.0,7.0,22.16,21.42,22.21,20.85,22.17,10512.4,12509.1,8780.8,13366.7,11719.2,15038.6,11877.0,11625.7,5.35,174.25,0.82,0.94,90.78,0.0,21.83,,,120.77,218.18,126.34,200.0,209.43,167.84,120.72,154.66
2021-05-29,36665,35418.0,668.0,565.0,238.0,112,86.0,21.0,5.0,4.0,33.0,123.0,1.0,,,1405.0,373893.0,599.0,428.0,8.0,62.0,51.0,7.0,91.71,0.97,0.95,1.18,7.69,182169.0,138657.0,0.0,0.0,0.0,,,,,,,,,,,,,,,,,2.0,2.0,4.0,3.0,2.0,2.0,3.0,12.0,28.0,12.0,23.0,12.0,54.0,9.0,0.84,0.95,1.2,0.6,0.78,5582.0,2839.0,446.0,24.0,12.0,58.0,149.0,80.6,83.1,89.5,87.5,83.3,82.8,89.3,6.7,5.8,1.1,12.5,16.7,8.6,2.7,97.9,95.4,93.0,92.3,100.0,98.2,83.5,98.1,97.5,100.0,100.0,100.0,80.0,100.0,191.0,6.0,6.0,12.0,462.0,13.0,37.0,0.0,727.0,157.0,3.0,2.0,6.0,468.0,10.0,21.0,18.0,1.0,0.0,1.0,65.0,2.0,7.0,17.45,17.68,20.23,20.85,22.38,,,,,,,,,5.53,174.52,0.87,0.97,91.71,0.0,22.77,,,120.77,218.18,126.34,200.0,209.43,167.84,120.72,147.61
2021-05-30,36758,35513.0,671.0,560.0,226.0,92,63.0,29.0,0.0,10.0,33.0,95.0,3.0,,,1414.0,375307.0,599.0,435.0,8.0,62.0,51.0,7.0,92.63,0.94,0.93,1.12,5.8,182309.0,138693.0,0.0,0.0,0.0,,,,,,,,,,,,,,,,,2.0,2.0,4.0,3.0,2.0,2.0,3.0,13.0,29.0,13.0,24.0,13.0,55.0,10.0,0.84,0.95,1.2,0.6,0.78,5582.0,2839.0,446.0,24.0,12.0,58.0,149.0,80.6,83.1,89.5,87.5,83.3,82.8,89.3,6.7,5.8,1.1,12.5,16.7,8.6,2.7,97.9,95.4,93.0,92.3,100.0,98.2,83.5,98.1,97.5,100.0,100.0,100.0,80.0,100.0,191.0,6.0,6.0,12.0,462.0,13.0,37.0,0.0,727.0,157.0,3.0,2.0,6.0,468.0,10.0,21.0,18.0,1.0,0.0,1.0,65.0,2.0,7.0,11.63,12.01,16.63,20.23,21.79,,,,,,,,,5.61,175.3,0.89,0.82,92.63,0.0,22.88,,,120.77,218.18,126.34,200.0,209.43,167.84,120.72,146.3
2021-05-31,36851,35607.0,674.0,555.0,220.0,94,66.0,27.0,1.0,8.0,33.0,94.0,3.0,,,2047.0,377354.0,599.0,412.0,8.0,62.0,54.0,6.0,92.86,0.95,0.95,1.07,4.2,185016.0,140314.0,0.0,0.0,0.0,13783.0,174.0,139.0,402.0,26380.0,901.0,2086.0,969.0,283.0,5.0,0.0,2.0,410.0,23.0,30.0,4.0,2.0,2.0,4.0,3.0,2.0,2.0,3.0,14.0,30.0,14.0,25.0,14.0,56.0,11.0,0.88,0.82,1.4,0.85,1.11,6192.0,3466.0,405.0,21.0,8.0,25.0,187.0,82.9,84.5,87.9,66.7,100.0,68.0,85.0,5.0,5.6,6.2,19.0,0.0,4.0,6.4,97.0,94.4,90.2,81.2,100.0,95.8,80.6,99.7,100.0,100.0,100.0,0.0,100.0,100.0,195.0,6.0,6.0,12.0,466.0,14.0,37.0,0.0,736.0,158.0,3.0,2.0,6.0,473.0,11.0,21.0,19.0,1.0,0.0,1.0,65.0,2.0,7.0,22.98,22.68,26.82,20.2,21.23,10602.4,12654.5,8780.8,13400.0,11805.1,15122.5,11992.0,11712.9,5.46,176.08,0.98,1.02,92.86,0.0,23.7,,,121.54,218.18,126.34,200.0,211.67,184.63,120.72,144.99
2021-06-01,36920,35693.0,674.0,538.0,204.0,68,56.0,12.0,0.0,6.0,33.0,86.0,0.0,,,1220.0,378574.0,599.0,396.0,8.0,62.0,55.0,6.0,93.55,0.97,0.97,1.07,5.08,187313.0,141836.0,5.0,0.0,0.0,,,,,,,,,,,,,,,,,2.0,2.0,4.0,3.0,2.0,2.0,3.0,15.0,31.0,15.0,26.0,15.0,57.0,12.0,0.88,0.82,1.4,0.85,1.11,6192.0,3466.0,405.0,21.0,8.0,25.0,187.0,82.9,84.5,87.9,66.7,100.0,68.0,85.0,5.0,5.6,6.2,19.0,0.0,4.0,6.4,97.0,94.4,90.2,81.2,100.0,95.8,80.6,99.7,100.0,100.0,100.0,0.0,100.0,100.0,195.0,6.0,6.0,12.0,466.0,14.0,37.0,0.0,736.0,158.0,3.0,2.0,6.0,473.0,11.0,21.0,19.0,1.0,0.0,1.0,65.0,2.0,7.0,25.64,25.74,25.45,20.56,21.64,,,,,,,,,5.5,176.08,1.03,0.72,93.55,0.0,24.18,,,121.54,218.18,126.34,200.0,211.67,184.63,120.72,140.55
2021-06-02,36974,35775.0,674.0,510.0,214.0,57,47.0,10.0,0.0,10.0,34.0,82.0,0.0,,,595.0,379169.0,599.0,420.0,8.0,62.0,55.0,6.0,94.24,0.98,0.98,1.07,7.9,189417.0,143190.0,26.0,0.0,0.0,,,,,,,,,,,,,,,,,2.0,2.0,4.0,3.0,2.0,2.0,3.0,16.0,32.0,16.0,27.0,16.0,58.0,13.0,0.88,0.82,1.4,0.85,1.11,6192.0,3466.0,405.0,21.0,8.0,25.0,187.0,82.9,84.5,87.9,66.7,100.0,68.0,85.0,5.0,5.6,6.2,19.0,0.0,4.0,6.4,97.0,94.4,90.2,81.2,100.0,95.8,80.6,99.7,100.0,100.0,100.0,0.0,100.0,100.0,195.0,6.0,6.0,12.0,466.0,14.0,37.0,0.0,736.0,158.0,3.0,2.0,6.0,473.0,11.0,21.0,19.0,1.0,0.0,1.0,65.0,2.0,7.0,20.58,21.2,20.37,20.59,21.9,,,,,,,,,6.18,176.08,1.14,0.84,94.24,0.0,24.71,,,121.54,218.18,126.34,200.0,211.67,184.63,120.72,133.24
2021-06-03,37060,35839.0,679.0,527.0,224.0,86,56.0,30.0,0.0,3.0,35.0,64.0,5.0,,,1932.0,381101.0,598.0,431.0,8.0,62.0,52.0,6.0,95.16,0.96,0.96,1.12,4.3,191160.0,144367.0,74.0,0.0,0.0,,,,,,,,,,,,,,,,,2.0,2.0,4.0,3.0,2.0,2.0,3.0,17.0,33.0,17.0,28.0,17.0,59.0,14.0,0.88,0.82,1.4,0.85,1.11,6192.0,3466.0,405.0,21.0,8.0,25.0,187.0,82.9,84.5,87.9,66.7,100.0,68.0,85.0,5.0,5.6,6.2,19.0,0.0,4.0,6.4,97.0,94.4,90.2,81.2,100.0,95.8,80.6,99.7,100.0,100.0,100.0,0.0,100.0,100.0,195.0,6.0,6.0,12.0,466.0,14.0,37.0,0.0,736.0,158.0,3.0,2.0,6.0,473.0,11.0,21.0,19.0,1.0,0.0,1.0,65.0,2.0,7.0,20.14,19.81,30.09,20.08,23.11,,,,,,,,,6.08,177.39,1.1,1.51,95.16,0.0,23.33,,,121.54,218.18,126.34,200.0,211.67,184.63,120.72,137.68
2021-06-04,37134,35904.0,681.0,534.0,229.0,75,41.0,31.0,3.0,7.0,35.0,65.0,2.0,,,1472.0,382573.0,596.0,439.0,8.0,62.0,55.0,5.0,95.85,0.94,0.94,1.18,4.62,192733.0,145707.0,111.0,0.0,0.0,13924.0,183.0,139.0,403.0,26610.0,910.0,2093.0,968.0,274.0,13.0,0.0,1.0,420.0,19.0,24.0,4.0,2.0,2.0,4.0,3.0,2.0,2.0,3.0,18.0,34.0,18.0,29.0,18.0,60.0,15.0,0.88,0.82,1.4,0.85,1.11,6192.0,3466.0,405.0,21.0,8.0,25.0,187.0,82.9,84.5,87.9,66.7,100.0,68.0,85.0,5.0,5.6,6.2,19.0,0.0,4.0,6.4,97.0,94.4,90.2,81.2,100.0,95.8,80.6,99.7,100.0,100.0,100.0,0.0,100.0,100.0,198.0,6.0,6.0,12.0,470.0,14.0,37.0,0.0,743.0,161.0,3.0,2.0,6.0,477.0,11.0,21.0,19.0,1.0,0.0,1.0,65.0,2.0,7.0,19.22,17.63,32.85,19.54,24.63,10710.9,13309.1,8780.8,13433.3,11908.0,15273.6,12032.2,11816.4,5.65,177.91,1.0,0.87,95.85,0.0,21.8,,,123.85,218.18,126.34,200.0,213.46,184.63,120.72,139.51
2021-06-05,37219,35982.0,682.0,540.0,254.0,83,62.0,15.0,6.0,11.0,37.0,78.0,1.0,93.0,93.0,1086.0,383659.0,565.0,429.0,8.0,62.0,54.0,6.0,96.31,0.95,0.94,1.19,6.63,193413.0,146023.0,127.0,0.0,0.0,,,,,,,,,,,,,,,,,2.0,2.0,4.0,3.0,2.0,2.0,3.0,19.0,35.0,19.0,30.0,19.0,61.0,16.0,0.85,0.79,1.15,0.82,0.75,6192.0,3466.0,405.0,21.0,8.0,25.0,187.0,82.9,84.5,87.9,66.7,100.0,68.0,85.0,5.0,5.6,6.2,19.0,0.0,4.0,6.4,97.0,94.4,90.2,81.2,100.0,95.8,80.6,99.7,100.0,100.0,100.0,0.0,100.0,100.0,198.0,6.0,6.0,12.0,470.0,14.0,37.0,0.0,743.0,161.0,3.0,2.0,6.0,477.0,11.0,21.0,19.0,1.0,0.0,1.0,65.0,2.0,7.0,17.2,16.13,27.81,19.31,25.72,,,,,,,,,5.5,178.17,0.91,1.11,96.31,0.0,20.71,11.83,,123.85,218.18,126.34,200.0,213.46,184.63,120.72,141.08
2021-06-06,37306,36069.0,683.0,538.0,254.0,78,53.0,23.0,2.0,5.0,34.0,87.0,1.0,71.0,164.0,1345.0,385004.0,565.0,438.0,8.0,62.0,54.0,6.0,96.77,0.99,0.97,1.19,5.43,193452.0,146031.0,127.0,0.0,0.0,,,,,,,,,,,,,,,,,2.0,2.0,4.0,3.0,2.0,2.0,3.0,20.0,36.0,20.0,31.0,20.0,62.0,17.0,0.85,0.79,1.15,0.82,0.75,6192.0,3466.0,405.0,21.0,8.0,25.0,187.0,82.9,84.5,87.9,66.7,100.0,68.0,85.0,5.0,5.6,6.2,19.0,0.0,4.0,6.4,97.0,94.4,90.2,81.2,100.0,95.8,80.6,99.7,100.0,100.0,100.0,0.0,100.0,100.0,198.0,6.0,6.0,12.0,470.0,14.0,37.0,0.0,743.0,161.0,3.0,2.0,6.0,477.0,11.0,21.0,19.0,1.0,0.0,1.0,65.0,2.0,7.0,14.9,14.46,23.15,19.66,26.65,,,,,,,,,5.45,178.43,0.88,0.94,96.77,0.0,20.19,7.04,,123.85,218.18,126.34,200.0,213.46,184.63,120.72,140.55
2021-06-07,37384,36143.0,685.0,537.0,267.0,76,54.0,20.0,2.0,0.0,38.0,74.0,2.0,22.0,186.0,1991.0,386995.0,564.0,406.0,8.0,62.0,56.0,6.0,97.24,1.0,0.99,1.19,3.82,195170.0,147758.0,201.0,0.0,0.0,14035.0,189.0,139.0,408.0,26785.0,919.0,2108.0,973.0,269.0,15.0,0.0,7.0,448.0,15.0,28.0,9.0,2.0,2.0,4.0,3.0,2.0,2.0,3.0,21.0,37.0,21.0,32.0,21.0,63.0,18.0,0.84,0.79,1.37,0.91,1.01,5572.0,3040.0,417.0,27.0,8.0,54.0,130.0,80.2,82.5,89.7,55.6,75.0,75.9,89.2,5.7,5.1,3.4,37.0,12.5,7.4,7.7,96.2,93.5,89.9,94.1,85.7,100.0,72.6,99.7,100.0,100.0,100.0,0.0,50.0,100.0,202.0,6.0,6.0,12.0,474.0,14.0,37.0,0.0,751.0,164.0,3.0,2.0,6.0,478.0,11.0,21.0,19.0,1.0,0.0,1.0,68.0,2.0,7.0,24.96,24.19,32.07,19.88,27.4,10796.2,13745.5,8780.8,13600.0,11986.3,15424.6,12118.4,11901.6,5.4,178.96,0.82,0.97,97.24,0.0,19.52,0.0,,126.15,218.18,126.34,200.0,213.91,184.63,120.72,140.29
2021-06-08,37463,36247.0,688.0,512.0,228.0,80,67.0,12.0,1.0,3.0,38.0,104.0,3.0,28.0,214.0,813.0,387808.0,569.0,359.0,8.0,62.0,54.0,5.0,96.77,1.0,0.99,1.16,9.47,196628.0,149282.0,262.0,0.0,0.0,,,,,,,,,,,,,,,,,2.0,2.0,4.0,3.0,2.0,2.0,3.0,22.0,38.0,22.0,33.0,22.0,64.0,19.0,0.84,0.79,1.37,0.91,1.01,5572.0,3040.0,417.0,27.0,8.0,54.0,130.0,80.2,82.5,89.7,55.6,75.0,75.9,89.2,5.7,5.1,3.4,37.0,12.5,7.4,7.7,96.2,93.5,89.9,94.1,85.7,100.0,72.6,99.7,100.0,100.0,100.0,0.0,50.0,100.0,202.0,6.0,6.0,12.0,474.0,14.0,37.0,0.0,751.0,164.0,3.0,2.0,6.0,478.0,11.0,21.0,19.0,1.0,0.0,1.0,68.0,2.0,7.0,25.07,24.94,27.53,19.77,27.7,,,,,,,,,6.02,179.74,0.83,1.05,96.77,0.0,19.97,10.71,,126.15,218.18,126.34,200.0,213.91,184.63,120.72,133.76
2021-06-09,37524,36346.0,688.0,474.0,251.0,61,54.0,7.0,0.0,17.0,38.0,99.0,0.0,118.0,332.0,1709.0,389517.0,569.0,367.0,8.0,62.0,54.0,4.0,96.08,1.0,0.99,1.1,2.57,198139.0,150759.0,343.0,0.0,0.0,,,,,,,,,,,,,,,,,2.0,2.0,4.0,3.0,2.0,2.0,3.0,23.0,39.0,23.0,34.0,23.0,65.0,20.0,0.84,0.79,1.37,0.91,1.01,5572.0,3040.0,417.0,27.0,8.0,54.0,130.0,80.2,82.5,89.7,55.6,75.0,75.9,89.2,5.7,5.1,3.4,37.0,12.5,7.4,7.7,96.2,93.5,89.9,94.1,85.7,100.0,72.6,99.7,100.0,100.0,100.0,0.0,50.0,100.0,202.0,6.0,6.0,12.0,474.0,14.0,37.0,0.0,751.0,164.0,3.0,2.0,6.0,478.0,11.0,21.0,19.0,1.0,0.0,1.0,68.0,2.0,7.0,21.19,21.77,16.61,19.85,27.16,,,,,,,,,5.26,179.74,0.81,0.76,96.08,0.0,20.12,14.41,,126.15,218.18,126.34,200.0,213.91,184.63,120.72,123.83
2021-06-10,37622,36409.0,692.0,505.0,269.0,99,74.0,22.0,3.0,7.0,38.0,63.0,4.0,82.0,414.0,2127.0,391644.0,597.0,399.0,8.0,62.0,50.0,4.0,95.16,1.0,0.99,1.05,4.33,199647.0,152124.0,412.0,0.0,0.0,,,,,,,,,,,,,,,,,2.0,2.0,4.0,3.0,2.0,2.0,3.0,24.0,40.0,24.0,35.0,24.0,66.0,21.0,0.84,0.79,1.37,0.91,1.01,5572.0,3040.0,417.0,27.0,8.0,54.0,130.0,80.2,82.5,89.7,55.6,75.0,75.9,89.2,5.7,5.1,3.4,37.0,12.5,7.4,7.7,96.2,93.5,89.9,94.1,85.7,100.0,72.6,99.7,100.0,100.0,100.0,0.0,50.0,100.0,202.0,6.0,6.0,12.0,474.0,14.0,37.0,0.0,751.0,164.0,3.0,2.0,6.0,478.0,11.0,21.0,19.0,1.0,0.0,1.0,68.0,2.0,7.0,19.03,18.73,24.26,19.69,26.33,,,,,,,,,5.27,180.79,0.88,1.62,95.16,0.0,20.6,8.54,,126.15,218.18,126.34,200.0,213.91,184.63,120.72,131.93
2021-06-11,37725,36442.0,696.0,571.0,266.0,104,63.0,36.0,5.0,8.0,38.0,33.0,4.0,82.0,496.0,1343.0,392987.0,597.0,422.0,8.0,62.0,52.0,4.0,94.24,1.0,1.0,0.95,7.15,200992.0,153626.0,412.0,0.0,0.0,14180.0,194.0,141.0,416.0,27022.0,936.0,2135.0,979.0,276.0,7.0,2.0,14.0,444.0,27.0,40.0,16.0,2.0,2.0,4.0,3.0,2.0,2.0,3.0,25.0,41.0,25.0,36.0,25.0,67.0,22.0,0.84,0.79,1.37,0.91,1.01,5572.0,3040.0,417.0,27.0,8.0,54.0,130.0,80.2,82.5,89.7,55.6,75.0,75.9,89.2,5.7,5.1,3.4,37.0,12.5,7.4,7.7,96.2,93.5,89.9,94.1,85.7,100.0,72.6,99.7,100.0,100.0,100.0,0.0,50.0,100.0,205.0,6.0,6.0,13.0,480.0,14.0,37.0,0.0,761.0,166.0,3.0,2.0,7.0,486.0,11.0,21.0,19.0,1.0,0.0,1.0,66.0,2.0,7.0,18.93,19.13,16.73,19.91,24.02,10907.8,14109.1,8907.1,13866.7,12092.4,15710.0,12273.6,12018.4,5.63,181.83,0.99,1.05,94.24,0.0,21.68,9.76,8.9,127.69,218.18,126.34,233.33,217.49,184.63,120.72,149.17
2021-06-12,37817,36522.0,700.0,580.0,263.0,92,67.0,22.0,3.0,8.0,38.0,80.0,4.0,73.0,569.0,1437.0,394424.0,571.0,419.0,8.0,61.0,53.0,5.0,94.0,0.98,1.0,0.9,5.85,201453.0,153830.0,412.0,0.0,0.0,,,,,,,,,,,,,,,,,2.0,2.0,4.0,3.0,2.0,2.0,3.0,26.0,42.0,26.0,37.0,26.0,68.0,23.0,0.81,0.8,1.19,0.61,0.76,5572.0,3040.0,417.0,27.0,8.0,54.0,130.0,80.2,82.5,89.7,55.6,75.0,75.9,89.2,5.7,5.1,3.4,37.0,12.5,7.4,7.7,96.2,93.5,89.9,94.1,85.7,100.0,72.6,99.7,100.0,100.0,100.0,0.0,50.0,100.0,205.0,6.0,6.0,13.0,480.0,14.0,37.0,0.0,761.0,166.0,3.0,2.0,7.0,486.0,11.0,21.0,19.0,1.0,0.0,1.0,66.0,2.0,7.0,15.62,15.9,17.45,19.87,22.54,,,,,,,,,5.52,182.88,1.06,0.88,94.0,0.0,22.02,10.96,8.77,127.69,218.18,126.34,233.33,217.49,184.63,120.72,151.53
2021-06-13,37884,36623.0,702.0,544.0,242.0,66,50.0,11.0,5.0,11.0,38.0,101.0,2.0,57.0,626.0,1496.0,395920.0,571.0,423.0,8.0,61.0,54.0,5.0,93.99,0.99,1.0,0.89,3.68,201458.0,153831.0,412.0,0.0,0.0,,,,,,,,,,,,,,,,,2.0,2.0,4.0,3.0,2.0,2.0,3.0,27.0,43.0,27.0,38.0,27.0,69.0,24.0,0.81,0.8,1.19,0.61,0.76,5572.0,3040.0,417.0,27.0,8.0,54.0,130.0,80.2,82.5,89.7,55.6,75.0,75.9,89.2,5.7,5.1,3.4,37.0,12.5,7.4,7.7,96.2,93.5,89.9,94.1,85.7,100.0,72.6,99.7,100.0,100.0,100.0,0.0,50.0,100.0,205.0,6.0,6.0,13.0,480.0,14.0,37.0,0.0,761.0,166.0,3.0,2.0,7.0,486.0,11.0,21.0,19.0,1.0,0.0,1.0,66.0,2.0,7.0,15.2,15.05,17.98,19.96,21.81,,,,,,,,,5.27,183.4,1.07,0.72,93.99,0.0,21.57,19.3,10.52,127.69,218.18,126.34,233.33,217.49,184.63,120.72,142.12
2021-06-14,37960,36703.0,705.0,537.0,237.0,77,51.0,24.0,2.0,2.0,38.0,80.0,3.0,40.0,666.0,2149.0,398069.0,571.0,377.0,8.0,61.0,55.0,5.0,93.76,1.0,1.01,0.92,3.49,203230.0,155324.0,412.0,0.0,0.0,14264.0,198.0,141.0,420.0,27191.0,945.0,2148.0,979.0,231.0,9.0,0.0,14.0,424.0,33.0,43.0,10.0,2.0,2.0,4.0,3.0,2.0,2.0,3.0,28.0,44.0,28.0,39.0,28.0,70.0,25.0,0.84,0.79,1.33,0.9,1.02,6531.0,3325.0,362.0,24.0,6.0,78.0,180.0,80.7,83.9,85.4,87.5,83.3,67.9,82.8,4.8,4.2,5.5,20.8,0.0,9.0,6.7,96.6,94.2,89.9,60.0,100.0,100.0,88.3,100.0,99.3,100.0,100.0,0.0,85.7,100.0,208.0,6.0,6.0,13.0,485.0,15.0,37.0,0.0,770.0,168.0,3.0,2.0,7.0,492.0,12.0,21.0,19.0,1.0,0.0,1.0,67.0,2.0,7.0,26.56,25.65,32.24,20.17,21.83,10972.4,14400.0,8907.1,14000.0,12168.0,15861.0,12348.4,12092.3,5.22,184.18,1.11,1.17,93.76,0.0,21.61,5.0,11.24,129.23,218.18,126.34,233.33,220.17,201.41,120.72,140.29
2021-06-15,38009,36775.0,705.0,513.0,253.0,48,32.0,16.0,0.0,1.0,38.0,72.0,0.0,18.0,684.0,1357.0,399426.0,571.0,338.0,8.0,61.0,53.0,7.0,94.21,0.97,0.99,0.89,3.46,204522.0,156805.0,412.0,0.0,0.0,,,,,,,,,,,,,,,,,2.0,2.0,4.0,3.0,2.0,2.0,3.0,29.0,45.0,29.0,40.0,29.0,71.0,26.0,0.84,0.79,1.33,0.9,1.02,6531.0,3325.0,362.0,24.0,6.0,78.0,180.0,80.7,83.9,85.4,87.5,83.3,67.9,82.8,4.8,4.2,5.5,20.8,0.0,9.0,6.7,96.6,94.2,89.9,60.0,100.0,100.0,88.3,100.0,99.3,100.0,100.0,0.0,85.7,100.0,208.0,6.0,6.0,13.0,485.0,15.0,37.0,0.0,770.0,168.0,3.0,2.0,7.0,492.0,12.0,21.0,19.0,1.0,0.0,1.0,67.0,2.0,7.0,20.21,21.22,19.55,19.64,20.69,,,,,,,,,4.36,184.18,1.02,0.62,94.21,0.0,20.41,5.56,10.5,129.23,218.18,126.34,233.33,220.17,201.41,120.72,134.02
2021-06-16,38061,36849.0,705.0,491.0,273.0,53,48.0,4.0,1.0,10.0,38.0,74.0,0.0,91.0,775.0,587.0,400013.0,604.0,359.0,8.0,61.0,55.0,5.0,94.9,0.96,0.97,0.96,7.33,206027.0,158331.0,412.0,0.0,0.0,,,,,,,,,,,,,,,,,2.0,2.0,4.0,3.0,2.0,2.0,3.0,30.0,46.0,30.0,41.0,30.0,72.0,27.0,0.84,0.79,1.33,0.9,1.02,6531.0,3325.0,362.0,24.0,6.0,78.0,180.0,80.7,83.9,85.4,87.5,83.3,67.9,82.8,4.8,4.2,5.5,20.8,0.0,9.0,6.7,96.6,94.2,89.9,60.0,100.0,100.0,88.3,100.0,99.3,100.0,100.0,0.0,85.7,100.0,208.0,6.0,6.0,13.0,485.0,15.0,37.0,0.0,770.0,168.0,3.0,2.0,7.0,492.0,12.0,21.0,19.0,1.0,0.0,1.0,67.0,2.0,7.0,18.7,19.06,22.94,19.25,21.59,,,,,,,,,5.04,184.18,1.0,1.1,94.9,0.0,20.12,10.99,10.01,129.23,218.18,126.34,233.33,220.17,201.41,120.72,128.27
2021-06-17,38177,36913.0,710.0,537.0,265.0,117,84.0,31.0,2.0,20.0,38.0,64.0,5.0,63.0,838.0,2169.0,402182.0,604.0,402.0,8.0,61.0,54.0,6.0,96.51,0.96,0.96,0.93,4.47,207109.0,159682.0,412.0,0.0,0.0,,,,,,,,,,,,,,,,,2.0,2.0,4.0,3.0,2.0,2.0,3.0,31.0,47.0,31.0,42.0,31.0,73.0,28.0,0.84,0.79,1.33,0.9,1.02,6531.0,3325.0,362.0,24.0,6.0,78.0,180.0,80.7,83.9,85.4,87.5,83.3,67.9,82.8,4.8,4.2,5.5,20.8,0.0,9.0,6.7,96.6,94.2,89.9,60.0,100.0,100.0,88.3,100.0,99.3,100.0,100.0,0.0,85.7,100.0,208.0,6.0,6.0,13.0,485.0,15.0,37.0,0.0,770.0,168.0,3.0,2.0,7.0,492.0,12.0,21.0,19.0,1.0,0.0,1.0,67.0,2.0,7.0,18.37,17.37,17.43,19.06,20.62,,,,,,,,,5.06,185.49,1.01,2.21,96.51,0.0,20.79,31.75,13.33,129.23,218.18,126.34,233.33,220.17,201.41,120.72,140.29
2021-06-18,38267,36968.0,711.0,571.0,278.0,90,64.0,21.0,5.0,13.0,38.0,55.0,1.0,69.0,907.0,1290.0,403472.0,604.0,390.0,8.0,61.0,54.0,5.0,97.42,0.93,0.93,0.98,5.97,208160.0,160348.0,412.0,0.0,0.0,14422.0,202.0,141.0,426.0,27425.0,958.0,2175.0,978.0,289.0,8.0,0.0,10.0,448.0,25.0,50.0,8.0,2.0,2.0,4.0,3.0,2.0,2.0,3.0,32.0,48.0,32.0,43.0,32.0,74.0,29.0,0.84,0.79,1.33,0.9,1.02,6531.0,3325.0,362.0,24.0,6.0,78.0,180.0,80.7,83.9,85.4,87.5,83.3,67.9,82.8,4.8,4.2,5.5,20.8,0.0,9.0,6.7,96.6,94.2,89.9,60.0,100.0,100.0,88.3,100.0,99.3,100.0,100.0,0.0,85.7,100.0,210.0,6.0,6.0,13.0,491.0,15.0,38.0,0.0,779.0,169.0,3.0,2.0,7.0,496.0,12.0,22.0,19.0,1.0,0.0,1.0,68.0,2.0,7.0,14.17,13.98,22.06,18.32,21.38,11093.9,14690.9,8907.1,14200.0,12272.7,16079.2,12503.6,12207.5,4.89,185.75,0.93,0.77,97.42,0.0,20.27,18.84,14.63,130.0,218.18,126.34,233.33,221.96,201.41,126.47,149.17
2021-06-19,38372,37069.0,714.0,576.0,276.0,104,63.0,35.0,6.0,11.0,38.0,101.0,3.0,54.0,961.0,1361.0,404833.0,604.0,432.0,8.0,61.0,53.0,7.0,97.89,0.91,0.91,0.97,6.83,208494.0,160776.0,412.0,0.0,0.0,,,,,,,,,,,,,,,,,2.0,2.0,4.0,3.0,2.0,2.0,3.0,33.0,49.0,33.0,44.0,33.0,75.0,30.0,0.95,0.82,1.19,0.64,0.71,6531.0,3325.0,362.0,24.0,6.0,78.0,180.0,80.7,83.9,85.4,87.5,83.3,67.9,82.8,4.8,4.2,5.5,20.8,0.0,9.0,6.7,96.6,94.2,89.9,60.0,100.0,100.0,88.3,100.0,99.3,100.0,100.0,0.0,85.7,100.0,210.0,6.0,6.0,13.0,491.0,15.0,38.0,0.0,779.0,169.0,3.0,2.0,7.0,496.0,12.0,22.0,19.0,1.0,0.0,1.0,68.0,2.0,7.0,11.29,11.22,14.87,17.65,21.01,,,,,,,,,5.03,186.53,0.94,1.16,97.89,0.0,20.71,20.37,15.97,130.0,218.18,126.34,233.33,221.96,201.41,126.47,150.48
2021-06-20,38443,37169.0,716.0,540.0,275.0,73,48.0,25.0,0.0,9.0,38.0,100.0,2.0,39.0,1000.0,1379.0,406212.0,604.0,450.0,8.0,61.0,52.0,8.0,98.13,0.9,0.9,0.95,4.64,208516.0,160778.0,412.0,0.0,0.0,,,,,,,,,,,,,,,,,2.0,2.0,4.0,3.0,2.0,2.0,3.0,34.0,50.0,34.0,45.0,34.0,76.0,31.0,0.95,0.82,1.19,0.64,0.71,6531.0,3325.0,362.0,24.0,6.0,78.0,180.0,80.7,83.9,85.4,87.5,83.3,67.9,82.8,4.8,4.2,5.5,20.8,0.0,9.0,6.7,96.6,94.2,89.9,60.0,100.0,100.0,88.3,100.0,99.3,100.0,100.0,0.0,85.7,100.0,210.0,6.0,6.0,13.0,491.0,15.0,38.0,0.0,779.0,169.0,3.0,2.0,7.0,496.0,12.0,22.0,19.0,1.0,0.0,1.0,68.0,2.0,7.0,11.54,11.45,13.12,17.14,20.32,,,,,,,,,5.17,187.06,0.97,0.7,98.13,0.0,20.97,23.08,16.51,130.0,218.18,126.34,233.33,221.96,201.41,126.47,141.08
2021-06-21,38496,37252.0,717.0,509.0,238.0,53,30.0,19.0,4.0,0.0,38.0,83.0,1.0,46.0,1046.0,2163.0,408375.0,604.0,458.0,8.0,61.0,58.0,1.0,97.89,0.83,0.84,0.84,2.45,208524.0,160801.0,412.0,0.0,0.0,14508.0,205.0,141.0,428.0,27585.0,961.0,2187.0,979.0,242.0,9.0,0.0,7.0,402.0,19.0,42.0,9.0,2.0,2.0,4.0,3.0,2.0,2.0,3.0,35.0,51.0,35.0,46.0,35.0,77.0,32.0,0.9,0.8,1.36,0.84,1.02,6341.0,3222.0,431.0,36.0,12.0,47.0,157.0,79.4,84.9,88.2,86.1,83.3,72.3,82.2,4.8,3.7,3.0,8.3,0.0,10.6,7.6,97.0,91.5,88.5,36.0,100.0,100.0,83.7,99.3,100.0,100.0,100.0,0.0,80.0,100.0,213.0,6.0,6.0,13.0,495.0,15.0,38.0,0.0,786.0,171.0,3.0,2.0,7.0,500.0,12.0,22.0,19.0,1.0,0.0,1.0,68.0,2.0,7.0,14.63,15.54,13.54,15.69,17.65,11160.1,14909.1,8907.1,14266.7,12344.3,16129.6,12572.6,12277.3,5.02,187.32,0.93,0.73,97.89,0.0,20.08,0.0,15.8,131.54,218.18,126.34,233.33,223.75,201.41,126.47,132.98
2021-06-22,38554,37308.0,717.0,511.0,226.0,61,51.0,8.0,2.0,2.0,38.0,56.0,0.0,73.0,1119.0,1241.0,409616.0,604.0,391.0,8.0,61.0,53.0,5.0,97.42,0.83,0.84,0.83,4.75,210094.0,164307.0,412.0,0.0,0.0,,,,,,,,,,,,,,,,,2.0,2.0,4.0,3.0,2.0,2.0,3.0,36.0,52.0,36.0,47.0,36.0,78.0,33.0,0.9,0.8,1.36,0.84,1.02,6341.0,3222.0,431.0,36.0,12.0,47.0,157.0,79.4,84.9,88.2,86.1,83.3,72.3,82.2,4.8,3.7,3.0,8.3,0.0,10.6,7.6,97.0,91.5,88.5,36.0,100.0,100.0,83.7,99.3,100.0,100.0,100.0,0.0,80.0,100.0,213.0,6.0,6.0,13.0,495.0,15.0,38.0,0.0,786.0,171.0,3.0,2.0,7.0,500.0,12.0,22.0,19.0,1.0,0.0,1.0,68.0,2.0,7.0,16.86,16.88,14.45,15.07,16.92,,,,,,,,,5.21,187.32,1.01,1.15,97.42,0.0,20.56,2.74,15.39,131.54,218.18,126.34,233.33,223.75,201.41,126.47,133.5
2021-06-23,38584,37378.0,717.0,471.0,229.0,28,18.0,9.0,1.0,1.0,38.0,70.0,0.0,31.0,1150.0,1229.0,410845.0,604.0,387.0,8.0,61.0,53.0,5.0,96.96,0.85,0.85,0.8,2.2,211925.0,167523.0,412.0,0.0,0.0,,,,,,,,,,,,,,,,,2.0,2.0,4.0,3.0,2.0,2.0,3.0,37.0,53.0,37.0,48.0,37.0,79.0,34.0,0.9,0.8,1.36,0.84,1.02,6341.0,3222.0,431.0,36.0,12.0,47.0,157.0,79.4,84.9,88.2,86.1,83.3,72.3,82.2,4.8,3.7,3.0,8.3,0.0,10.6,7.6,97.0,91.5,88.5,36.0,100.0,100.0,83.7,99.3,100.0,100.0,100.0,0.0,80.0,100.0,213.0,6.0,6.0,13.0,495.0,15.0,38.0,0.0,786.0,171.0,3.0,2.0,7.0,500.0,12.0,22.0,19.0,1.0,0.0,1.0,68.0,2.0,7.0,16.68,17.04,13.34,14.78,15.55,,,,,,,,,4.47,187.32,0.98,0.46,96.96,0.0,19.63,3.23,14.29,131.54,218.18,126.34,233.33,223.75,201.41,126.47,123.05
2021-06-24,38637,37439.0,717.0,463.0,255.0,52,39.0,13.0,0.0,10.0,38.0,61.0,0.0,109.0,1259.0,1121.0,411966.0,604.0,422.0,8.0,61.0,53.0,5.0,96.49,0.84,0.85,0.78,3.75,213745.0,170276.0,412.0,0.0,0.0,,,,,,,,,,,,,,,,,2.0,2.0,4.0,3.0,2.0,2.0,3.0,38.0,54.0,38.0,49.0,38.0,80.0,35.0,0.9,0.8,1.36,0.84,1.02,6341.0,3222.0,431.0,36.0,12.0,47.0,157.0,79.4,84.9,88.2,86.1,83.3,72.3,82.2,4.8,3.7,3.0,8.3,0.0,10.6,7.6,97.0,91.5,88.5,36.0,100.0,100.0,83.7,99.3,100.0,100.0,100.0,0.0,80.0,100.0,213.0,6.0,6.0,13.0,495.0,15.0,38.0,0.0,786.0,171.0,3.0,2.0,7.0,500.0,12.0,22.0,19.0,1.0,0.0,1.0,68.0,2.0,7.0,13.79,14.81,10.25,14.42,14.52,,,,,,,,,4.37,187.32,0.83,1.86,96.49,0.0,17.21,9.17,11.06,131.54,218.18,126.34,233.33,223.75,201.41,126.47,120.96
2021-06-25,38706,37499.0,721.0,468.0,249.0,69,50.0,16.0,3.0,9.0,38.0,60.0,4.0,68.0,1327.0,1368.0,413334.0,604.0,401.0,8.0,61.0,53.0,5.0,96.25,0.86,0.88,0.73,4.39,215329.0,172718.0,499.0,0.0,0.0,14613.0,204.0,144.0,429.0,27764.0,967.0,2199.0,978.0,250.0,5.0,3.0,5.0,376.0,15.0,31.0,6.0,2.0,2.0,4.0,3.0,2.0,2.0,3.0,39.0,55.0,39.0,50.0,39.0,81.0,36.0,0.9,0.8,1.36,0.84,1.02,6341.0,3222.0,431.0,36.0,12.0,47.0,157.0,79.4,84.9,88.2,86.1,83.3,72.3,82.2,4.8,3.7,3.0,8.3,0.0,10.6,7.6,97.0,91.5,88.5,36.0,100.0,100.0,83.7,99.3,100.0,100.0,100.0,0.0,80.0,100.0,213.0,6.0,6.0,13.0,499.0,15.0,38.0,0.0,790.0,171.0,3.0,2.0,7.0,504.0,12.0,22.0,19.0,1.0,0.0,1.0,68.0,2.0,7.0,13.69,14.06,10.56,14.43,12.88,11240.9,14836.4,9096.7,14300.0,12424.4,16230.3,12641.6,12356.7,4.14,188.36,0.81,1.33,96.25,0.0,16.42,13.24,10.26,131.54,218.18,126.34,233.33,225.54,201.41,126.47,122.27
2021-06-26,38790,37609.0,724.0,439.0,227.0,84,58.0,21.0,5.0,8.0,38.0,110.0,3.0,125.0,1452.0,1156.0,414490.0,604.0,417.0,8.0,61.0,53.0,3.0,95.32,0.9,0.92,0.72,6.57,215616.0,173554.0,568.0,0.0,0.0,,,,,,,,,,,,,,,,,2.0,2.0,4.0,3.0,2.0,2.0,3.0,40.0,56.0,40.0,51.0,40.0,82.0,37.0,0.81,0.8,1.15,0.7,0.69,6341.0,3222.0,431.0,36.0,12.0,47.0,157.0,79.4,84.9,88.2,86.1,83.3,72.3,82.2,4.8,3.7,3.0,8.3,0.0,10.6,7.6,97.0,91.5,88.5,36.0,100.0,100.0,83.7,99.3,100.0,100.0,100.0,0.0,80.0,100.0,213.0,6.0,6.0,13.0,499.0,15.0,38.0,0.0,790.0,171.0,3.0,2.0,7.0,504.0,12.0,22.0,19.0,1.0,0.0,1.0,68.0,2.0,7.0,12.18,12.59,8.21,14.63,11.92,,,,,,,,,4.11,189.15,0.76,1.22,95.32,0.0,15.68,6.4,8.26,131.54,218.18,126.34,233.33,225.54,201.41,126.47,114.69
2021-06-27,38840,37681.0,726.0,415.0,224.0,51,37.0,13.0,1.0,8.0,38.0,72.0,2.0,71.0,1523.0,1468.0,415958.0,604.0,429.0,8.0,61.0,53.0,2.0,94.15,0.88,0.9,0.71,2.93,215646.0,173580.0,568.0,0.0,0.0,,,,,,,,,,,,,,,,,2.0,2.0,4.0,3.0,2.0,2.0,3.0,41.0,57.0,41.0,52.0,41.0,83.0,38.0,0.81,0.8,1.15,0.7,0.69,6341.0,3222.0,431.0,36.0,12.0,47.0,157.0,79.4,84.9,88.2,86.1,83.3,72.3,82.2,4.8,3.7,3.0,8.3,0.0,10.6,7.6,97.0,91.5,88.5,36.0,100.0,100.0,83.7,99.3,100.0,100.0,100.0,0.0,80.0,100.0,213.0,6.0,6.0,13.0,499.0,15.0,38.0,0.0,790.0,171.0,3.0,2.0,7.0,504.0,12.0,22.0,19.0,1.0,0.0,1.0,68.0,2.0,7.0,7.35,8.34,5.87,14.18,10.89,,,,,,,,,3.86,189.67,0.71,0.61,94.15,0.0,14.85,11.27,6.58,131.54,218.18,126.34,233.33,225.54,201.41,126.47,108.42
2021-06-28,38894,37756.0,733.0,387.0,199.0,55,36.0,16.0,3.0,2.0,38.0,75.0,7.0,41.0,1564.0,2306.0,418264.0,604.0,405.0,8.0,61.0,54.0,4.0,93.91,0.86,0.89,0.71,2.3,215689.0,173687.0,568.0,0.0,0.0,14696.0,206.0,144.0,431.0,27896.0,975.0,2205.0,981.0,203.0,4.0,3.0,4.0,313.0,17.0,18.0,8.0,2.0,2.0,4.0,3.0,2.0,2.0,3.0,42.0,58.0,42.0,53.0,42.0,84.0,39.0,0.77,0.74,1.26,0.98,0.92,5693.0,3402.0,349.0,8.0,8.0,37.0,144.0,81.0,84.8,84.8,62.5,75.0,73.0,84.7,3.6,3.7,3.4,25.0,37.5,5.4,4.2,96.7,90.6,90.4,100.0,100.0,96.4,85.5,100.0,99.2,100.0,100.0,100.0,100.0,100.0,214.0,6.0,6.0,14.0,507.0,16.0,38.0,1.0,802.0,173.0,3.0,2.0,7.0,513.0,12.0,23.0,19.0,1.0,0.0,1.0,68.0,2.0,7.0,10.6,11.95,9.01,13.67,10.24,11304.7,14981.8,9096.7,14366.7,12483.5,16364.6,12676.1,12418.3,3.84,191.5,0.74,1.08,93.91,0.0,14.93,4.88,7.27,133.08,218.18,126.34,233.33,229.57,201.41,132.22,101.1
2021-06-29,38957,37828.0,733.0,378.0,164.0,63,38.0,20.0,5.0,6.0,38.0,72.0,0.0,33.0,1597.0,1498.0,419762.0,604.0,357.0,8.0,61.0,51.0,5.0,93.44,0.83,0.87,0.71,3.81,216648.0,177115.0,1142.0,0.0,0.0,,,,,,,,,,,,,,,,,2.0,2.0,4.0,3.0,2.0,2.0,3.0,43.0,59.0,43.0,54.0,43.0,85.0,40.0,0.77,0.74,1.26,0.98,0.92,5693.0,3402.0,349.0,8.0,8.0,37.0,144.0,81.0,84.8,84.8,62.5,75.0,73.0,84.7,3.6,3.7,3.4,25.0,37.5,5.4,4.2,96.7,90.6,90.4,100.0,100.0,96.4,85.5,100.0,99.2,100.0,100.0,100.0,100.0,100.0,214.0,6.0,6.0,14.0,507.0,16.0,38.0,1.0,802.0,173.0,3.0,2.0,7.0,513.0,12.0,23.0,19.0,1.0,0.0,1.0,68.0,2.0,7.0,11.57,12.15,9.37,12.99,9.51,,,,,,,,,3.71,191.5,0.73,1.15,93.44,0.0,15.0,18.18,9.48,133.08,218.18,126.34,233.33,229.57,201.41,132.22,98.75
2021-06-30,38986,37892.0,733.0,342.0,156.0,29,25.0,2.0,2.0,6.0,38.0,64.0,0.0,52.0,1649.0,917.0,420679.0,604.0,371.0,8.0,61.0,48.0,6.0,92.51,0.83,0.84,0.73,2.51,217393.0,179754.0,1988.0,0.0,0.0,,,,,,,,,,,,,,,,,2.0,2.0,4.0,3.0,2.0,2.0,3.0,44.0,60.0,44.0,55.0,44.0,86.0,41.0,0.77,0.74,1.26,0.98,0.92,5693.0,3402.0,349.0,8.0,8.0,37.0,144.0,81.0,84.8,84.8,62.5,75.0,73.0,84.7,3.6,3.7,3.4,25.0,37.5,5.4,4.2,96.7,90.6,90.4,100.0,100.0,96.4,85.5,100.0,99.2,100.0,100.0,100.0,100.0,100.0,214.0,6.0,6.0,14.0,507.0,16.0,38.0,1.0,802.0,173.0,3.0,2.0,7.0,513.0,12.0,23.0,19.0,1.0,0.0,1.0,68.0,2.0,7.0,13.0,12.25,10.32,12.31,9.08,,,,,,,,,3.75,191.5,0.77,0.46,92.51,0.0,15.04,11.54,10.67,133.08,218.18,126.34,233.33,229.57,201.41,132.22,89.35
2021-07-01,39019,37931.0,733.0,336.0,161.0,34,29.0,4.0,1.0,16.0,38.0,39.0,0.0,139.0,1788.0,1082.0,421761.0,604.0,402.0,8.0,61.0,47.0,6.0,91.33,0.83,0.84,0.73,1.66,218462.0,181651.0,2634.0,0.0,0.0,,,,,,,,,,,,,,,,,2.0,2.0,4.0,3.0,2.0,2.0,3.0,45.0,61.0,45.0,56.0,45.0,87.0,42.0,0.77,0.74,1.26,0.98,0.92,5693.0,3402.0,349.0,8.0,8.0,37.0,144.0,81.0,84.8,84.8,62.5,75.0,73.0,84.7,3.6,3.7,3.4,25.0,37.5,5.4,4.2,96.7,90.6,90.4,100.0,100.0,96.4,85.5,100.0,99.2,100.0,100.0,100.0,100.0,100.0,214.0,6.0,6.0,14.0,507.0,16.0,38.0,1.0,802.0,173.0,3.0,2.0,7.0,513.0,12.0,23.0,19.0,1.0,0.0,1.0,68.0,2.0,7.0,11.51,12.15,6.47,11.93,8.54,,,,,,,,,3.45,191.5,0.84,1.17,91.33,0.0,14.37,11.51,11.0,133.08,218.18,126.34,233.33,229.57,201.41,132.22,87.78
2021-07-02,39077,37972.0,738.0,347.0,156.0,58,41.0,14.0,3.0,6.0,39.0,41.0,5.0,111.0,1899.0,1285.0,423046.0,604.0,445.0,8.0,61.0,47.0,5.0,89.93,0.85,0.86,0.77,4.05,219300.0,183353.0,3259.0,0.0,0.0,14791.0,206.0,144.0,431.0,28017.0,979.0,2214.0,978.0,191.0,1.0,0.0,0.0,271.0,15.0,16.0,5.0,2.0,2.0,4.0,3.0,2.0,2.0,3.0,46.0,62.0,46.0,57.0,46.0,88.0,43.0,0.77,0.74,1.26,0.98,0.92,5693.0,3402.0,349.0,8.0,8.0,37.0,144.0,81.0,84.8,84.8,62.5,75.0,73.0,84.7,3.6,3.7,3.4,25.0,37.5,5.4,4.2,96.7,90.6,90.4,100.0,100.0,96.4,85.5,100.0,99.2,100.0,100.0,100.0,100.0,100.0,216.0,6.0,6.0,14.0,511.0,16.0,40.0,1.0,810.0,173.0,3.0,2.0,7.0,517.0,12.0,24.0,20.0,1.0,0.0,1.0,68.0,2.0,7.0,12.86,12.61,9.6,11.72,8.4,11377.8,14981.8,9096.7,14366.7,12537.6,16431.7,12727.8,12477.4,3.4,192.8,0.85,1.71,89.93,0.0,13.96,5.41,9.88,133.08,218.18,126.34,233.33,231.36,201.41,137.97,90.65
2021-07-03,39121,38022.0,740.0,339.0,165.0,45,29.0,15.0,1.0,6.0,39.0,50.0,2.0,140.0,2039.0,1236.0,424282.0,604.0,389.0,8.0,61.0,48.0,5.0,89.23,0.85,0.85,0.8,3.16,219466.0,183810.0,3421.0,0.0,0.0,,,,,,,,,,,,,,,,,2.0,2.0,4.0,3.0,2.0,2.0,3.0,47.0,63.0,47.0,58.0,47.0,89.0,44.0,0.94,0.87,1.25,0.73,0.75,5693.0,3402.0,349.0,8.0,8.0,37.0,144.0,81.0,84.8,84.8,62.5,75.0,73.0,84.7,3.6,3.7,3.4,25.0,37.5,5.4,4.2,96.7,90.6,90.4,100.0,100.0,96.4,85.5,100.0,99.2,100.0,100.0,100.0,100.0,100.0,216.0,6.0,6.0,14.0,511.0,16.0,40.0,1.0,810.0,173.0,3.0,2.0,7.0,517.0,12.0,24.0,20.0,1.0,0.0,1.0,68.0,2.0,7.0,9.25,9.18,7.1,11.23,8.25,,,,,,,,,2.92,193.33,0.8,0.78,89.23,0.0,12.5,4.29,9.58,133.08,218.18,126.34,233.33,231.36,201.41,137.97,88.56
2021-07-04,39177,38078.0,742.0,337.0,145.0,58,43.0,11.0,4.0,7.0,40.0,56.0,2.0,110.0,2149.0,1348.0,425630.0,604.0,357.0,8.0,61.0,48.0,6.0,88.99,0.89,0.87,0.88,3.78,219477.0,183827.0,3421.0,0.0,0.0,,,,,,,,,,,,,,,,,2.0,2.0,4.0,3.0,2.0,2.0,3.0,48.0,64.0,48.0,59.0,48.0,90.0,45.0,0.94,0.87,1.25,0.73,0.75,5693.0,3402.0,349.0,8.0,8.0,37.0,144.0,81.0,84.8,84.8,62.5,75.0,73.0,84.7,3.6,3.7,3.4,25.0,37.5,5.4,4.2,96.7,90.6,90.4,100.0,100.0,96.4,85.5,100.0,99.2,100.0,100.0,100.0,100.0,100.0,216.0,6.0,6.0,14.0,511.0,16.0,40.0,1.0,810.0,173.0,3.0,2.0,7.0,517.0,12.0,24.0,20.0,1.0,0.0,1.0,68.0,2.0,7.0,8.88,8.19,9.09,11.21,8.71,,,,,,,,,3.04,193.85,0.86,1.29,88.99,0.0,12.76,6.36,8.88,133.08,218.18,126.34,233.33,231.36,201.41,137.97,88.04
2021-07-05,39236,38147.0,745.0,324.0,138.0,61,41.0,13.0,7.0,1.0,40.0,69.0,3.0,88.0,2237.0,2886.0,428516.0,604.0,349.0,8.0,61.0,43.0,8.0,87.35,0.93,0.91,0.95,2.08,220315.0,185925.0,4182.0,0.0,0.0,14855.0,207.0,144.0,433.0,28134.0,980.0,2215.0,986.0,167.0,1.0,0.0,2.0,252.0,11.0,10.0,11.0,2.0,2.0,4.0,3.0,3.0,2.0,3.0,49.0,65.0,49.0,60.0,0.0,91.0,46.0,0.92,0.87,1.41,0.93,1.06,5471.0,2846.0,332.0,34.0,10.0,49.0,121.0,80.9,83.2,86.1,91.2,100.0,67.3,80.2,3.1,2.8,2.4,2.9,0.0,6.1,3.3,96.5,90.0,91.6,83.3,100.0,92.5,78.9,99.4,98.7,100.0,100.0,0.0,100.0,100.0,217.0,7.0,6.0,14.0,518.0,16.0,40.0,1.0,819.0,173.0,3.0,2.0,7.0,524.0,12.0,24.0,20.0,1.0,0.0,1.0,68.0,2.0,7.0,12.16,12.88,11.12,11.34,9.01,11427.0,15054.5,9096.7,14433.3,12590.0,16448.5,12733.5,12528.1,3.01,194.63,0.87,1.05,87.35,0.0,12.99,1.14,8.35,133.08,218.18,126.34,233.33,234.49,201.41,137.97,84.65
2021-07-06,39268,38202.0,745.0,301.0,131.0,33,23.0,6.0,4.0,4.0,41.0,55.0,0.0,104.0,2341.0,1003.0,429519.0,604.0,318.0,8.0,61.0,42.0,6.0,85.48,0.93,0.9,0.97,2.89,221323.0,187553.0,4683.0,0.0,0.0,,,,,,,,,,,,,,,,,2.0,2.0,4.0,3.0,3.0,2.0,3.0,50.0,66.0,50.0,61.0,1.0,92.0,47.0,0.92,0.87,1.41,0.93,1.06,5471.0,2846.0,332.0,34.0,10.0,49.0,121.0,80.9,83.2,86.1,91.2,100.0,67.3,80.2,3.1,2.8,2.4,2.9,0.0,6.1,3.3,96.5,90.0,91.6,83.3,100.0,92.5,78.9,99.4,98.7,100.0,100.0,0.0,100.0,100.0,217.0,7.0,6.0,14.0,518.0,16.0,40.0,1.0,819.0,173.0,3.0,2.0,7.0,524.0,12.0,24.0,20.0,1.0,0.0,1.0,68.0,2.0,7.0,10.1,10.28,9.08,11.08,8.97,,,,,,,,,2.88,194.63,0.79,0.54,85.48,0.0,11.87,3.85,6.3,133.08,218.18,126.34,233.33,234.49,201.41,137.97,78.64
2021-07-07,39297,38263.0,745.0,269.0,143.0,29,25.0,3.0,1.0,8.0,41.0,61.0,0.0,162.0,2503.0,1072.0,430591.0,604.0,314.0,8.0,61.0,44.0,4.0,84.07,0.9,0.88,1.04,1.96,222732.0,189163.0,4904.0,0.0,0.0,,,,,,,,,,,,,,,,,2.0,2.0,4.0,3.0,3.0,2.0,3.0,51.0,67.0,51.0,62.0,2.0,93.0,48.0,0.92,0.87,1.41,0.93,1.06,5471.0,2846.0,332.0,34.0,10.0,49.0,121.0,80.9,83.2,86.1,91.2,100.0,67.3,80.2,3.1,2.8,2.4,2.9,0.0,6.1,3.3,96.5,90.0,91.6,83.3,100.0,92.5,78.9,99.4,98.7,100.0,100.0,0.0,100.0,100.0,217.0,7.0,6.0,14.0,518.0,16.0,40.0,1.0,819.0,173.0,3.0,2.0,7.0,524.0,12.0,24.0,20.0,1.0,0.0,1.0,68.0,2.0,7.0,9.07,8.38,13.34,10.53,9.4,,,,,,,,,2.8,194.63,0.79,0.88,84.07,0.0,11.87,4.94,5.36,133.08,218.18,126.34,233.33,234.49,201.41,137.97,70.28
2021-07-08,39362,38322.0,750.0,270.0,160.0,60,30.0,24.0,6.0,8.0,40.0,59.0,5.0,106.0,2609.0,1931.0,432522.0,604.0,354.0,8.0,61.0,40.0,4.0,81.97,0.87,0.85,1.08,2.69,224015.0,190780.0,5015.0,0.0,0.0,,,,,,,,,,,,,,,,,3.0,3.0,4.0,3.0,3.0,2.0,3.0,0.0,0.0,52.0,63.0,3.0,94.0,49.0,0.92,0.87,1.41,0.93,1.06,5471.0,2846.0,332.0,34.0,10.0,49.0,121.0,80.9,83.2,86.1,91.2,100.0,67.3,80.2,3.1,2.8,2.4,2.9,0.0,6.1,3.3,96.5,90.0,91.6,83.3,100.0,92.5,78.9,99.4,98.7,100.0,100.0,0.0,100.0,100.0,217.0,7.0,6.0,14.0,518.0,16.0,40.0,1.0,819.0,173.0,3.0,2.0,7.0,524.0,12.0,24.0,20.0,1.0,0.0,1.0,68.0,2.0,7.0,7.96,8.1,9.3,9.95,9.8,,,,,,,,,2.94,195.94,0.89,2.07,81.97,0.0,12.84,7.55,4.79,133.08,218.18,126.34,233.33,234.49,201.41,137.97,70.54
2021-07-09,39411,38337.0,750.0,304.0,162.0,60,39.0,13.0,8.0,8.0,41.0,15.0,0.0,95.0,2704.0,1459.0,433981.0,604.0,391.0,8.0,61.0,38.0,6.0,80.09,0.82,0.81,1.07,3.56,225501.0,192293.0,5046.0,0.0,0.0,14964.0,208.0,144.0,443.0,28257.0,984.0,2221.0,985.0,170.0,2.0,0.0,12.0,250.0,7.0,8.0,11.0,3.0,3.0,4.0,3.0,3.0,2.0,3.0,1.0,1.0,53.0,64.0,4.0,95.0,50.0,0.92,0.87,1.41,0.93,1.06,5471.0,2846.0,332.0,34.0,10.0,49.0,121.0,80.9,83.2,86.1,91.2,100.0,67.3,80.2,3.1,2.8,2.4,2.9,0.0,6.1,3.3,96.5,90.0,91.6,83.3,100.0,92.5,78.9,99.4,98.7,100.0,100.0,0.0,100.0,100.0,217.0,7.0,6.0,14.0,523.0,16.0,41.0,1.0,825.0,173.0,3.0,2.0,7.0,529.0,12.0,24.0,20.0,1.0,0.0,1.0,69.0,2.0,7.0,7.35,7.61,9.06,9.23,9.73,11510.9,15127.3,9096.7,14766.7,12645.0,16515.6,12768.0,12593.9,2.87,195.94,0.93,1.0,80.09,0.0,12.91,8.42,5.22,133.08,218.18,126.34,233.33,236.73,201.41,137.97,79.42
2021-07-10,39450,38372.0,751.0,307.0,147.0,41,25.0,11.0,5.0,3.0,41.0,35.0,1.0,155.0,2859.0,1159.0,435140.0,604.0,412.0,8.0,58.0,34.0,4.0,77.04,0.82,0.81,1.04,3.28,225947.0,192711.0,5051.0,0.0,0.0,,,,,,,,,,,,,,,,,3.0,3.0,4.0,3.0,3.0,2.0,3.0,2.0,2.0,54.0,65.0,5.0,96.0,51.0,1.02,0.95,1.38,0.93,0.84,5471.0,2846.0,332.0,34.0,10.0,49.0,121.0,80.9,83.2,86.1,91.2,100.0,67.3,80.2,3.1,2.8,2.4,2.9,0.0,6.1,3.3,96.5,90.0,91.6,83.3,100.0,92.5,78.9,99.4,98.7,100.0,100.0,0.0,100.0,100.0,217.0,7.0,6.0,14.0,523.0,16.0,41.0,1.0,825.0,173.0,3.0,2.0,7.0,529.0,12.0,24.0,20.0,1.0,0.0,1.0,69.0,2.0,7.0,6.53,6.72,5.95,8.88,9.56,,,,,,,,,2.89,196.2,1.02,0.68,77.04,0.0,12.76,1.94,4.88,133.08,218.18,126.34,233.33,236.73,201.41,137.97,80.2
2021-07-11,39485,38407.0,755.0,303.0,146.0,35,21.0,13.0,1.0,5.0,42.0,35.0,4.0,124.0,2983.0,1449.0,436589.0,604.0,420.0,8.0,61.0,35.0,4.0,73.53,0.81,0.82,0.99,2.07,225952.0,192717.0,5051.0,0.0,0.0,,,,,,,,,,,,,,,,,3.0,3.0,4.0,3.0,3.0,2.0,3.0,3.0,3.0,55.0,66.0,6.0,97.0,52.0,1.02,0.95,1.38,0.93,0.84,5471.0,2846.0,332.0,34.0,10.0,49.0,121.0,80.9,83.2,86.1,91.2,100.0,67.3,80.2,3.1,2.8,2.4,2.9,0.0,6.1,3.3,96.5,90.0,91.6,83.3,100.0,92.5,78.9,99.4,98.7,100.0,100.0,0.0,100.0,100.0,217.0,7.0,6.0,14.0,523.0,16.0,41.0,1.0,825.0,173.0,3.0,2.0,7.0,529.0,12.0,24.0,20.0,1.0,0.0,1.0,69.0,2.0,7.0,5.9,5.92,5.82,8.56,9.09,,,,,,,,,2.65,197.24,0.93,0.85,73.53,0.0,11.91,4.03,4.55,133.08,218.18,126.34,233.33,236.73,201.41,137.97,79.16
2021-07-12,39515,38457.0,757.0,281.0,128.0,31,22.0,9.0,0.0,1.0,42.0,50.0,2.0,106.0,3089.0,1844.0,438433.0,604.0,385.0,8.0,61.0,35.0,3.0,70.48,0.79,0.79,0.94,1.63,227593.0,194578.0,5100.0,0.0,0.0,15007.0,213.0,144.0,443.0,28329.0,986.0,2224.0,980.0,140.0,5.0,0.0,10.0,228.0,6.0,8.0,5.0,3.0,3.0,4.0,3.0,3.0,2.0,3.0,4.0,4.0,56.0,67.0,7.0,98.0,53.0,0.87,0.9,1.43,0.87,1.07,6023.0,3277.0,265.0,51.0,9.0,61.0,158.0,81.6,86.3,90.2,88.2,55.6,80.3,81.0,2.6,2.0,1.9,13.7,0.0,13.1,2.5,98.0,91.5,78.7,100.0,63.6,96.4,88.5,100.0,100.0,100.0,100.0,0.0,100.0,100.0,221.0,7.0,6.0,14.0,528.0,16.0,41.0,1.0,834.0,176.0,3.0,2.0,7.0,533.0,12.0,24.0,21.0,1.0,0.0,1.0,70.0,2.0,7.0,8.73,8.85,7.03,7.98,8.51,11543.9,15490.9,9096.7,14766.7,12677.3,16549.2,12785.3,12625.2,2.58,197.77,0.83,0.89,70.48,0.0,10.79,0.94,4.52,135.39,218.18,126.34,233.33,238.52,201.41,137.97,73.41
2021-07-13,39541,38502.0,757.0,262.0,118.0,26,15.0,7.0,4.0,4.0,42.0,45.0,0.0,88.0,3177.0,1359.0,439792.0,604.0,342.0,8.0,61.0,35.0,4.0,68.38,0.81,0.8,0.93,1.62,229413.0,195912.0,5134.0,0.0,0.0,,,,,,,,,,,,,,,,,3.0,3.0,4.0,3.0,3.0,2.0,3.0,5.0,5.0,57.0,68.0,8.0,99.0,54.0,0.87,0.9,1.43,0.87,1.07,6023.0,3277.0,265.0,51.0,9.0,61.0,158.0,81.6,86.3,90.2,88.2,55.6,80.3,81.0,2.6,2.0,1.9,13.7,0.0,13.1,2.5,98.0,91.5,78.7,100.0,63.6,96.4,88.5,100.0,100.0,100.0,100.0,0.0,100.0,100.0,221.0,7.0,6.0,14.0,528.0,16.0,41.0,1.0,834.0,176.0,3.0,2.0,7.0,533.0,12.0,24.0,21.0,1.0,0.0,1.0,70.0,2.0,7.0,8.75,8.2,7.1,7.68,8.23,,,,,,,,,2.4,197.77,0.89,0.84,68.38,0.0,10.52,4.55,4.62,135.39,218.18,126.34,233.33,238.52,201.41,137.97,68.45
2021-07-14,39560,38551.0,757.0,232.0,117.0,18,12.0,5.0,1.0,3.0,43.0,49.0,0.0,163.0,3340.0,1215.0,441007.0,604.0,310.0,8.0,61.0,34.0,5.0,66.27,0.81,0.82,0.84,1.23,230966.0,197453.0,5140.0,0.0,0.0,,,,,,,,,,,,,,,,,3.0,3.0,4.0,3.0,3.0,2.0,3.0,6.0,6.0,58.0,69.0,9.0,100.0,55.0,0.87,0.9,1.43,0.87,1.07,6023.0,3277.0,265.0,51.0,9.0,61.0,158.0,81.6,86.3,90.2,88.2,55.6,80.3,81.0,2.6,2.0,1.9,13.7,0.0,13.1,2.5,98.0,91.5,78.7,100.0,63.6,96.4,88.5,100.0,100.0,100.0,100.0,0.0,100.0,100.0,221.0,7.0,6.0,14.0,528.0,16.0,41.0,1.0,834.0,176.0,3.0,2.0,7.0,533.0,12.0,24.0,21.0,1.0,0.0,1.0,70.0,2.0,7.0,7.18,7.69,6.45,7.58,7.24,,,,,,,,,2.3,197.77,0.85,0.69,66.27,0.0,10.11,1.84,4.18,135.39,218.18,126.34,233.33,238.52,201.41,137.97,60.61
2021-07-15,39649,38627.0,762.0,240.0,112.0,46,27.0,16.0,3.0,7.0,43.0,76.0,5.0,140.0,3480.0,1464.0,442471.0,604.0,305.0,8.0,61.0,35.0,5.0,65.33,0.82,0.83,0.83,2.66,232407.0,199049.0,5151.0,0.0,0.0,,,,,,,,,,,,,,,,,3.0,3.0,4.0,2.0,3.0,3.0,4.0,7.0,7.0,59.0,0.0,10.0,0.0,0.0,0.87,0.9,1.43,0.87,1.07,6023.0,3277.0,265.0,51.0,9.0,61.0,158.0,81.6,86.3,90.2,88.2,55.6,80.3,81.0,2.6,2.0,1.9,13.7,0.0,13.1,2.5,98.0,91.5,78.7,100.0,63.6,96.4,88.5,100.0,100.0,100.0,100.0,0.0,100.0,100.0,221.0,7.0,6.0,14.0,528.0,16.0,41.0,1.0,834.0,176.0,3.0,2.0,7.0,533.0,12.0,24.0,21.0,1.0,0.0,1.0,70.0,2.0,7.0,6.52,6.66,6.35,7.38,6.82,,,,,,,,,2.29,199.07,0.75,2.56,65.33,0.0,9.59,5.0,3.82,135.39,218.18,126.34,233.33,238.52,201.41,137.97,62.7
2021-07-16,39740,38715.0,763.0,242.0,96.0,37,23.0,11.0,3.0,6.0,43.0,88.0,1.0,122.0,3602.0,1205.0,443676.0,604.0,297.0,8.0,61.0,34.0,7.0,64.63,0.82,0.82,0.81,2.57,232427.0,199062.0,5151.0,0.0,0.0,15085.0,214.0,144.0,444.0,28482.0,990.0,2227.0,982.0,130.0,4.0,0.0,2.0,174.0,7.0,10.0,5.0,3.0,3.0,4.0,2.0,3.0,3.0,4.0,8.0,8.0,60.0,1.0,11.0,1.0,1.0,0.87,0.9,1.43,0.87,1.07,6023.0,3277.0,265.0,51.0,9.0,61.0,158.0,81.6,86.3,90.2,88.2,55.6,80.3,81.0,2.6,2.0,1.9,13.7,0.0,13.1,2.5,98.0,91.5,78.7,100.0,63.6,96.4,88.5,100.0,100.0,100.0,100.0,0.0,100.0,100.0,223.0,8.0,6.0,14.0,530.0,16.0,41.0,1.0,839.0,179.0,3.0,2.0,7.0,536.0,12.0,24.0,21.0,1.0,0.0,1.0,71.0,2.0,7.0,5.38,5.36,5.75,7.06,6.35,11603.9,15563.6,9096.7,14800.0,12745.7,16616.3,12802.5,12688.5,2.15,199.33,0.68,0.8,64.63,0.0,8.73,4.92,3.32,137.69,218.18,126.34,233.33,239.86,201.41,137.97,63.22
2021-07-17,39803,38800.0,764.0,219.0,97.0,22,12.0,8.0,2.0,1.0,43.0,85.0,1.0,128.0,3730.0,1304.0,444980.0,604.0,285.0,8.0,61.0,28.0,7.0,63.47,0.84,0.84,0.84,1.61,232778.0,199498.0,5154.0,0.0,0.0,,,,,,,,,,,,,,,,,3.0,3.0,4.0,2.0,3.0,3.0,4.0,9.0,9.0,61.0,2.0,12.0,2.0,2.0,0.86,1.02,1.32,0.48,0.8,6023.0,3277.0,265.0,51.0,9.0,61.0,158.0,81.6,86.3,90.2,88.2,55.6,80.3,81.0,2.6,2.0,1.9,13.7,0.0,13.1,2.5,98.0,91.5,78.7,100.0,63.6,96.4,88.5,100.0,100.0,100.0,100.0,0.0,100.0,100.0,223.0,8.0,6.0,14.0,530.0,16.0,41.0,1.0,839.0,179.0,3.0,2.0,7.0,536.0,12.0,24.0,21.0,1.0,0.0,1.0,71.0,2.0,7.0,6.03,5.91,5.1,6.94,6.23,,,,,,,,,1.91,199.6,0.63,0.59,63.47,0.0,8.02,0.78,3.15,137.69,218.18,126.34,233.33,239.86,201.41,137.97,57.21
2021-07-18,39817,38822.0,764.0,211.0,94.0,20,14.0,5.0,1.0,2.0,43.0,22.0,0.0,103.0,3833.0,1357.0,446337.0,604.0,290.0,8.0,61.0,28.0,6.0,62.3,0.88,0.87,0.86,1.33,232778.0,199502.0,5154.0,0.0,0.0,,,,,,,,,,,,,,,,,3.0,3.0,4.0,2.0,3.0,3.0,4.0,10.0,10.0,62.0,3.0,13.0,3.0,3.0,0.86,1.02,1.32,0.48,0.8,6023.0,3277.0,265.0,51.0,9.0,61.0,158.0,81.6,86.3,90.2,88.2,55.6,80.3,81.0,2.6,2.0,1.9,13.7,0.0,13.1,2.5,98.0,91.5,78.7,100.0,63.6,96.4,88.5,100.0,100.0,100.0,100.0,0.0,100.0,100.0,223.0,8.0,6.0,14.0,530.0,16.0,41.0,1.0,839.0,179.0,3.0,2.0,7.0,536.0,12.0,24.0,21.0,1.0,0.0,1.0,71.0,2.0,7.0,6.19,6.05,4.67,6.96,6.06,,,,,,,,,1.81,199.6,0.63,0.91,62.3,0.0,7.46,1.94,2.85,137.69,218.18,126.34,233.33,239.86,201.41,137.97,55.12
2021-07-19,39835,38851.0,764.0,200.0,94.0,18,11.0,7.0,0.0,2.0,43.0,29.0,0.0,117.0,3950.0,1434.0,447771.0,604.0,275.0,8.0,61.0,21.0,9.0,60.42,0.9,0.89,0.88,1.12,234552.0,200703.0,5158.0,0.0,0.0,15118.0,215.0,144.0,447.0,28579.0,990.0,2233.0,983.0,99.0,4.0,0.0,2.0,168.0,6.0,11.0,4.0,3.0,3.0,4.0,2.0,3.0,3.0,4.0,11.0,11.0,63.0,4.0,14.0,4.0,4.0,0.85,0.94,1.41,0.57,1.1,5222.0,2672.0,337.0,57.0,8.0,41.0,106.0,82.8,88.2,85.8,94.7,100.0,68.3,80.2,2.0,1.5,1.5,0.0,0.0,4.9,2.8,97.0,92.1,87.2,55.6,66.7,96.4,89.2,100.0,97.5,100.0,0.0,0.0,100.0,100.0,223.0,9.0,6.0,14.0,530.0,16.0,41.0,1.0,840.0,179.0,3.0,2.0,7.0,537.0,12.0,24.0,21.0,1.0,0.0,1.0,71.0,2.0,7.0,8.58,8.65,6.21,6.93,5.95,11629.3,15636.4,9096.7,14900.0,12789.1,16616.3,12837.0,12725.3,1.73,199.6,0.65,0.9,60.42,0.0,6.98,1.71,2.96,137.69,218.18,126.34,233.33,240.31,201.41,137.97,52.25
2021-07-20,39928,38954.0,764.0,190.0,81.0,19,13.0,5.0,1.0,5.0,43.0,103.0,0.0,101.0,4051.0,630.0,448401.0,604.0,252.0,8.0,61.0,21.0,10.0,58.55,0.89,0.9,0.9,2.22,236133.0,202242.0,5163.0,0.0,0.0,,,,,,,,,,,,,,,,,3.0,3.0,4.0,2.0,3.0,3.0,4.0,12.0,12.0,64.0,5.0,15.0,5.0,5.0,0.85,0.94,1.41,0.57,1.1,5222.0,2672.0,337.0,57.0,8.0,41.0,106.0,82.8,88.2,85.8,94.7,100.0,68.3,80.2,2.0,1.5,1.5,0.0,0.0,4.9,2.8,97.0,92.1,87.2,55.6,66.7,96.4,89.2,100.0,97.5,100.0,0.0,0.0,100.0,100.0,223.0,9.0,6.0,14.0,530.0,16.0,41.0,1.0,840.0,179.0,3.0,2.0,7.0,537.0,12.0,24.0,21.0,1.0,0.0,1.0,71.0,2.0,7.0,7.15,7.26,6.45,6.8,5.85,,,,,,,,,1.82,199.6,0.64,1.06,58.55,0.0,6.72,4.95,3.02,137.69,218.18,126.34,233.33,240.31,201.41,137.97,49.64
2021-07-21,39988,39028.0,764.0,176.0,94.0,22,18.0,4.0,0.0,9.0,44.0,74.0,0.0,170.0,4221.0,972.0,449373.0,604.0,259.0,8.0,61.0,21.0,13.0,57.38,0.9,0.9,0.89,1.34,237580.0,203865.0,5164.0,0.0,0.0,,,,,,,,,,,,,,,,,3.0,3.0,4.0,2.0,3.0,3.0,4.0,13.0,13.0,65.0,6.0,16.0,6.0,6.0,0.85,0.94,1.41,0.57,1.1,5222.0,2672.0,337.0,57.0,8.0,41.0,106.0,82.8,88.2,85.8,94.7,100.0,68.3,80.2,2.0,1.5,1.5,0.0,0.0,4.9,2.8,97.0,92.1,87.2,55.6,66.7,96.4,89.2,100.0,97.5,100.0,0.0,0.0,100.0,100.0,223.0,9.0,6.0,14.0,530.0,16.0,41.0,1.0,840.0,179.0,3.0,2.0,7.0,537.0,12.0,24.0,21.0,1.0,0.0,1.0,71.0,2.0,7.0,6.67,6.91,4.78,6.68,5.61,,,,,,,,,1.84,199.6,0.68,1.16,57.38,0.0,6.87,5.29,3.51,137.69,218.18,126.34,233.33,240.31,201.41,137.97,45.98
2021-07-22,40067,39092.0,768.0,186.0,91.0,35,25.0,9.0,1.0,3.0,44.0,64.0,4.0,193.0,4414.0,1942.0,451315.0,604.0,237.0,8.0,58.0,21.0,13.0,56.38,0.9,0.91,0.89,1.65,239505.0,205573.0,5165.0,0.0,0.0,,,,,,,,,,,,,,,,,3.0,3.0,4.0,2.0,3.0,3.0,4.0,14.0,14.0,66.0,7.0,17.0,7.0,7.0,0.85,0.94,1.41,0.57,1.1,5222.0,2672.0,337.0,57.0,8.0,41.0,106.0,82.8,88.2,85.8,94.7,100.0,68.3,80.2,2.0,1.5,1.5,0.0,0.0,4.9,2.8,97.0,92.1,87.2,55.6,66.7,96.4,89.2,100.0,97.5,100.0,0.0,0.0,100.0,100.0,223.0,9.0,6.0,14.0,530.0,16.0,41.0,1.0,840.0,179.0,3.0,2.0,7.0,537.0,12.0,24.0,21.0,1.0,0.0,1.0,71.0,2.0,7.0,5.64,6.03,4.78,6.6,5.39,,,,,,,,,1.69,200.64,0.67,1.59,56.38,0.0,6.46,1.55,3.02,137.69,218.18,126.34,233.33,240.31,201.41,137.97,48.59
2021-07-23,40095,39119.0,771.0,184.0,93.0,28,20.0,7.0,1.0,8.0,45.0,27.0,3.0,172.0,4586.0,1123.0,452438.0,604.0,213.0,8.0,58.0,21.0,11.0,54.66,0.93,0.94,0.89,1.78,241191.0,207134.0,5166.0,0.0,0.0,15179.0,219.0,145.0,452.0,28791.0,999.0,2240.0,986.0,91.0,0.0,0.0,3.0,164.0,9.0,4.0,7.0,3.0,3.0,4.0,2.0,3.0,3.0,4.0,15.0,15.0,67.0,8.0,18.0,8.0,8.0,0.85,0.94,1.41,0.57,1.1,5222.0,2672.0,337.0,57.0,8.0,41.0,106.0,82.8,88.2,85.8,94.7,100.0,68.3,80.2,2.0,1.5,1.5,0.0,0.0,4.9,2.8,97.0,92.1,87.2,55.6,66.7,96.4,89.2,100.0,97.5,100.0,0.0,0.0,100.0,100.0,225.0,9.0,6.0,15.0,537.0,16.0,41.0,1.0,850.0,179.0,3.0,2.0,7.0,544.0,12.0,24.0,21.0,1.0,0.0,1.0,72.0,2.0,7.0,6.03,6.21,4.3,6.72,5.18,11676.2,15927.3,9159.8,15066.7,12884.0,16767.4,12877.3,12804.2,1.58,201.42,0.7,0.8,54.66,0.0,6.12,4.65,2.98,137.69,218.18,126.34,233.33,243.44,201.41,137.97,48.07
2021-07-24,40125,39153.0,771.0,180.0,94.0,30,22.0,8.0,0.0,7.0,45.0,34.0,0.0,165.0,4751.0,1244.0,453682.0,604.0,253.0,8.0,55.0,22.0,13.0,55.56,0.91,0.93,0.92,1.85,241610.0,207420.0,5166.0,0.0,0.0,,,,,,,,,,,,,,,,,3.0,3.0,4.0,2.0,3.0,3.0,4.0,16.0,16.0,68.0,9.0,19.0,9.0,9.0,0.88,1.02,1.32,0.49,0.89,5222.0,2672.0,337.0,57.0,8.0,41.0,106.0,82.8,88.2,85.8,94.7,100.0,68.3,80.2,2.0,1.5,1.5,0.0,0.0,4.9,2.8,97.0,92.1,87.2,55.6,66.7,96.4,89.2,100.0,97.5,100.0,0.0,0.0,100.0,100.0,225.0,9.0,6.0,15.0,537.0,16.0,41.0,1.0,850.0,179.0,3.0,2.0,7.0,544.0,12.0,24.0,21.0,1.0,0.0,1.0,72.0,2.0,7.0,4.3,4.77,4.88,6.55,5.15,,,,,,,,,1.61,201.42,0.8,1.07,55.56,0.0,6.42,4.24,3.48,137.69,218.18,126.34,233.33,243.44,201.41,137.97,47.03
2021-07-25,40150,39182.0,772.0,175.0,92.0,25,16.0,8.0,1.0,6.0,45.0,29.0,1.0,158.0,4909.0,1453.0,455135.0,604.0,254.0,8.0,55.0,19.0,13.0,55.91,0.91,0.93,0.92,1.31,241623.0,207428.0,5166.0,0.0,0.0,,,,,,,,,,,,,,,,,3.0,3.0,4.0,2.0,3.0,3.0,4.0,17.0,17.0,69.0,10.0,20.0,10.0,10.0,0.88,1.02,1.32,0.49,0.89,5222.0,2672.0,337.0,57.0,8.0,41.0,106.0,82.8,88.2,85.8,94.7,100.0,68.3,80.2,2.0,1.5,1.5,0.0,0.0,4.9,2.8,97.0,92.1,87.2,55.6,66.7,96.4,89.2,100.0,97.5,100.0,0.0,0.0,100.0,100.0,225.0,9.0,6.0,15.0,537.0,16.0,41.0,1.0,850.0,179.0,3.0,2.0,7.0,544.0,12.0,24.0,21.0,1.0,0.0,1.0,72.0,2.0,7.0,5.13,5.3,3.68,6.45,5.01,,,,,,,,,1.61,201.69,0.88,0.83,55.91,0.0,6.61,3.8,3.74,137.69,218.18,126.34,233.33,243.44,201.41,137.97,45.72
2021-07-26,40184,39208.0,775.0,180.0,81.0,34,29.0,3.0,2.0,7.0,46.0,26.0,3.0,122.0,5031.0,2010.0,457145.0,604.0,230.0,8.0,55.0,17.0,11.0,56.15,0.93,0.94,1.02,1.34,243280.0,208371.0,5173.0,0.0,0.0,15231.0,219.0,145.0,452.0,28839.0,999.0,2243.0,988.0,104.0,0.0,0.0,2.0,134.0,7.0,5.0,5.0,3.0,3.0,4.0,2.0,3.0,3.0,4.0,18.0,18.0,70.0,11.0,21.0,11.0,11.0,0.85,0.94,1.37,0.56,1.07,5696.0,2899.0,385.0,29.0,8.0,41.0,129.0,83.6,86.6,84.9,96.6,50.0,80.5,82.9,1.7,1.7,0.3,0.0,0.0,0.0,2.3,95.1,89.6,88.1,100.0,41.7,67.6,90.9,100.0,100.0,100.0,0.0,0.0,0.0,100.0,227.0,9.0,6.0,15.0,540.0,16.0,41.0,1.0,855.0,181.0,3.0,2.0,7.0,546.0,12.0,24.0,21.0,1.0,0.0,1.0,73.0,2.0,7.0,8.98,8.41,8.44,6.41,5.33,11716.2,15927.3,9159.8,15066.7,12905.5,16767.4,12894.5,12831.6,1.64,202.47,1.03,1.36,56.15,0.0,7.2,5.74,4.32,139.23,218.18,126.34,233.33,244.34,201.41,137.97,47.03
2021-07-27,40192,39229.0,775.0,167.0,74.0,10,8.0,1.0,1.0,4.0,46.0,21.0,0.0,121.0,5152.0,1260.0,458405.0,604.0,233.0,8.0,55.0,17.0,14.0,56.95,0.93,0.96,1.01,0.48,244844.0,209436.0,5180.0,0.0,0.0,,,,,,,,,,,,,,,,,3.0,3.0,4.0,2.0,3.0,3.0,4.0,19.0,19.0,71.0,12.0,22.0,12.0,12.0,0.85,0.94,1.37,0.56,1.07,5696.0,2899.0,385.0,29.0,8.0,41.0,129.0,83.6,86.6,84.9,96.6,50.0,80.5,82.9,1.7,1.7,0.3,0.0,0.0,0.0,2.3,95.1,89.6,88.1,100.0,41.7,67.6,90.9,100.0,100.0,100.0,0.0,0.0,0.0,100.0,227.0,9.0,6.0,15.0,540.0,16.0,41.0,1.0,855.0,181.0,3.0,2.0,7.0,546.0,12.0,24.0,21.0,1.0,0.0,1.0,73.0,2.0,7.0,6.5,7.51,5.54,6.45,5.2,,,,,,,,,1.39,202.47,1.02,0.29,56.95,0.0,6.87,3.31,4.08,139.23,218.18,126.34,233.33,244.34,201.41,137.97,43.63
2021-07-28,40200,39244.0,775.0,160.0,98.0,8,5.0,3.0,0.0,3.0,46.0,15.0,0.0,162.0,5314.0,964.0,459369.0,604.0,255.0,8.0,55.0,15.0,13.0,56.26,0.97,0.99,1.05,0.52,246147.0,210376.0,5181.0,0.0,0.0,,,,,,,,,,,,,,,,,3.0,3.0,4.0,3.0,3.0,3.0,4.0,20.0,20.0,72.0,0.0,23.0,13.0,13.0,0.85,0.94,1.37,0.56,1.07,5696.0,2899.0,385.0,29.0,8.0,41.0,129.0,83.6,86.6,84.9,96.6,50.0,80.5,82.9,1.7,1.7,0.3,0.0,0.0,0.0,2.3,95.1,89.6,88.1,100.0,41.7,67.6,90.9,100.0,100.0,100.0,0.0,0.0,0.0,100.0,227.0,9.0,6.0,15.0,540.0,16.0,41.0,1.0,855.0,181.0,3.0,2.0,7.0,546.0,12.0,24.0,21.0,1.0,0.0,1.0,73.0,2.0,7.0,7.92,8.01,5.83,6.61,5.35,,,,,,,,,1.27,202.47,0.92,0.8,56.26,0.0,6.34,1.85,3.59,139.23,218.18,126.34,233.33,244.34,201.41,137.97,41.8
2021-07-29,40240,39266.0,779.0,174.0,83.0,40,29.0,10.0,1.0,4.0,46.0,22.0,4.0,176.0,5490.0,2194.0,461563.0,604.0,250.0,8.0,55.0,15.0,14.0,55.41,1.01,1.01,1.11,1.64,247263.0,211533.0,5181.0,0.0,0.0,,,,,,,,,,,,,,,,,3.0,3.0,4.0,3.0,3.0,3.0,4.0,21.0,21.0,73.0,1.0,24.0,14.0,14.0,0.85,0.94,1.37,0.56,1.07,5696.0,2899.0,385.0,29.0,8.0,41.0,129.0,83.6,86.6,84.9,96.6,50.0,80.5,82.9,1.7,1.7,0.3,0.0,0.0,0.0,2.3,95.1,89.6,88.1,100.0,41.7,67.6,90.9,100.0,100.0,100.0,0.0,0.0,0.0,100.0,227.0,9.0,6.0,15.0,540.0,16.0,41.0,1.0,855.0,181.0,3.0,2.0,7.0,546.0,12.0,24.0,21.0,1.0,0.0,1.0,73.0,2.0,7.0,6.86,7.06,6.74,6.75,5.63,,,,,,,,,1.27,203.51,1.01,5.0,55.41,0.0,6.53,2.27,3.69,139.23,218.18,126.34,233.33,244.34,201.41,137.97,45.46
2021-07-30,40265,39282.0,782.0,180.0,80.0,29,18.0,11.0,0.0,2.0,46.0,16.0,3.0,181.0,5671.0,1365.0,462928.0,604.0,243.0,8.0,55.0,10.0,20.0,55.32,0.99,1.0,1.13,1.98,248355.0,212478.0,5181.0,0.0,0.0,15273.0,220.0,145.0,452.0,28911.0,1000.0,2247.0,984.0,99.0,1.0,0.0,2.0,137.0,4.0,5.0,3.0,3.0,3.0,4.0,3.0,3.0,3.0,4.0,22.0,22.0,74.0,2.0,25.0,15.0,15.0,0.85,0.94,1.37,0.56,1.07,5696.0,2899.0,385.0,29.0,8.0,41.0,129.0,83.6,86.6,84.9,96.6,50.0,80.5,82.9,1.7,1.7,0.3,0.0,0.0,0.0,2.3,95.1,89.6,88.1,100.0,41.7,67.6,90.9,100.0,100.0,100.0,0.0,0.0,0.0,100.0,231.0,9.0,6.0,15.0,543.0,16.0,41.0,1.0,862.0,184.0,3.0,2.0,7.0,549.0,13.0,24.0,21.0,1.0,0.0,1.0,73.0,2.0,7.0,5.38,5.57,5.0,6.66,5.73,11748.6,16000.0,9159.8,15066.7,12937.7,16784.2,12917.5,12861.9,1.3,204.3,1.07,0.72,55.32,0.0,6.57,1.1,3.19,141.54,218.18,126.34,233.33,245.68,218.19,137.97,47.03
2021-07-31,40311,39315.0,782.0,193.0,75.0,46,33.0,9.0,4.0,11.0,46.0,33.0,0.0,148.0,5819.0,1127.0,464055.0,604.0,238.0,8.0,55.0,9.0,22.0,54.29,1.06,1.06,1.17,3.11,248725.0,212695.0,5181.0,0.0,0.0,,,,,,,,,,,,,,,,,3.0,4.0,4.0,3.0,3.0,3.0,4.0,23.0,0.0,75.0,3.0,26.0,16.0,16.0,0.89,1.04,1.44,0.52,0.89,5696.0,2899.0,385.0,29.0,8.0,41.0,129.0,83.6,86.6,84.9,96.6,50.0,80.5,82.9,1.7,1.7,0.3,0.0,0.0,0.0,2.3,95.1,89.6,88.1,100.0,41.7,67.6,90.9,100.0,100.0,100.0,0.0,0.0,0.0,100.0,231.0,9.0,6.0,15.0,543.0,16.0,41.0,1.0,862.0,184.0,3.0,2.0,7.0,549.0,13.0,24.0,21.0,1.0,0.0,1.0,73.0,2.0,7.0,7.5,7.43,6.79,7.04,6.0,,,,,,,,,1.48,204.3,1.12,1.59,54.29,0.0,7.17,7.43,3.64,141.54,218.18,126.34,233.33,245.68,218.19,137.97,50.42
2021-08-01,40334,39337.0,784.0,189.0,81.0,23,18.0,4.0,1.0,5.0,48.0,22.0,2.0,144.0,5963.0,1196.0,465251.0,604.0,257.0,8.0,47.0,9.0,16.0,53.57,1.06,1.05,1.2,1.51,248738.0,212698.0,5181.0,0.0,0.0,,,,,,,,,,,,,,,,,3.0,4.0,4.0,3.0,3.0,3.0,4.0,24.0,1.0,76.0,4.0,27.0,17.0,17.0,0.89,1.04,1.44,0.52,0.89,5696.0,2899.0,385.0,29.0,8.0,41.0,129.0,83.6,86.6,84.9,96.6,50.0,80.5,82.9,1.7,1.7,0.3,0.0,0.0,0.0,2.3,95.1,89.6,88.1,100.0,41.7,67.6,90.9,100.0,100.0,100.0,0.0,0.0,0.0,100.0,231.0,9.0,6.0,15.0,543.0,16.0,41.0,1.0,862.0,184.0,3.0,2.0,7.0,549.0,13.0,24.0,21.0,1.0,0.0,1.0,73.0,2.0,7.0,5.53,5.58,6.04,7.08,6.34,,,,,,,,,1.51,204.82,1.07,0.5,53.57,0.0,7.09,3.47,3.6,141.54,218.18,126.34,233.33,245.68,218.19,137.97,49.38
2021-08-02,40352,39360.0,787.0,182.0,76.0,18,14.0,3.0,1.0,5.0,49.0,23.0,3.0,129.0,6092.0,1969.0,467220.0,553.0,229.0,7.0,47.0,8.0,19.0,54.51,1.04,1.05,1.26,0.66,249803.0,213559.0,5181.0,0.0,0.0,15322.0,220.0,145.0,452.0,28955.0,1000.0,2252.0,987.0,106.0,1.0,0.0,0.0,129.0,1.0,8.0,4.0,3.0,4.0,4.0,3.0,3.0,3.0,4.0,25.0,2.0,77.0,5.0,28.0,18.0,18.0,0.84,0.95,1.4,0.57,0.97,6267.0,3242.0,453.0,43.0,501.0,48.0,117.0,80.7,85.1,85.0,100.0,97.6,70.8,76.9,1.6,1.2,1.7,2.4,7.1,0.0,0.9,99.2,92.8,99.5,100.0,84.6,97.2,97.6,99.2,92.8,99.5,100.0,84.6,97.2,97.6,233.0,9.0,6.0,15.0,549.0,16.0,41.0,1.0,870.0,184.0,3.0,2.0,7.0,549.0,13.0,24.0,21.0,1.0,0.0,1.0,73.0,2.0,7.0,8.67,8.87,11.29,7.15,6.75,11786.2,16000.0,9159.8,15066.7,12957.4,16784.2,12946.2,12888.3,1.41,205.6,0.9,0.78,54.51,0.0,6.49,3.88,3.33,141.54,218.18,126.34,233.33,245.68,218.19,137.97,47.55
2021-08-03,40393,39384.0,787.0,199.0,67.0,42,10.0,27.0,5.0,2.0,49.0,24.0,0.0,111.0,6203.0,1259.0,468479.0,553.0,214.0,7.0,47.0,8.0,20.0,54.97,1.06,1.04,1.32,3.18,251101.0,214628.0,5181.0,0.0,0.0,,,,,,,,,,,,,,,,,3.0,4.0,4.0,3.0,3.0,3.0,4.0,26.0,3.0,78.0,6.0,29.0,19.0,19.0,0.84,0.95,1.4,0.57,0.97,6267.0,3242.0,453.0,43.0,501.0,48.0,117.0,80.7,85.1,85.0,100.0,97.6,70.8,76.9,1.6,1.2,1.7,2.4,7.1,0.0,0.9,99.2,92.8,99.5,100.0,84.6,97.2,97.6,99.2,92.8,99.5,100.0,84.6,97.2,97.6,233.0,9.0,6.0,15.0,549.0,16.0,41.0,1.0,870.0,184.0,3.0,2.0,7.0,549.0,13.0,24.0,21.0,1.0,0.0,1.0,73.0,2.0,7.0,7.84,7.41,9.69,7.13,7.34,,,,,,,,,1.8,205.6,1.12,2.33,54.97,0.0,7.69,1.8,3.12,141.54,218.18,126.34,233.33,245.68,218.19,137.97,51.99
2021-08-04,40428,39435.0,787.0,183.0,78.0,15,11.0,1.0,3.0,4.0,49.0,51.0,0.0,144.0,6347.0,957.0,469436.0,553.0,223.0,7.0,47.0,8.0,20.0,56.2,1.05,1.02,1.38,1.15,251694.0,216049.0,5181.0,0.0,0.0,,,,,,,,,,,,,,,,,3.0,4.0,4.0,3.0,3.0,4.0,4.0,27.0,4.0,79.0,7.0,30.0,0.0,20.0,0.84,0.95,1.4,0.57,0.97,6267.0,3242.0,453.0,43.0,501.0,48.0,117.0,80.7,85.1,85.0,100.0,97.6,70.8,76.9,1.6,1.2,1.7,2.4,7.1,0.0,0.9,99.2,92.8,99.5,100.0,84.6,97.2,97.6,99.2,92.8,99.5,100.0,84.6,97.2,97.6,233.0,9.0,6.0,15.0,549.0,16.0,41.0,1.0,870.0,184.0,3.0,2.0,7.0,549.0,13.0,24.0,21.0,1.0,0.0,1.0,73.0,2.0,7.0,7.69,7.53,10.78,7.06,8.05,,,,,,,,,1.89,205.6,1.25,0.36,56.2,0.0,7.95,2.78,3.25,141.54,218.18,126.34,233.33,245.68,218.19,137.97,47.81
2021-08-05,40454,39443.0,791.0,196.0,76.0,26,18.0,7.0,1.0,9.0,49.0,8.0,4.0,157.0,6504.0,1737.0,471173.0,508.0,235.0,6.0,47.0,9.0,23.0,58.4,1.02,1.0,1.29,0.98,252102.0,217119.0,5181.0,0.0,0.0,,,,,,,,,,,,,,,,,3.0,4.0,4.0,3.0,3.0,4.0,4.0,28.0,5.0,80.0,8.0,31.0,1.0,21.0,0.84,0.95,1.4,0.57,0.97,6267.0,3242.0,453.0,43.0,501.0,48.0,117.0,80.7,85.1,85.0,100.0,97.6,70.8,76.9,1.6,1.2,1.7,2.4,7.1,0.0,0.9,99.2,92.8,99.5,100.0,84.6,97.2,97.6,99.2,92.8,99.5,100.0,84.6,97.2,97.6,233.0,9.0,6.0,15.0,549.0,16.0,41.0,1.0,870.0,184.0,3.0,2.0,7.0,549.0,13.0,24.0,21.0,1.0,0.0,1.0,73.0,2.0,7.0,5.84,5.96,6.45,6.91,8.01,,,,,,,,,1.79,206.65,1.14,1.73,58.4,0.0,7.43,5.73,3.74,141.54,218.18,126.34,233.33,245.68,218.19,137.97,51.21
2021-08-06,40521,39487.0,792.0,218.0,71.0,40,24.0,4.0,12.0,11.0,49.0,44.0,1.0,159.0,6663.0,1795.0,472968.0,508.0,257.0,6.0,47.0,9.0,20.0,59.42,1.07,1.05,1.34,1.62,252422.0,218306.0,5181.0,0.0,0.0,15410.0,221.0,145.0,455.0,29036.0,1001.0,2263.0,997.0,138.0,1.0,0.0,1.0,114.0,2.0,13.0,14.0,3.0,4.0,4.0,3.0,3.0,4.0,4.0,29.0,6.0,81.0,9.0,32.0,2.0,22.0,0.84,0.95,1.4,0.57,0.97,6267.0,3242.0,453.0,43.0,501.0,48.0,117.0,80.7,85.1,85.0,100.0,97.6,70.8,76.9,1.6,1.2,1.7,2.4,7.1,0.0,0.9,99.2,92.8,99.5,100.0,84.6,97.2,97.6,99.2,92.8,99.5,100.0,84.6,97.2,97.6,233.0,10.0,6.0,15.0,554.0,16.0,41.0,1.0,876.0,184.0,4.0,2.0,7.0,558.0,13.0,24.0,22.0,1.0,0.0,1.0,73.0,2.0,7.0,8.28,8.0,10.03,7.25,8.72,11853.9,16072.7,9159.8,15166.7,12993.6,16800.9,13009.5,12939.3,1.74,206.91,1.19,1.54,59.42,0.0,7.84,6.92,4.57,141.54,290.91,126.34,233.33,249.71,218.19,137.97,56.95
2021-08-07,40551,39524.0,793.0,210.0,64.0,30,13.0,17.0,0.0,1.0,49.0,37.0,1.0,203.0,6866.0,1395.0,474363.0,508.0,222.0,6.0,47.0,9.0,20.0,60.18,1.04,1.03,1.26,2.08,252564.0,218651.0,5181.0,0.0,0.0,,,,,,,,,,,,,,,,,3.0,4.0,4.0,3.0,4.0,4.0,4.0,30.0,7.0,82.0,10.0,0.0,3.0,23.0,0.91,1.05,1.35,0.64,0.83,6267.0,3242.0,453.0,43.0,501.0,48.0,117.0,80.7,85.1,85.0,100.0,97.6,70.8,76.9,1.6,1.2,1.7,2.4,7.1,0.0,0.9,99.2,92.8,99.5,100.0,84.6,97.2,97.6,99.2,92.8,99.5,100.0,84.6,97.2,97.6,233.0,10.0,6.0,15.0,554.0,16.0,41.0,1.0,876.0,184.0,4.0,2.0,7.0,558.0,13.0,24.0,22.0,1.0,0.0,1.0,73.0,2.0,7.0,6.6,7.08,6.09,7.2,8.62,,,,,,,,,1.59,207.17,1.01,0.75,60.18,0.0,7.24,0.49,3.58,141.54,290.91,126.34,233.33,249.71,218.19,137.97,54.86
2021-08-08,40570,39557.0,793.0,196.0,57.0,20,14.0,2.0,4.0,3.0,49.0,33.0,0.0,142.0,7008.0,1512.0,475875.0,508.0,221.0,6.0,47.0,7.0,21.0,61.09,1.03,1.02,1.21,1.12,252568.0,218653.0,5181.0,0.0,0.0,,,,,,,,,,,,,,,,,3.0,4.0,4.0,3.0,4.0,4.0,4.0,31.0,8.0,83.0,11.0,1.0,4.0,24.0,0.91,1.05,1.35,0.64,0.83,6267.0,3242.0,453.0,43.0,501.0,48.0,117.0,80.7,85.1,85.0,100.0,97.6,70.8,76.9,1.6,1.2,1.7,2.4,7.1,0.0,0.9,99.2,92.8,99.5,100.0,84.6,97.2,97.6,99.2,92.8,99.5,100.0,84.6,97.2,97.6,233.0,10.0,6.0,15.0,554.0,16.0,41.0,1.0,876.0,184.0,4.0,2.0,7.0,558.0,13.0,24.0,22.0,1.0,0.0,1.0,73.0,2.0,7.0,5.15,5.43,6.0,7.18,8.62,,,,,,,,,1.54,207.17,1.01,0.67,61.09,0.0,7.13,2.11,3.39,141.54,290.91,126.34,233.33,249.71,218.19,137.97,51.21
2021-08-09,40597,39587.0,794.0,192.0,66.0,23,11.0,8.0,4.0,3.0,49.0,30.0,1.0,117.0,7125.0,2132.0,478007.0,508.0,209.0,6.0,47.0,7.0,21.0,61.4,1.09,1.08,1.13,0.94,253608.0,219920.0,5182.0,0.0,0.0,15462.0,221.0,145.0,455.0,29073.0,1004.0,2271.0,994.0,133.0,0.0,0.0,1.0,91.0,4.0,17.0,11.0,3.0,4.0,4.0,3.0,4.0,4.0,4.0,32.0,9.0,84.0,12.0,2.0,5.0,25.0,0.86,0.95,1.4,0.57,0.94,5802.0,4174.0,421.0,24.0,501.0,53.0,165.0,80.7,89.4,78.6,58.3,99.0,84.9,74.5,1.4,2.2,2.7,5.9,0.0,2.0,0.0,99.5,94.0,99.0,100.0,100.0,100.0,100.0,99.5,94.0,99.0,100.0,100.0,100.0,100.0,236.0,10.0,6.0,15.0,554.0,16.0,41.0,1.0,879.0,185.0,4.0,3.0,7.0,558.0,13.0,24.0,22.0,1.0,0.0,1.0,73.0,2.0,7.0,11.96,11.78,8.48,7.6,8.22,11893.9,16072.7,9159.8,15166.7,13010.2,16851.3,13055.5,12964.6,1.58,207.43,1.13,1.15,61.4,0.0,7.32,2.56,3.2,142.31,290.91,189.51,233.33,249.71,218.19,137.97,50.16
2021-08-10,40625,39612.0,794.0,195.0,73.0,28,8.0,17.0,3.0,4.0,49.0,25.0,0.0,140.0,7265.0,1677.0,479684.0,508.0,216.0,6.0,47.0,7.0,23.0,62.01,1.05,1.05,1.11,1.43,254498.0,220511.0,5184.0,0.0,0.0,,,,,,,,,,,,,,,,,3.0,4.0,4.0,3.0,4.0,4.0,4.0,33.0,10.0,85.0,13.0,3.0,6.0,26.0,0.86,0.95,1.4,0.57,0.94,5802.0,4174.0,421.0,24.0,501.0,53.0,165.0,80.7,89.4,78.6,58.3,99.0,84.9,74.5,1.4,2.2,2.7,5.9,0.0,2.0,0.0,99.5,94.0,99.0,100.0,100.0,100.0,100.0,99.5,94.0,99.0,100.0,100.0,100.0,100.0,236.0,10.0,6.0,15.0,554.0,16.0,41.0,1.0,879.0,185.0,4.0,3.0,7.0,558.0,13.0,24.0,22.0,1.0,0.0,1.0,73.0,2.0,7.0,6.57,6.6,9.09,7.48,8.13,,,,,,,,,1.33,207.43,0.88,1.22,62.01,0.0,6.79,2.86,3.35,142.31,290.91,189.51,233.33,249.71,218.19,137.97,50.94
2021-08-11,40666,39646.0,794.0,202.0,86.0,19,11.0,2.0,6.0,6.0,49.0,34.0,0.0,213.0,7478.0,1324.0,481008.0,508.0,229.0,6.0,47.0,6.0,23.0,62.31,1.0,0.99,1.06,0.98,254817.0,221781.0,5186.0,676.0,0.0,,,,,,,,,,,,,,,,,3.0,4.0,4.0,4.0,4.0,4.0,4.0,34.0,11.0,86.0,0.0,4.0,7.0,27.0,0.86,0.95,1.4,0.57,0.94,5802.0,4174.0,421.0,24.0,501.0,53.0,165.0,80.7,89.4,78.6,58.3,99.0,84.9,74.5,1.4,2.2,2.7,5.9,0.0,2.0,0.0,99.5,94.0,99.0,100.0,100.0,100.0,100.0,99.5,94.0,99.0,100.0,100.0,100.0,100.0,236.0,10.0,6.0,15.0,554.0,16.0,41.0,1.0,879.0,185.0,4.0,3.0,7.0,558.0,13.0,24.0,22.0,1.0,0.0,1.0,73.0,2.0,7.0,5.7,5.12,9.09,7.14,7.89,,,,,,,,,1.31,207.43,0.87,0.68,62.31,0.0,6.94,2.82,3.36,142.31,290.91,189.51,233.33,249.71,218.19,137.97,52.77
2021-08-12,40755,39715.0,796.0,219.0,87.0,72,18.0,35.0,19.0,4.0,50.0,69.0,2.0,169.0,7647.0,1870.0,482878.0,508.0,238.0,6.0,39.0,5.0,15.0,59.91,0.99,0.97,1.04,3.64,255094.0,222679.0,5186.0,1580.0,0.0,,,,,,,,,,,,,,,,,3.0,4.0,4.0,4.0,4.0,4.0,4.0,35.0,12.0,87.0,1.0,5.0,8.0,28.0,0.86,0.95,1.4,0.57,0.94,5802.0,4174.0,421.0,24.0,501.0,53.0,165.0,80.7,89.4,78.6,58.3,99.0,84.9,74.5,1.4,2.2,2.7,5.9,0.0,2.0,0.0,99.5,94.0,99.0,100.0,100.0,100.0,100.0,99.5,94.0,99.0,100.0,100.0,100.0,100.0,236.0,10.0,6.0,15.0,554.0,16.0,41.0,1.0,879.0,185.0,4.0,3.0,7.0,558.0,13.0,24.0,22.0,1.0,0.0,1.0,73.0,2.0,7.0,5.31,4.69,5.39,6.96,7.74,,,,,,,,,1.69,207.96,1.17,3.79,59.91,0.0,8.66,2.37,2.88,142.31,290.91,189.51,233.33,249.71,218.19,137.97,57.21
2021-08-13,40734,39686.0,796.0,225.0,99.0,15,9.0,4.0,2.0,7.0,50.0,0.0,0.0,184.0,7831.0,1416.0,484294.0,508.0,237.0,6.0,39.0,3.0,17.0,58.42,0.91,0.89,0.98,0.56,255362.0,223201.0,5190.0,2572.0,0.0,15580.0,221.0,145.0,455.0,29198.0,1004.0,2289.0,923.0,176.0,0.0,0.0,0.0,110.0,3.0,29.0,4.0,3.0,4.0,4.0,4.0,4.0,4.0,4.0,36.0,13.0,88.0,2.0,6.0,9.0,29.0,0.86,0.95,1.4,0.57,0.94,5802.0,4174.0,421.0,24.0,501.0,53.0,165.0,80.7,89.4,78.6,58.3,99.0,84.9,74.5,1.4,2.2,2.7,5.9,0.0,2.0,0.0,99.5,94.0,99.0,100.0,100.0,100.0,100.0,99.5,94.0,99.0,100.0,100.0,100.0,100.0,239.0,10.0,6.0,15.0,556.0,16.0,41.0,1.0,884.0,186.0,4.0,3.0,7.0,559.0,13.0,24.0,22.0,1.0,0.0,1.0,73.0,2.0,7.0,4.28,4.05,5.83,6.39,7.14,11984.7,16072.7,9159.8,15166.7,13066.1,16851.3,13159.0,13014.2,1.54,207.96,0.99,0.21,58.42,0.0,7.73,3.8,2.43,143.08,290.91,189.51,233.33,250.15,218.19,137.97,58.78
2021-08-14,40756,39717.0,797.0,215.0,93.0,21,14.0,7.0,0.0,2.0,50.0,31.0,1.0,568.0,8399.0,1158.0,485452.0,508.0,223.0,6.0,39.0,4.0,19.0,58.03,0.87,0.84,0.97,1.64,255499.0,223431.0,5190.0,2649.0,0.0,,,,,,,,,,,,,,,,,3.0,4.0,4.0,4.0,4.0,4.0,4.0,37.0,14.0,89.0,3.0,7.0,10.0,30.0,0.96,1.07,1.47,0.55,0.85,5802.0,4174.0,421.0,24.0,501.0,53.0,165.0,80.7,89.4,78.6,58.3,99.0,84.9,74.5,1.4,2.2,2.7,5.9,0.0,2.0,0.0,99.5,94.0,99.0,100.0,100.0,100.0,100.0,99.5,94.0,99.0,100.0,100.0,100.0,100.0,239.0,10.0,6.0,15.0,556.0,16.0,41.0,1.0,884.0,186.0,4.0,3.0,7.0,559.0,13.0,24.0,22.0,1.0,0.0,1.0,73.0,2.0,7.0,3.69,3.65,4.84,5.9,6.96,,,,,,,,,1.47,208.22,1.02,1.4,58.03,0.0,7.39,0.35,2.41,143.08,290.91,189.51,233.33,250.15,218.19,137.97,56.17
2021-08-15,40776,39742.0,797.0,209.0,93.0,20,7.0,10.0,3.0,5.0,50.0,25.0,0.0,316.0,8715.0,1321.0,486773.0,508.0,247.0,6.0,39.0,4.0,19.0,57.95,0.86,0.84,0.93,1.14,255500.0,223439.0,5190.0,2649.0,0.0,,,,,,,,,,,,,,,,,3.0,4.0,4.0,4.0,4.0,4.0,4.0,38.0,15.0,90.0,4.0,8.0,11.0,31.0,0.96,1.07,1.47,0.55,0.85,5802.0,4174.0,421.0,24.0,501.0,53.0,165.0,80.7,89.4,78.6,58.3,99.0,84.9,74.5,1.4,2.2,2.7,5.9,0.0,2.0,0.0,99.5,94.0,99.0,100.0,100.0,100.0,100.0,99.5,94.0,99.0,100.0,100.0,100.0,100.0,239.0,10.0,6.0,15.0,556.0,16.0,41.0,1.0,884.0,186.0,4.0,3.0,7.0,559.0,13.0,24.0,22.0,1.0,0.0,1.0,73.0,2.0,7.0,3.46,3.75,3.39,5.66,6.59,,,,,,,,,1.48,208.22,1.04,0.95,57.95,0.0,7.39,1.58,2.33,143.08,290.91,189.51,233.33,250.15,218.19,137.97,54.6
2021-08-16,40789,39775.0,798.0,189.0,100.0,16,12.0,2.0,2.0,1.0,50.0,33.0,1.0,177.0,8892.0,2133.0,488906.0,508.0,226.0,6.0,39.0,4.0,19.0,57.86,0.74,0.73,0.9,0.7,256409.0,224228.0,5190.0,4416.0,0.0,15601.0,222.0,146.0,459.0,29238.0,1007.0,2295.0,927.0,136.0,1.0,1.0,4.0,110.0,5.0,24.0,7.0,3.0,4.0,4.0,4.0,4.0,4.0,4.0,39.0,16.0,91.0,5.0,9.0,12.0,32.0,0.88,0.95,1.38,0.56,0.88,6232.0,4014.0,419.0,42.0,567.0,95.0,120.0,81.7,88.9,70.6,90.5,98.9,91.6,70.8,1.3,1.8,3.4,2.4,10.0,3.3,0.0,99.2,92.1,99.7,100.0,91.7,100.0,100.0,99.2,92.1,99.7,100.0,91.7,100.0,100.0,240.0,10.0,6.0,15.0,557.0,16.0,41.0,1.0,886.0,186.0,4.0,3.0,7.0,561.0,13.0,24.0,22.0,1.0,0.0,1.0,73.0,2.0,7.0,5.52,5.46,6.18,4.76,6.26,12000.9,16145.5,9223.0,15300.0,13084.0,16901.6,13193.4,13035.1,1.44,208.48,0.97,0.8,57.86,0.0,7.13,0.56,2.05,143.08,290.91,189.51,233.33,251.05,218.19,137.97,49.38
2021-08-17,40799,39788.0,798.0,186.0,88.0,11,8.0,2.0,1.0,2.0,50.0,13.0,0.0,169.0,9061.0,1413.0,490319.0,449.0,207.0,5.0,39.0,5.0,17.0,56.8,0.76,0.74,0.85,0.64,257111.0,225058.0,5235.0,6739.0,0.0,,,,,,,,,,,,,,,,,3.0,4.0,4.0,4.0,4.0,4.0,4.0,40.0,17.0,92.0,6.0,10.0,13.0,33.0,0.88,0.95,1.38,0.56,0.88,6232.0,4014.0,419.0,42.0,567.0,95.0,120.0,81.7,88.9,70.6,90.5,98.9,91.6,70.8,1.3,1.8,3.4,2.4,10.0,3.3,0.0,99.2,92.1,99.7,100.0,91.7,100.0,100.0,99.2,92.1,99.7,100.0,91.7,100.0,100.0,240.0,10.0,6.0,15.0,557.0,16.0,41.0,1.0,886.0,186.0,4.0,3.0,7.0,561.0,13.0,24.0,22.0,1.0,0.0,1.0,73.0,2.0,7.0,5.31,5.19,4.52,4.56,5.61,,,,,,,,,1.33,208.48,0.96,0.69,56.8,0.0,6.49,1.18,1.81,143.08,290.91,189.51,233.33,251.05,218.19,137.97,48.59
2021-08-18,40815,39829.0,798.0,161.0,94.0,16,12.0,3.0,1.0,3.0,50.0,41.0,0.0,180.0,9241.0,448.0,490767.0,285.0,236.0,4.0,39.0,4.0,18.0,56.04,0.8,0.79,0.81,2.9,257198.0,226731.0,5472.0,8460.0,0.0,,,,,,,,,,,,,,,,,3.0,4.0,4.0,4.0,4.0,4.0,3.0,41.0,18.0,93.0,7.0,11.0,14.0,0.0,0.88,0.95,1.38,0.56,0.88,6232.0,4014.0,419.0,42.0,567.0,95.0,120.0,81.7,88.9,70.6,90.5,98.9,91.6,70.8,1.3,1.8,3.4,2.4,10.0,3.3,0.0,99.2,92.1,99.7,100.0,91.7,100.0,100.0,99.2,92.1,99.7,100.0,91.7,100.0,100.0,240.0,10.0,6.0,15.0,557.0,16.0,41.0,1.0,886.0,186.0,4.0,3.0,7.0,561.0,13.0,24.0,22.0,1.0,0.0,1.0,73.0,2.0,7.0,5.79,5.31,4.88,4.59,5.01,,,,,,,,,1.6,208.48,0.92,1.45,56.04,0.0,6.38,1.67,1.65,143.08,290.91,189.51,233.33,251.05,218.19,137.97,42.06
2021-08-19,40793,39818.0,799.0,149.0,103.0,18,12.0,6.0,0.0,6.0,50.0,0.0,1.0,460.0,9701.0,2509.0,493276.0,285.0,265.0,4.0,39.0,4.0,16.0,56.04,0.85,0.83,0.81,0.48,257274.0,228291.0,5821.0,10250.0,0.0,,,,,,,,,,,,,,,,,3.0,4.0,4.0,4.0,4.0,4.0,3.0,42.0,19.0,94.0,8.0,12.0,15.0,1.0,0.88,0.95,1.38,0.56,0.88,6232.0,4014.0,419.0,42.0,567.0,95.0,120.0,81.7,88.9,70.6,90.5,98.9,91.6,70.8,1.3,1.8,3.4,2.4,10.0,3.3,0.0,99.2,92.1,99.7,100.0,91.7,100.0,100.0,99.2,92.1,99.7,100.0,91.7,100.0,100.0,240.0,10.0,6.0,15.0,557.0,16.0,41.0,1.0,886.0,186.0,4.0,3.0,7.0,561.0,13.0,24.0,22.0,1.0,0.0,1.0,73.0,2.0,7.0,5.87,4.8,3.75,4.6,4.77,,,,,,,,,1.15,208.74,0.5,1.12,56.04,0.0,4.37,1.3,1.49,143.08,290.91,189.51,233.33,251.05,218.19,137.97,38.93
2021-08-20,40813,39827.0,799.0,159.0,109.0,21,13.0,6.0,2.0,6.0,50.0,9.0,0.0,240.0,9941.0,1161.0,494437.0,285.0,261.0,4.0,39.0,4.0,17.0,56.41,0.9,0.87,0.81,1.29,257334.0,230128.0,6180.0,11810.0,0.0,15652.0,223.0,147.0,459.0,29315.0,1007.0,2304.0,867.0,119.0,2.0,2.0,4.0,118.0,4.0,16.0,4.0,3.0,4.0,4.0,4.0,4.0,4.0,3.0,43.0,20.0,95.0,9.0,13.0,16.0,2.0,0.88,0.95,1.38,0.56,0.88,6232.0,4014.0,419.0,42.0,567.0,95.0,120.0,81.7,88.9,70.6,90.5,98.9,91.6,70.8,1.3,1.8,3.4,2.4,10.0,3.3,0.0,99.2,92.1,99.7,100.0,91.7,100.0,100.0,99.2,92.1,99.7,100.0,91.7,100.0,100.0,242.0,10.0,6.0,15.0,557.0,16.0,41.0,1.0,888.0,186.0,4.0,3.0,7.0,561.0,13.0,24.0,22.0,1.0,0.0,1.0,73.0,2.0,7.0,4.94,4.34,3.5,4.64,4.44,12040.1,16218.2,9286.2,15300.0,13118.5,16901.6,13245.2,13055.8,1.26,208.74,0.59,1.17,56.41,0.0,4.59,2.5,1.31,143.08,290.91,189.51,233.33,251.05,218.19,137.97,41.54
2021-08-21,40870,39908.0,800.0,133.0,108.0,24,15.0,5.0,4.0,7.0,50.0,81.0,1.0,463.0,10404.0,1239.0,495676.0,285.0,297.0,4.0,39.0,4.0,18.0,56.04,0.91,0.88,0.83,1.37,257369.0,230556.0,6322.0,11978.0,0.0,,,,,,,,,,,,,,,,,3.0,4.0,4.0,4.0,4.0,4.0,3.0,44.0,21.0,96.0,10.0,14.0,17.0,3.0,1.02,1.09,1.43,0.54,0.85,6232.0,4014.0,419.0,42.0,567.0,95.0,120.0,81.7,88.9,70.6,90.5,98.9,91.6,70.8,1.3,1.8,3.4,2.4,10.0,3.3,0.0,99.2,92.1,99.7,100.0,91.7,100.0,100.0,99.2,92.1,99.7,100.0,91.7,100.0,100.0,242.0,10.0,6.0,15.0,557.0,16.0,41.0,1.0,888.0,186.0,4.0,3.0,7.0,561.0,13.0,24.0,22.0,1.0,0.0,1.0,73.0,2.0,7.0,3.25,3.19,3.58,4.58,4.26,,,,,,,,,1.22,209.0,0.64,1.14,56.04,0.0,4.7,1.51,1.47,143.08,290.91,189.51,233.33,251.05,218.19,137.97,34.75
2021-08-22,40890,39930.0,800.0,131.0,110.0,20,9.0,2.0,9.0,4.0,50.0,22.0,0.0,614.0,11018.0,1407.0,497083.0,285.0,304.0,4.0,39.0,4.0,16.0,54.95,0.91,0.87,0.87,1.14,257394.0,230626.0,6399.0,12019.0,0.0,,,,,,,,,,,,,,,,,3.0,4.0,4.0,4.0,4.0,4.0,3.0,45.0,22.0,97.0,11.0,15.0,18.0,4.0,1.02,1.09,1.43,0.54,0.85,6232.0,4014.0,419.0,42.0,567.0,95.0,120.0,81.7,88.9,70.6,90.5,98.9,91.6,70.8,1.3,1.8,3.4,2.4,10.0,3.3,0.0,99.2,92.1,99.7,100.0,91.7,100.0,100.0,99.2,92.1,99.7,100.0,91.7,100.0,100.0,242.0,10.0,6.0,15.0,557.0,16.0,41.0,1.0,888.0,186.0,4.0,3.0,7.0,561.0,13.0,24.0,22.0,1.0,0.0,1.0,73.0,2.0,7.0,3.04,2.57,3.46,4.41,4.27,,,,,,,,,1.22,209.0,0.64,0.83,54.95,0.0,4.7,0.65,1.34,143.08,290.91,189.51,233.33,251.05,218.19,137.97,34.22
2021-08-23,40910,39943.0,801.0,136.0,100.0,21,10.0,6.0,5.0,0.0,50.0,13.0,1.0,132.0,11150.0,2537.0,499620.0,285.0,306.0,4.0,39.0,5.0,17.0,54.58,0.9,0.84,0.93,0.83,257486.0,231637.0,7083.0,12841.0,0.0,15697.0,224.0,147.0,460.0,29384.0,1009.0,2307.0,874.0,97.0,2.0,2.0,1.0,106.0,2.0,8.0,18.0,3.0,4.0,4.0,4.0,4.0,4.0,3.0,46.0,23.0,98.0,12.0,16.0,19.0,5.0,0.85,0.94,1.38,0.61,0.87,6538.0,3379.0,481.0,53.0,548.0,50.0,161.0,81.2,86.7,74.8,86.8,98.9,78.0,72.7,1.2,0.9,0.5,0.0,0.0,0.0,1.3,99.6,92.1,98.7,100.0,100.0,100.0,99.2,99.6,92.1,98.7,100.0,100.0,100.0,99.2,244.0,11.0,6.0,15.0,559.0,16.0,41.0,1.0,893.0,187.0,4.0,3.0,7.0,563.0,13.0,24.0,22.0,2.0,0.0,1.0,73.0,2.0,7.0,4.53,3.7,6.7,4.16,4.34,12074.7,16290.9,9286.2,15333.3,13149.4,16935.2,13262.4,13089.2,1.24,209.26,0.69,1.05,54.58,0.0,4.89,0.0,1.26,143.85,290.91,189.51,233.33,251.94,218.19,137.97,35.53
2021-08-24,40915,39962.0,801.0,122.0,93.0,5,5.0,0.0,0.0,0.0,50.0,19.0,0.0,154.0,11304.0,1020.0,500640.0,285.0,276.0,4.0,39.0,5.0,15.0,53.85,0.88,0.82,0.98,0.49,257557.0,232575.0,7499.0,13365.0,0.0,,,,,,,,,,,,,,,,,3.0,4.0,4.0,4.0,4.0,4.0,3.0,47.0,24.0,99.0,13.0,17.0,20.0,6.0,0.85,0.94,1.38,0.61,0.87,6538.0,3379.0,481.0,53.0,548.0,50.0,161.0,81.2,86.7,74.8,86.8,98.9,78.0,72.7,1.2,0.9,0.5,0.0,0.0,0.0,1.3,99.6,92.1,98.7,100.0,100.0,100.0,99.2,99.6,92.1,98.7,100.0,100.0,100.0,99.2,244.0,11.0,6.0,15.0,559.0,16.0,41.0,1.0,893.0,187.0,4.0,3.0,7.0,563.0,13.0,24.0,22.0,2.0,0.0,1.0,73.0,2.0,7.0,3.89,3.29,5.68,3.88,4.51,,,,,,,,,1.21,209.26,0.72,0.24,53.85,0.0,4.67,0.0,1.09,143.85,290.91,189.51,233.33,251.94,218.19,137.97,31.87
2021-08-25,40921,39978.0,801.0,112.0,101.0,4,4.0,0.0,0.0,1.0,50.0,16.0,0.0,274.0,11578.0,716.0,501356.0,285.0,303.0,4.0,39.0,5.0,15.0,53.11,0.84,0.78,1.06,0.42,257641.0,233780.0,7941.0,14116.0,0.0,,,,,,,,,,,,,,,,,3.0,4.0,4.0,4.0,4.0,4.0,3.0,48.0,25.0,100.0,14.0,18.0,21.0,7.0,0.85,0.94,1.38,0.61,0.87,6538.0,3379.0,481.0,53.0,548.0,50.0,161.0,81.2,86.7,74.8,86.8,98.9,78.0,72.7,1.2,0.9,0.5,0.0,0.0,0.0,1.3,99.6,92.1,98.7,100.0,100.0,100.0,99.2,99.6,92.1,98.7,100.0,100.0,100.0,99.2,244.0,11.0,6.0,15.0,559.0,16.0,41.0,1.0,893.0,187.0,4.0,3.0,7.0,563.0,13.0,24.0,22.0,2.0,0.0,1.0,73.0,2.0,7.0,3.51,3.13,7.18,3.57,4.84,,,,,,,,,0.86,209.26,0.66,0.8,53.11,0.0,4.22,0.36,0.9,143.85,290.91,189.51,233.33,251.94,218.19,137.97,29.26
2021-08-26,40945,39989.0,802.0,124.0,89.0,24,13.0,5.0,6.0,1.0,50.0,11.0,1.0,304.0,11882.0,2444.0,503800.0,285.0,315.0,4.0,39.0,5.0,17.0,53.85,0.79,0.75,1.17,0.94,257708.0,235047.0,8329.0,15194.0,0.0,,,,,,,,,,,,,,,,,3.0,4.0,4.0,4.0,4.0,4.0,3.0,49.0,26.0,101.0,15.0,19.0,22.0,8.0,0.85,0.94,1.38,0.61,0.87,6538.0,3379.0,481.0,53.0,548.0,50.0,161.0,81.2,86.7,74.8,86.8,98.9,78.0,72.7,1.2,0.9,0.5,0.0,0.0,0.0,1.3,99.6,92.1,98.7,100.0,100.0,100.0,99.2,99.6,92.1,98.7,100.0,100.0,100.0,99.2,244.0,11.0,6.0,15.0,559.0,16.0,41.0,1.0,893.0,187.0,4.0,3.0,7.0,563.0,13.0,24.0,22.0,2.0,0.0,1.0,73.0,2.0,7.0,3.12,2.76,7.74,3.28,5.41,,,,,,,,,0.93,209.52,1.02,6.0,53.85,0.0,4.44,0.33,0.77,143.85,290.91,189.51,233.33,251.94,218.19,137.97,32.4
2021-08-27,40960,40003.0,803.0,124.0,91.0,16,9.0,4.0,3.0,3.0,50.0,14.0,1.0,262.0,12144.0,1138.0,504938.0,285.0,309.0,4.0,39.0,5.0,18.0,54.58,0.77,0.72,1.3,1.14,257786.0,237283.0,8657.0,16144.0,0.0,15724.0,225.0,147.0,460.0,29426.0,1011.0,2311.0,882.0,86.0,2.0,1.0,0.0,92.0,3.0,7.0,26.0,3.0,4.0,4.0,4.0,4.0,4.0,3.0,50.0,27.0,102.0,16.0,20.0,23.0,9.0,0.85,0.94,1.38,0.61,0.87,6538.0,3379.0,481.0,53.0,548.0,50.0,161.0,81.2,86.7,74.8,86.8,98.9,78.0,72.7,1.2,0.9,0.5,0.0,0.0,0.0,1.3,99.6,92.1,98.7,100.0,100.0,100.0,99.2,99.6,92.1,98.7,100.0,100.0,100.0,99.2,244.0,11.0,6.0,15.0,562.0,17.0,41.0,0.0,896.0,187.0,4.0,3.0,7.0,564.0,14.0,24.0,22.0,2.0,0.0,2.0,73.0,2.0,7.0,3.05,2.33,8.02,3.0,6.05,12095.5,16363.6,9286.2,15333.3,13168.2,16968.8,13285.4,13111.2,0.9,209.78,0.93,0.67,54.58,0.0,4.25,1.15,0.57,143.85,290.91,189.51,233.33,252.39,234.98,137.97,32.4
2021-08-28,40970,40022.0,803.0,115.0,82.0,13,8.0,3.0,2.0,2.0,51.0,19.0,0.0,332.0,12476.0,1197.0,506135.0,285.0,313.0,4.0,39.0,5.0,17.0,54.58,0.78,0.73,1.36,0.92,257829.0,237795.0,8822.0,16256.0,0.0,,,,,,,,,,,,,,,,,3.0,4.0,4.0,4.0,4.0,4.0,3.0,51.0,28.0,103.0,17.0,21.0,24.0,10.0,0.91,1.04,1.36,0.58,0.8,6538.0,3379.0,481.0,53.0,548.0,50.0,161.0,81.2,86.7,74.8,86.8,98.9,78.0,72.7,1.2,0.9,0.5,0.0,0.0,0.0,1.3,99.6,92.1,98.7,100.0,100.0,100.0,99.2,99.6,92.1,98.7,100.0,100.0,100.0,99.2,244.0,11.0,6.0,15.0,562.0,17.0,41.0,0.0,896.0,187.0,4.0,3.0,7.0,564.0,14.0,24.0,22.0,2.0,0.0,2.0,73.0,2.0,7.0,2.52,2.09,7.56,2.84,6.62,,,,,,,,,0.84,209.78,0.82,0.81,54.58,0.0,3.84,0.6,0.44,143.85,290.91,189.51,233.33,252.39,234.98,137.97,30.04
2021-08-29,40992,40039.0,803.0,120.0,76.0,23,16.0,3.0,4.0,9.0,51.0,17.0,0.0,224.0,12700.0,1511.0,507646.0,285.0,277.0,4.0,39.0,5.0,18.0,55.68,0.79,0.74,1.5,0.93,257841.0,237852.0,8907.0,16271.0,0.0,,,,,,,,,,,,,,,,,3.0,4.0,4.0,4.0,4.0,4.0,3.0,52.0,29.0,104.0,18.0,22.0,25.0,11.0,0.91,1.04,1.36,0.58,0.8,6538.0,3379.0,481.0,53.0,548.0,50.0,161.0,81.2,86.7,74.8,86.8,98.9,78.0,72.7,1.2,0.9,0.5,0.0,0.0,0.0,1.3,99.6,92.1,98.7,100.0,100.0,100.0,99.2,99.6,92.1,98.7,100.0,100.0,100.0,99.2,244.0,11.0,6.0,15.0,562.0,17.0,41.0,0.0,896.0,187.0,4.0,3.0,7.0,564.0,14.0,24.0,22.0,2.0,0.0,2.0,73.0,2.0,7.0,2.36,1.69,10.75,2.71,7.66,,,,,,,,,0.81,209.78,0.84,1.77,55.68,0.0,3.96,4.02,0.92,143.85,290.91,189.51,233.33,252.39,234.98,137.97,31.35
2021-08-30,41004,40057.0,803.0,114.0,63.0,17,15.0,2.0,0.0,2.0,51.0,18.0,0.0,144.0,12844.0,2972.0,510618.0,285.0,242.0,4.0,39.0,4.0,20.0,56.41,0.79,0.76,1.44,0.5,257967.0,239192.0,9451.0,17279.0,0.0,15748.0,225.0,149.0,460.0,29461.0,1015.0,2316.0,865.0,65.0,1.0,2.0,0.0,86.0,6.0,7.0,11.0,3.0,4.0,4.0,4.0,4.0,4.0,3.0,53.0,30.0,105.0,19.0,23.0,26.0,12.0,0.86,0.96,1.37,0.57,1.03,6237.0,2973.0,442.0,41.0,518.0,37.0,136.0,81.9,84.8,77.6,80.5,97.1,89.2,72.8,0.9,0.7,1.5,2.6,0.0,0.0,4.1,99.5,90.9,99.7,100.0,100.0,100.0,100.0,99.5,90.9,99.7,100.0,100.0,100.0,100.0,245.0,11.0,6.0,15.0,563.0,17.0,41.0,0.0,898.0,187.0,4.0,3.0,7.0,564.0,14.0,24.0,23.0,2.0,0.0,2.0,73.0,2.0,7.0,3.49,3.16,8.61,2.64,7.93,12113.9,16363.6,9412.5,15333.3,13183.8,17035.9,13314.2,13125.0,0.76,209.78,0.78,0.74,56.41,0.0,3.81,1.39,1.12,143.85,290.91,189.51,233.33,252.39,234.98,137.97,29.78
2021-08-31,41014,40083.0,803.0,97.0,50.0,4,2.0,2.0,0.0,0.0,51.0,26.0,0.0,225.0,13069.0,1194.0,511812.0,285.0,226.0,4.0,39.0,5.0,20.0,58.24,0.81,0.77,1.49,0.34,258058.0,240353.0,9969.0,18273.0,0.0,,,,,,,,,,,,,,,,,3.0,4.0,4.0,4.0,4.0,4.0,3.0,54.0,31.0,106.0,20.0,24.0,27.0,13.0,0.86,0.96,1.37,0.57,1.03,6237.0,2973.0,442.0,41.0,518.0,37.0,136.0,81.9,84.8,77.6,80.5,97.1,89.2,72.8,0.9,0.7,1.5,2.6,0.0,0.0,4.1,99.5,90.9,99.7,100.0,100.0,100.0,100.0,99.5,90.9,99.7,100.0,100.0,100.0,100.0,245.0,11.0,6.0,15.0,563.0,17.0,41.0,0.0,898.0,187.0,4.0,3.0,7.0,564.0,14.0,24.0,23.0,2.0,0.0,2.0,73.0,2.0,7.0,3.34,2.59,11.41,2.54,8.75,,,,,,,,,0.74,209.78,0.81,0.24,58.24,0.0,3.77,0.0,1.12,143.85,290.91,189.51,233.33,252.39,234.98,137.97,25.34
2021-09-01,41040,40119.0,803.0,87.0,52.0,15,13.0,2.0,0.0,10.0,51.0,36.0,0.0,419.0,13488.0,1525.0,513337.0,285.0,268.0,4.0,39.0,4.0,16.0,58.24,0.86,0.8,1.42,0.33,258141.0,241471.0,10364.0,19407.0,0.0,,,,,,,,,,,,,,,,,4.0,4.0,4.0,4.0,4.0,4.0,4.0,0.0,32.0,107.0,21.0,25.0,28.0,0.0,0.86,0.96,1.37,0.57,1.03,6237.0,2973.0,442.0,41.0,518.0,37.0,136.0,81.9,84.8,77.6,80.5,97.1,89.2,72.8,0.9,0.7,1.5,2.6,0.0,0.0,4.1,99.5,90.9,99.7,100.0,100.0,100.0,100.0,99.5,90.9,99.7,100.0,100.0,100.0,100.0,245.0,11.0,6.0,15.0,563.0,17.0,41.0,0.0,898.0,187.0,4.0,3.0,7.0,564.0,14.0,24.0,23.0,2.0,0.0,2.0,73.0,2.0,7.0,3.89,2.91,8.46,2.51,8.94,,,,,,,,,0.73,209.78,0.99,3.75,58.24,0.0,4.18,2.39,1.41,143.85,290.91,189.51,233.33,252.39,234.98,137.97,22.73
2021-09-02,41052,40125.0,803.0,93.0,52.0,15,8.0,7.0,0.0,0.0,51.0,6.0,0.0,264.0,13752.0,1731.0,515068.0,285.0,318.0,4.0,31.0,3.0,17.0,59.4,0.88,0.84,1.32,0.87,258219.0,242252.0,10715.0,20325.0,0.0,,,,,,,,,,,,,,,,,4.0,4.0,4.0,4.0,4.0,4.0,4.0,1.0,33.0,108.0,22.0,26.0,29.0,1.0,0.86,0.96,1.37,0.57,1.03,6237.0,2973.0,442.0,41.0,518.0,37.0,136.0,81.9,84.8,77.6,80.5,97.1,89.2,72.8,0.9,0.7,1.5,2.6,0.0,0.0,4.1,99.5,90.9,99.7,100.0,100.0,100.0,100.0,99.5,90.9,99.7,100.0,100.0,100.0,100.0,245.0,11.0,6.0,15.0,563.0,17.0,41.0,0.0,898.0,187.0,4.0,3.0,7.0,564.0,14.0,24.0,23.0,2.0,0.0,2.0,73.0,2.0,7.0,3.04,2.68,7.63,2.49,8.92,,,,,,,,,0.72,209.78,0.87,1.0,59.4,0.0,3.84,0.0,1.36,143.85,290.91,189.51,233.33,252.39,234.98,137.97,24.3
2021-09-03,41060,40131.0,805.0,92.0,62.0,8,6.0,2.0,0.0,2.0,51.0,6.0,2.0,304.0,14056.0,1240.0,516308.0,285.0,287.0,4.0,31.0,3.0,21.0,62.03,0.91,0.88,1.26,0.48,258299.0,242926.0,11011.0,21239.0,0.0,15781.0,228.0,148.0,461.0,29516.0,1017.0,2325.0,832.0,52.0,1.0,2.0,0.0,77.0,7.0,13.0,2.0,4.0,4.0,4.0,4.0,4.0,4.0,4.0,2.0,34.0,109.0,23.0,27.0,30.0,2.0,0.86,0.96,1.37,0.57,1.03,6237.0,2973.0,442.0,41.0,518.0,37.0,136.0,81.9,84.8,77.6,80.5,97.1,89.2,72.8,0.9,0.7,1.5,2.6,0.0,0.0,4.1,99.5,90.9,99.7,100.0,100.0,100.0,100.0,99.5,90.9,99.7,100.0,100.0,100.0,100.0,248.0,11.0,6.0,15.0,564.0,17.0,41.0,0.0,902.0,188.0,4.0,3.0,7.0,565.0,14.0,24.0,23.0,2.0,0.0,2.0,73.0,2.0,7.0,3.21,2.57,8.24,2.53,8.95,12139.3,16581.8,9349.3,15366.7,13208.5,17069.5,13365.9,13143.0,0.62,210.31,0.83,0.53,62.03,0.0,3.55,0.66,1.29,144.62,290.91,189.51,233.33,252.84,234.98,137.97,24.04
2021-09-04,41076,40146.0,805.0,93.0,67.0,18,8.0,7.0,3.0,3.0,51.0,15.0,0.0,337.0,14393.0,1308.0,517616.0,285.0,309.0,4.0,31.0,2.0,21.0,64.58,0.94,0.91,1.19,1.15,258319.0,243103.0,11108.0,21342.0,0.0,,,,,,,,,,,,,,,,,4.0,4.0,4.0,4.0,4.0,4.0,4.0,3.0,35.0,110.0,24.0,28.0,31.0,3.0,0.89,1.06,1.42,0.58,1.0,6237.0,2973.0,442.0,41.0,518.0,37.0,136.0,81.9,84.8,77.6,80.5,97.1,89.2,72.8,0.9,0.7,1.5,2.6,0.0,0.0,4.1,99.5,90.9,99.7,100.0,100.0,100.0,100.0,99.5,90.9,99.7,100.0,100.0,100.0,100.0,248.0,11.0,6.0,15.0,564.0,17.0,41.0,0.0,902.0,188.0,4.0,3.0,7.0,565.0,14.0,24.0,23.0,2.0,0.0,2.0,73.0,2.0,7.0,2.76,2.26,6.81,2.55,8.84,,,,,,,,,0.66,210.31,0.97,2.25,64.58,0.0,3.73,0.89,1.33,144.62,290.91,189.51,233.33,252.84,234.98,137.97,24.3
2021-09-05,41086,40158.0,805.0,91.0,62.0,13,6.0,5.0,2.0,1.0,51.0,12.0,0.0,161.0,14554.0,1706.0,519322.0,285.0,276.0,4.0,31.0,2.0,22.0,67.21,0.97,0.95,1.07,0.7,258319.0,243108.0,11108.0,21343.0,0.0,,,,,,,,,,,,,,,,,4.0,4.0,4.0,4.0,4.0,4.0,4.0,4.0,36.0,111.0,25.0,29.0,32.0,4.0,0.89,1.06,1.42,0.58,1.0,6237.0,2973.0,442.0,41.0,518.0,37.0,136.0,81.9,84.8,77.6,80.5,97.1,89.2,72.8,0.9,0.7,1.5,2.6,0.0,0.0,4.1,99.5,90.9,99.7,100.0,100.0,100.0,100.0,99.5,90.9,99.7,100.0,100.0,100.0,100.0,248.0,11.0,6.0,15.0,564.0,17.0,41.0,0.0,902.0,188.0,4.0,3.0,7.0,565.0,14.0,24.0,23.0,2.0,0.0,2.0,73.0,2.0,7.0,2.64,2.1,5.6,2.61,8.11,,,,,,,,,0.62,210.31,0.85,0.72,67.21,0.0,3.36,0.62,0.85,144.62,290.91,189.51,233.33,252.84,234.98,137.97,23.77
2021-09-06,41098,40171.0,805.0,90.0,56.0,12,7.0,1.0,4.0,1.0,51.0,13.0,0.0,168.0,14722.0,3109.0,522431.0,285.0,242.0,4.0,31.0,2.0,21.0,69.02,0.99,0.98,1.02,0.35,258389.0,243917.0,11492.0,22445.0,0.0,15789.0,228.0,151.0,461.0,29545.0,1018.0,2334.0,838.0,35.0,1.0,5.0,0.0,73.0,5.0,21.0,6.0,4.0,4.0,4.0,4.0,4.0,4.0,4.0,5.0,37.0,112.0,26.0,30.0,33.0,5.0,0.86,0.95,1.43,0.62,1.08,6455.0,3034.0,576.0,85.0,527.0,34.0,155.0,81.5,85.5,79.2,95.3,95.8,67.6,81.9,0.8,0.2,2.7,1.2,0.0,0.0,2.7,98.8,91.1,98.4,100.0,95.5,100.0,99.1,98.8,91.1,98.4,100.0,95.5,100.0,99.1,248.0,11.0,6.0,15.0,564.0,17.0,41.0,0.0,902.0,188.0,4.0,3.0,7.0,565.0,14.0,24.0,23.0,2.0,0.0,2.0,73.0,2.0,7.0,3.72,3.47,6.11,2.65,7.75,12145.5,16581.8,9538.9,15366.7,13221.4,17086.3,13417.6,13157.7,0.6,210.31,0.83,0.92,69.02,0.0,3.17,0.6,0.74,144.62,290.91,189.51,233.33,252.84,234.98,137.97,23.51
2021-09-07,41105,40187.0,805.0,81.0,51.0,7,4.0,3.0,0.0,2.0,52.0,16.0,0.0,174.0,14896.0,1710.0,524141.0,285.0,214.0,4.0,31.0,2.0,22.0,70.92,1.01,1.04,0.94,0.29,258460.0,244642.0,11891.0,23695.0,0.0,,,,,,,,,,,,,,,,,4.0,4.0,4.0,4.0,4.0,4.0,4.0,6.0,38.0,113.0,27.0,31.0,34.0,6.0,0.86,0.95,1.43,0.62,1.08,6455.0,3034.0,576.0,85.0,527.0,34.0,155.0,81.5,85.5,79.2,95.3,95.8,67.6,81.9,0.8,0.2,2.7,1.2,0.0,0.0,2.7,98.8,91.1,98.4,100.0,95.5,100.0,99.1,98.8,91.1,98.4,100.0,95.5,100.0,99.1,248.0,11.0,6.0,15.0,564.0,17.0,41.0,0.0,902.0,188.0,4.0,3.0,7.0,565.0,14.0,24.0,23.0,2.0,0.0,2.0,73.0,2.0,7.0,3.75,3.76,6.79,2.82,7.09,,,,,,,,,0.6,210.31,0.87,0.58,70.92,0.0,3.28,1.15,0.9,144.62,290.91,189.51,233.33,252.84,234.98,137.97,21.16
2021-09-08,41112,40200.0,806.0,74.0,57.0,8,7.0,1.0,0.0,4.0,52.0,13.0,1.0,379.0,15275.0,1038.0,525179.0,285.0,223.0,4.0,31.0,3.0,21.0,74.65,0.98,1.07,0.94,0.39,258498.0,245212.0,12137.0,25068.0,0.0,,,,,,,,,,,,,,,,,4.0,4.0,4.0,4.0,4.0,4.0,4.0,7.0,39.0,114.0,28.0,32.0,35.0,7.0,0.86,0.95,1.43,0.62,1.08,6455.0,3034.0,576.0,85.0,527.0,34.0,155.0,81.5,85.5,79.2,95.3,95.8,67.6,81.9,0.8,0.2,2.7,1.2,0.0,0.0,2.7,98.8,91.1,98.4,100.0,95.5,100.0,99.1,98.8,91.1,98.4,100.0,95.5,100.0,99.1,248.0,11.0,6.0,15.0,564.0,17.0,41.0,0.0,902.0,188.0,4.0,3.0,7.0,565.0,14.0,24.0,23.0,2.0,0.0,2.0,73.0,2.0,7.0,3.22,3.39,6.91,2.89,6.87,,,,,,,,,0.6,210.57,0.72,1.14,74.65,0.0,3.02,1.06,0.71,144.62,290.91,189.51,233.33,252.84,234.98,137.97,19.33
2021-09-09,41121,40205.0,806.0,78.0,59.0,10,6.0,2.0,2.0,3.0,52.0,5.0,0.0,232.0,15507.0,2087.0,527266.0,285.0,244.0,4.0,31.0,3.0,21.0,76.5,1.01,1.09,0.95,0.34,258530.0,245689.0,12380.0,26112.0,0.0,,,,,,,,,,,,,,,,,4.0,4.0,4.0,4.0,4.0,4.0,4.0,8.0,40.0,115.0,29.0,33.0,36.0,8.0,0.86,0.95,1.43,0.62,1.08,6455.0,3034.0,576.0,85.0,527.0,34.0,155.0,81.5,85.5,79.2,95.3,95.8,67.6,81.9,0.8,0.2,2.7,1.2,0.0,0.0,2.7,98.8,91.1,98.4,100.0,95.5,100.0,99.1,98.8,91.1,98.4,100.0,95.5,100.0,99.1,248.0,11.0,6.0,15.0,564.0,17.0,41.0,0.0,902.0,188.0,4.0,3.0,7.0,565.0,14.0,24.0,23.0,2.0,0.0,2.0,73.0,2.0,7.0,3.56,3.36,7.13,2.99,6.8,,,,,,,,,0.53,210.57,0.74,1.25,76.5,0.0,2.84,1.29,0.89,144.62,290.91,189.51,233.33,252.84,234.98,137.97,20.38
2021-09-10,41141,40216.0,806.0,87.0,58.0,22,14.0,5.0,3.0,5.0,52.0,11.0,0.0,449.0,15956.0,1272.0,528538.0,285.0,248.0,4.0,31.0,3.0,13.0,72.81,1.06,1.14,0.95,1.34,258579.0,246142.0,12599.0,27128.0,0.0,15812.0,228.0,152.0,461.0,29576.0,1018.0,2344.0,842.0,39.0,0.0,4.0,0.0,72.0,1.0,21.0,10.0,4.0,4.0,4.0,4.0,4.0,4.0,4.0,9.0,41.0,116.0,30.0,34.0,37.0,9.0,0.86,0.95,1.43,0.62,1.08,6455.0,3034.0,576.0,85.0,527.0,34.0,155.0,81.5,85.5,79.2,95.3,95.8,67.6,81.9,0.8,0.2,2.7,1.2,0.0,0.0,2.7,98.8,91.1,98.4,100.0,95.5,100.0,99.1,98.8,91.1,98.4,100.0,95.5,100.0,99.1,248.0,11.0,6.0,15.0,566.0,17.0,41.0,0.0,904.0,188.0,4.0,3.0,7.0,566.0,14.0,24.0,23.0,2.0,0.0,2.0,73.0,2.0,7.0,4.5,3.78,7.11,3.16,6.64,12163.2,16581.8,9602.0,15366.7,13235.3,17086.3,13475.1,13175.7,0.65,210.57,0.95,2.2,72.81,0.0,3.36,1.11,0.96,144.62,290.91,189.51,233.33,253.29,234.98,137.97,22.73
2021-09-11,41154,40224.0,806.0,92.0,54.0,14,11.0,3.0,0.0,6.0,52.0,8.0,0.0,430.0,16386.0,1237.0,529775.0,285.0,258.0,4.0,31.0,3.0,13.0,69.59,1.1,1.17,0.99,0.65,258597.0,246277.0,12687.0,27240.0,0.0,,,,,,,,,,,,,,,,,4.0,4.0,4.0,4.0,4.0,4.0,4.0,10.0,42.0,117.0,31.0,35.0,38.0,10.0,0.88,1.03,1.38,0.54,0.91,6455.0,3034.0,576.0,85.0,527.0,34.0,155.0,81.5,85.5,79.2,95.3,95.8,67.6,81.9,0.8,0.2,2.7,1.2,0.0,0.0,2.7,98.8,91.1,98.4,100.0,95.5,100.0,99.1,98.8,91.1,98.4,100.0,95.5,100.0,99.1,248.0,11.0,6.0,15.0,566.0,17.0,41.0,0.0,904.0,188.0,4.0,3.0,7.0,566.0,14.0,24.0,23.0,2.0,0.0,2.0,73.0,2.0,7.0,3.79,3.42,7.47,3.32,6.73,,,,,,,,,0.58,210.57,0.86,0.64,69.59,0.0,3.21,1.4,1.03,144.62,290.91,189.51,233.33,253.29,234.98,137.97,24.04
2021-09-12,41163,40234.0,808.0,90.0,42.0,11,5.0,2.0,4.0,0.0,52.0,10.0,2.0,428.0,16814.0,1365.0,531140.0,285.0,277.0,4.0,31.0,3.0,15.0,66.82,1.13,1.18,1.02,0.81,258597.0,246277.0,12687.0,27240.0,0.0,,,,,,,,,,,,,,,,,4.0,4.0,4.0,4.0,4.0,4.0,4.0,11.0,43.0,118.0,32.0,36.0,39.0,11.0,0.88,1.03,1.38,0.54,0.91,6455.0,3034.0,576.0,85.0,527.0,34.0,155.0,81.5,85.5,79.2,95.3,95.8,67.6,81.9,0.8,0.2,2.7,1.2,0.0,0.0,2.7,98.8,91.1,98.4,100.0,95.5,100.0,99.1,98.8,91.1,98.4,100.0,95.5,100.0,99.1,248.0,11.0,6.0,15.0,566.0,17.0,41.0,0.0,904.0,188.0,4.0,3.0,7.0,566.0,14.0,24.0,23.0,2.0,0.0,2.0,73.0,2.0,7.0,3.83,3.09,6.67,3.47,6.88,,,,,,,,,0.59,211.09,0.93,0.79,66.82,0.0,3.14,0.0,0.94,144.62,290.91,189.51,233.33,253.29,234.98,137.97,23.51
2021-09-13,41182,40250.0,808.0,92.0,69.0,20,9.0,6.0,5.0,1.0,52.0,16.0,0.0,378.0,17192.0,2404.0,533544.0,285.0,276.0,4.0,31.0,3.0,16.0,64.98,1.21,1.2,1.14,0.79,259053.0,247106.0,13034.0,28556.0,0.0,15839.0,230.0,152.0,462.0,29614.0,1018.0,2354.0,843.0,50.0,2.0,1.0,1.0,76.0,0.0,23.0,12.0,4.0,4.0,4.0,4.0,4.0,4.0,4.0,12.0,44.0,119.0,33.0,37.0,40.0,12.0,0.83,0.94,1.42,0.66,1.03,6400.0,3193.0,665.0,54.0,487.0,45.0,160.0,77.7,82.3,78.8,87.0,64.3,66.7,81.9,0.8,0.5,2.7,0.0,26.7,0.0,0.0,98.8,94.2,98.9,90.9,100.0,100.0,98.0,98.8,94.2,98.9,90.9,100.0,100.0,98.0,248.0,11.0,6.0,15.0,567.0,18.0,41.0,0.0,906.0,188.0,4.0,3.0,7.0,568.0,14.0,24.0,23.0,2.0,0.0,2.0,73.0,2.0,7.0,6.23,4.57,11.24,3.62,7.62,12183.9,16727.3,9602.0,15400.0,13252.3,17086.3,13532.6,13196.3,0.66,211.09,1.08,1.82,64.98,0.0,3.43,0.26,0.9,144.62,290.91,189.51,233.33,254.18,234.98,137.97,24.04
2021-09-14,41195,40261.0,808.0,94.0,60.0,13,2.0,8.0,3.0,0.0,52.0,11.0,0.0,276.0,17468.0,1396.0,534940.0,285.0,267.0,4.0,28.0,4.0,14.0,63.1,1.26,1.2,1.21,0.93,259536.0,247834.0,13387.0,30043.0,0.0,,,,,,,,,,,,,,,,,4.0,4.0,4.0,4.0,4.0,4.0,4.0,13.0,45.0,120.0,34.0,38.0,41.0,13.0,0.83,0.94,1.42,0.66,1.03,6400.0,3193.0,665.0,54.0,487.0,45.0,160.0,77.7,82.3,78.8,87.0,64.3,66.7,81.9,0.8,0.5,2.7,0.0,26.7,0.0,0.0,98.8,94.2,98.9,90.9,100.0,100.0,98.0,98.8,94.2,98.9,90.9,100.0,100.0,98.0,248.0,11.0,6.0,15.0,567.0,18.0,41.0,0.0,906.0,188.0,4.0,3.0,7.0,568.0,14.0,24.0,23.0,2.0,0.0,2.0,73.0,2.0,7.0,5.96,4.83,10.49,3.78,8.15,,,,,,,,,0.75,211.09,1.11,0.65,63.1,0.0,3.66,0.0,0.73,144.62,290.91,189.51,233.33,254.18,234.98,137.97,24.56
2021-09-15,41212,40276.0,808.0,96.0,71.0,17,14.0,0.0,3.0,6.0,52.0,15.0,0.0,664.0,18132.0,1002.0,535942.0,285.0,250.0,4.0,28.0,4.0,14.0,61.22,1.29,1.2,1.22,1.1,260120.0,248291.0,13786.0,31207.0,0.0,,,,,,,,,,,,,,,,,4.0,4.0,4.0,4.0,4.0,4.0,3.0,14.0,46.0,121.0,35.0,39.0,42.0,0.0,0.83,0.94,1.42,0.66,1.03,6400.0,3193.0,665.0,54.0,487.0,45.0,160.0,77.7,82.3,78.8,87.0,64.3,66.7,81.9,0.8,0.5,2.7,0.0,26.7,0.0,0.0,98.8,94.2,98.9,90.9,100.0,100.0,98.0,98.8,94.2,98.9,90.9,100.0,100.0,98.0,248.0,11.0,6.0,15.0,567.0,18.0,41.0,0.0,906.0,188.0,4.0,3.0,7.0,568.0,14.0,24.0,23.0,2.0,0.0,2.0,73.0,2.0,7.0,5.55,4.33,9.4,3.91,8.5,,,,,,,,,0.85,211.09,1.32,1.31,61.22,0.0,3.99,0.9,0.71,144.62,290.91,189.51,233.33,254.18,234.98,137.97,25.08
2021-09-16,41240,40285.0,808.0,115.0,70.0,31,17.0,4.0,10.0,5.0,52.0,9.0,0.0,442.0,18574.0,1458.0,537400.0,285.0,294.0,4.0,28.0,4.0,17.0,60.88,1.25,1.17,1.16,1.78,260480.0,248552.0,14105.0,31820.0,0.0,,,,,,,,,,,,,,,,,4.0,4.0,4.0,4.0,4.0,4.0,3.0,15.0,47.0,122.0,36.0,40.0,43.0,1.0,0.83,0.94,1.42,0.66,1.03,6400.0,3193.0,665.0,54.0,487.0,45.0,160.0,77.7,82.3,78.8,87.0,64.3,66.7,81.9,0.8,0.5,2.7,0.0,26.7,0.0,0.0,98.8,94.2,98.9,90.9,100.0,100.0,98.0,98.8,94.2,98.9,90.9,100.0,100.0,98.0,248.0,11.0,6.0,15.0,567.0,18.0,41.0,0.0,906.0,188.0,4.0,3.0,7.0,568.0,14.0,24.0,23.0,2.0,0.0,2.0,73.0,2.0,7.0,4.28,3.7,5.97,3.96,8.34,,,,,,,,,1.06,211.09,1.68,1.82,60.88,0.0,4.78,1.13,0.69,144.62,290.91,189.51,233.33,254.18,234.98,137.97,30.04
2021-09-17,41261,40294.0,808.0,127.0,82.0,21,7.0,12.0,2.0,4.0,52.0,9.0,0.0,579.0,19153.0,1348.0,538748.0,285.0,286.0,4.0,28.0,5.0,14.0,63.2,1.16,1.12,1.08,1.26,260480.0,248553.0,14106.0,31821.0,0.0,15866.0,231.0,166.0,463.0,29674.0,1019.0,2361.0,844.0,56.0,1.0,14.0,2.0,103.0,1.0,19.0,13.0,4.0,4.0,4.0,4.0,4.0,4.0,3.0,16.0,48.0,123.0,37.0,41.0,44.0,2.0,0.83,0.94,1.42,0.66,1.03,6400.0,3193.0,665.0,54.0,487.0,45.0,160.0,77.7,82.3,78.8,87.0,64.3,66.7,81.9,0.8,0.5,2.7,0.0,26.7,0.0,0.0,98.8,94.2,98.9,90.9,100.0,100.0,98.0,98.8,94.2,98.9,90.9,100.0,100.0,98.0,248.0,11.0,6.0,15.0,568.0,18.0,41.0,0.0,907.0,188.0,4.0,3.0,7.0,568.0,14.0,24.0,23.0,2.0,0.0,2.0,73.0,2.0,7.0,3.55,3.46,4.03,3.92,7.9,12204.7,16800.0,10486.4,15433.3,13279.2,17103.1,13572.9,13225.6,1.05,211.09,1.41,0.68,63.2,0.0,4.74,0.69,0.63,144.62,290.91,189.51,233.33,254.18,234.98,137.97,33.18
2021-09-18,41288,40302.0,808.0,146.0,80.0,30,7.0,12.0,11.0,0.0,52.0,8.0,0.0,535.0,19688.0,1273.0,540021.0,285.0,300.0,4.0,28.0,5.0,14.0,65.52,1.11,1.08,0.99,2.36,260480.0,248553.0,14106.0,31821.0,0.0,,,,,,,,,,,,,,,,,4.0,4.0,4.0,4.0,4.0,4.0,3.0,17.0,49.0,124.0,38.0,42.0,45.0,3.0,0.81,0.96,1.2,0.39,0.64,6400.0,3193.0,665.0,54.0,487.0,45.0,160.0,77.7,82.3,78.8,87.0,64.3,66.7,81.9,0.8,0.5,2.7,0.0,26.7,0.0,0.0,98.8,94.2,98.9,90.9,100.0,100.0,98.0,98.8,94.2,98.9,90.9,100.0,100.0,98.0,248.0,11.0,6.0,15.0,568.0,18.0,41.0,0.0,907.0,188.0,4.0,3.0,7.0,568.0,14.0,24.0,23.0,2.0,0.0,2.0,73.0,2.0,7.0,3.32,2.96,3.1,3.85,7.27,,,,,,,,,1.29,211.09,1.66,1.43,65.52,0.0,5.34,0.0,0.43,144.62,290.91,189.51,233.33,254.18,234.98,137.97,38.14
2021-09-19,41304,40315.0,808.0,147.0,82.0,16,0.0,13.0,3.0,0.0,52.0,13.0,0.0,370.0,20058.0,1109.0,541130.0,285.0,291.0,4.0,28.0,5.0,13.0,66.41,1.06,1.06,0.92,1.44,260480.0,248553.0,14106.0,31821.0,0.0,,,,,,,,,,,,,,,,,4.0,4.0,4.0,4.0,4.0,4.0,3.0,18.0,50.0,125.0,39.0,43.0,46.0,4.0,0.81,0.96,1.2,0.39,0.64,6400.0,3193.0,665.0,54.0,487.0,45.0,160.0,77.7,82.3,78.8,87.0,64.3,66.7,81.9,0.8,0.5,2.7,0.0,26.7,0.0,0.0,98.8,94.2,98.9,90.9,100.0,100.0,98.0,98.8,94.2,98.9,90.9,100.0,100.0,98.0,248.0,11.0,6.0,15.0,568.0,18.0,41.0,0.0,907.0,188.0,4.0,3.0,7.0,568.0,14.0,24.0,23.0,2.0,0.0,2.0,73.0,2.0,7.0,2.99,3.06,2.35,3.85,6.66,,,,,,,,,1.38,211.09,1.76,0.53,66.41,0.0,5.52,0.0,0.43,144.62,290.91,189.51,233.33,254.18,234.98,137.97,38.4
2021-09-20,41310,40324.0,808.0,144.0,71.0,7,4.0,3.0,0.0,0.0,52.0,9.0,0.0,304.0,20362.0,1547.0,542677.0,285.0,277.0,4.0,28.0,4.0,12.0,65.82,1.05,1.11,0.81,0.45,261151.0,248911.0,14466.0,32686.0,0.0,15880.0,231.0,168.0,463.0,29710.0,1021.0,2364.0,848.0,52.0,1.0,16.0,2.0,106.0,3.0,17.0,17.0,4.0,4.0,4.0,4.0,4.0,4.0,3.0,19.0,51.0,126.0,40.0,44.0,47.0,5.0,0.85,0.93,1.34,0.63,1.05,4438.0,2185.0,444.0,17.0,63.0,45.0,128.0,75.9,76.5,75.9,58.8,69.8,71.1,79.7,2.2,0.8,2.4,0.0,9.3,0.0,2.5,98.3,99.2,98.3,100.0,100.0,100.0,100.0,98.3,99.2,98.3,100.0,100.0,100.0,100.0,248.0,11.0,6.0,15.0,570.0,18.0,41.0,0.0,909.0,188.0,4.0,3.0,7.0,568.0,14.0,24.0,23.0,2.0,0.0,2.0,73.0,2.0,7.0,6.48,6.12,4.26,4.07,5.66,12215.5,16800.0,10612.8,15433.3,13295.3,17136.6,13590.1,13241.5,1.33,211.09,1.47,0.44,65.82,0.0,5.04,0.0,0.39,144.62,290.91,189.51,233.33,254.18,234.98,137.97,37.62
2021-09-21,41317,40337.0,808.0,138.0,62.0,4,2.0,2.0,0.0,0.0,52.0,13.0,0.0,300.0,20662.0,622.0,543299.0,285.0,253.0,4.0,28.0,4.0,14.0,65.82,1.02,1.12,0.7,0.64,261764.0,249208.0,14806.0,33755.0,0.0,,,,,,,,,,,,,,,,,4.0,4.0,4.0,4.0,4.0,4.0,3.0,20.0,52.0,127.0,41.0,45.0,48.0,6.0,0.85,0.93,1.34,0.63,1.05,4438.0,2185.0,444.0,17.0,63.0,45.0,128.0,75.9,76.5,75.9,58.8,69.8,71.1,79.7,2.2,0.8,2.4,0.0,9.3,0.0,2.5,98.3,99.2,98.3,100.0,100.0,100.0,100.0,98.3,99.2,98.3,100.0,100.0,100.0,100.0,248.0,11.0,6.0,15.0,570.0,18.0,41.0,0.0,909.0,188.0,4.0,3.0,7.0,568.0,14.0,24.0,23.0,2.0,0.0,2.0,73.0,2.0,7.0,5.38,5.49,3.0,4.16,4.59,,,,,,,,,1.29,211.09,1.29,0.57,65.82,0.0,4.7,0.0,0.39,144.62,290.91,189.51,233.33,254.18,234.98,137.97,36.05
2021-09-22,41327,40357.0,808.0,128.0,68.0,10,7.0,2.0,1.0,5.0,52.0,20.0,0.0,538.0,21200.0,1046.0,544345.0,285.0,257.0,4.0,28.0,4.0,13.0,65.31,1.0,1.12,0.64,0.48,262586.0,249458.0,15108.0,34991.0,0.0,,,,,,,,,,,,,,,,,4.0,4.0,3.0,4.0,4.0,4.0,3.0,21.0,53.0,0.0,42.0,46.0,49.0,7.0,0.85,0.93,1.34,0.63,1.05,4438.0,2185.0,444.0,17.0,63.0,45.0,128.0,75.9,76.5,75.9,58.8,69.8,71.1,79.7,2.2,0.8,2.4,0.0,9.3,0.0,2.5,98.3,99.2,98.3,100.0,100.0,100.0,100.0,98.3,99.2,98.3,100.0,100.0,100.0,100.0,248.0,11.0,6.0,15.0,570.0,18.0,41.0,0.0,909.0,188.0,4.0,3.0,7.0,568.0,14.0,24.0,23.0,2.0,0.0,2.0,73.0,2.0,7.0,4.94,4.95,3.36,4.25,3.73,,,,,,,,,1.2,211.09,1.11,2.5,65.31,0.0,4.44,0.93,0.39,144.62,290.91,189.51,233.33,254.18,234.98,137.97,33.44
2021-09-23,41348,40375.0,809.0,128.0,64.0,23,9.0,12.0,2.0,2.0,52.0,18.0,1.0,598.0,21798.0,1225.0,545570.0,285.0,286.0,4.0,28.0,4.0,14.0,63.78,1.04,1.16,0.63,1.71,263241.0,249654.0,15347.0,36232.0,0.0,,,,,,,,,,,,,,,,,4.0,4.0,3.0,4.0,4.0,4.0,3.0,22.0,54.0,1.0,43.0,47.0,50.0,8.0,0.85,0.93,1.34,0.63,1.05,4438.0,2185.0,444.0,17.0,63.0,45.0,128.0,75.9,76.5,75.9,58.8,69.8,71.1,79.7,2.2,0.8,2.4,0.0,9.3,0.0,2.5,98.3,99.2,98.3,100.0,100.0,100.0,100.0,98.3,99.2,98.3,100.0,100.0,100.0,100.0,248.0,11.0,6.0,15.0,570.0,18.0,41.0,0.0,909.0,188.0,4.0,3.0,7.0,568.0,14.0,24.0,23.0,2.0,0.0,2.0,73.0,2.0,7.0,5.43,5.41,3.09,4.49,3.31,,,,,,,,,1.19,211.35,0.87,2.3,63.78,0.0,4.14,0.33,0.28,144.62,290.91,189.51,233.33,254.18,234.98,137.97,33.44
2021-09-24,41375,40397.0,809.0,133.0,54.0,28,17.0,8.0,3.0,6.0,52.0,22.0,0.0,566.0,22364.0,1366.0,546936.0,285.0,269.0,4.0,28.0,4.0,13.0,62.76,1.14,1.18,0.69,1.61,264075.0,249860.0,15545.0,37367.0,0.0,15902.0,231.0,168.0,463.0,29766.0,1022.0,2366.0,851.0,45.0,0.0,7.0,1.0,104.0,4.0,9.0,17.0,4.0,4.0,3.0,4.0,4.0,4.0,3.0,23.0,55.0,2.0,44.0,48.0,51.0,9.0,0.85,0.93,1.34,0.63,1.05,4438.0,2185.0,444.0,17.0,63.0,45.0,128.0,75.9,76.5,75.9,58.8,69.8,71.1,79.7,2.2,0.8,2.4,0.0,9.3,0.0,2.5,98.3,99.2,98.3,100.0,100.0,100.0,100.0,98.3,99.2,98.3,100.0,100.0,100.0,100.0,248.0,11.0,6.0,15.0,573.0,18.0,41.0,0.0,912.0,188.0,4.0,3.0,7.0,569.0,14.0,24.0,23.0,2.0,0.0,2.0,73.0,2.0,7.0,6.94,5.06,3.89,4.72,3.29,12232.4,16800.0,10612.8,15433.3,13320.3,17153.4,13601.6,13263.5,1.24,211.35,0.93,1.22,62.76,0.0,4.4,1.06,0.33,144.62,290.91,189.51,233.33,254.63,234.98,137.97,34.75
2021-09-25,41386,40419.0,810.0,121.0,52.0,18,14.0,4.0,0.0,1.0,52.0,22.0,1.0,421.0,22785.0,1368.0,548304.0,285.0,283.0,4.0,28.0,4.0,14.0,62.24,1.16,1.2,0.75,1.24,264208.0,249917.0,15616.0,37469.0,0.0,,,,,,,,,,,,,,,,,4.0,4.0,3.0,4.0,4.0,4.0,3.0,24.0,56.0,3.0,45.0,49.0,52.0,10.0,0.86,1.01,1.32,0.59,0.94,4438.0,2185.0,444.0,17.0,63.0,45.0,128.0,75.9,76.5,75.9,58.8,69.8,71.1,79.7,2.2,0.8,2.4,0.0,9.3,0.0,2.5,98.3,99.2,98.3,100.0,100.0,100.0,100.0,98.3,99.2,98.3,100.0,100.0,100.0,100.0,248.0,11.0,6.0,15.0,573.0,18.0,41.0,0.0,912.0,188.0,4.0,3.0,7.0,569.0,14.0,24.0,23.0,2.0,0.0,2.0,73.0,2.0,7.0,4.8,4.59,3.48,4.96,3.35,,,,,,,,,1.08,211.61,0.74,0.64,62.24,0.0,3.96,0.24,0.37,144.62,290.91,189.51,233.33,254.63,234.98,137.97,31.61
2021-09-26,41403,40436.0,810.0,119.0,51.0,17,4.0,13.0,0.0,0.0,52.0,17.0,0.0,433.0,23218.0,1949.0,550253.0,285.0,272.0,4.0,28.0,4.0,15.0,62.76,1.19,1.21,0.86,0.87,264208.0,249917.0,15616.0,37472.0,0.0,,,,,,,,,,,,,,,,,4.0,4.0,3.0,4.0,4.0,4.0,3.0,25.0,57.0,4.0,46.0,50.0,53.0,11.0,0.86,1.01,1.32,0.59,0.94,4438.0,2185.0,444.0,17.0,63.0,45.0,128.0,75.9,76.5,75.9,58.8,69.8,71.1,79.7,2.2,0.8,2.4,0.0,9.3,0.0,2.5,98.3,99.2,98.3,100.0,100.0,100.0,100.0,98.3,99.2,98.3,100.0,100.0,100.0,100.0,248.0,11.0,6.0,15.0,573.0,18.0,41.0,0.0,912.0,188.0,4.0,3.0,7.0,569.0,14.0,24.0,23.0,2.0,0.0,2.0,73.0,2.0,7.0,5.11,4.7,4.4,5.19,3.64,,,,,,,,,1.0,211.61,0.72,0.94,62.76,0.0,3.99,0.0,0.37,144.62,290.91,189.51,233.33,254.63,234.98,137.97,31.09
2021-09-27,41423,40460.0,810.0,115.0,40.0,20,12.0,4.0,4.0,2.0,52.0,24.0,0.0,491.0,23709.0,3110.0,553363.0,285.0,260.0,4.0,28.0,3.0,14.0,63.27,1.21,1.22,1.01,0.58,265908.0,250156.0,15854.0,38381.0,0.0,15915.0,231.0,168.0,463.0,29812.0,1022.0,2366.0,853.0,38.0,0.0,0.0,0.0,105.0,1.0,2.0,7.0,4.0,4.0,3.0,4.0,4.0,4.0,3.0,26.0,58.0,5.0,47.0,51.0,54.0,12.0,0.86,0.94,1.3,0.61,1.04,6020.0,2833.0,660.0,44.0,7.0,61.0,106.0,78.6,78.6,81.2,84.1,42.9,65.6,66.0,1.7,0.9,0.5,0.0,16.7,0.0,1.1,99.2,97.9,99.8,100.0,100.0,100.0,100.0,99.2,97.9,99.8,100.0,100.0,100.0,100.0,248.0,11.0,6.0,15.0,576.0,18.0,41.0,0.0,915.0,188.0,4.0,3.0,7.0,570.0,14.0,24.0,23.0,2.0,0.0,2.0,73.0,2.0,7.0,8.41,8.04,7.18,5.46,4.06,12242.4,16800.0,10612.8,15433.3,13340.9,17153.4,13601.6,13279.4,1.02,211.61,0.89,1.18,63.27,0.0,4.48,0.41,0.42,144.62,290.91,189.51,233.33,255.08,234.98,137.97,30.04
2021-09-28,41452,40491.0,810.0,113.0,34.0,30,5.0,6.0,19.0,0.0,52.0,31.0,0.0,311.0,24020.0,1518.0,554881.0,285.0,275.0,4.0,28.0,3.0,13.0,62.24,1.24,1.24,1.23,1.98,267936.0,250416.0,16113.0,39419.0,0.0,,,,,,,,,,,,,,,,,4.0,4.0,3.0,4.0,4.0,4.0,3.0,27.0,59.0,6.0,48.0,52.0,55.0,13.0,0.86,0.94,1.3,0.61,1.04,6020.0,2833.0,660.0,44.0,7.0,61.0,106.0,78.6,78.6,81.2,84.1,42.9,65.6,66.0,1.7,0.9,0.5,0.0,16.7,0.0,1.1,99.2,97.9,99.8,100.0,100.0,100.0,100.0,99.2,97.9,99.8,100.0,100.0,100.0,100.0,248.0,11.0,6.0,15.0,576.0,18.0,41.0,0.0,915.0,188.0,4.0,3.0,7.0,570.0,14.0,24.0,23.0,2.0,0.0,2.0,73.0,2.0,7.0,8.05,7.53,8.68,5.76,4.87,,,,,,,,,1.21,211.61,1.16,1.5,62.24,0.0,5.45,0.0,0.42,144.62,290.91,189.51,233.33,255.08,234.98,137.97,29.52
2021-09-29,41467,40492.0,810.0,127.0,48.0,13,10.0,1.0,2.0,0.0,52.0,1.0,0.0,611.0,24631.0,1812.0,556693.0,285.0,285.0,4.0,28.0,3.0,14.0,62.24,1.28,1.26,1.41,0.72,270173.0,250628.0,16320.0,40304.0,0.0,,,,,,,,,,,,,,,,,4.0,4.0,3.0,4.0,4.0,4.0,4.0,28.0,60.0,7.0,49.0,53.0,56.0,0.0,0.86,0.94,1.3,0.61,1.04,6020.0,2833.0,660.0,44.0,7.0,61.0,106.0,78.6,78.6,81.2,84.1,42.9,65.6,66.0,1.7,0.9,0.5,0.0,16.7,0.0,1.1,99.2,97.9,99.8,100.0,100.0,100.0,100.0,99.2,97.9,99.8,100.0,100.0,100.0,100.0,248.0,11.0,6.0,15.0,576.0,18.0,41.0,0.0,915.0,188.0,4.0,3.0,7.0,570.0,14.0,24.0,23.0,2.0,0.0,2.0,73.0,2.0,7.0,8.34,7.7,8.97,6.15,5.67,,,,,,,,,1.24,211.61,1.25,0.43,62.24,0.0,5.56,0.0,0.29,144.62,290.91,189.51,233.33,255.08,234.98,137.97,33.18
2021-09-30,41498,40499.0,810.0,150.0,48.0,30,7.0,19.0,4.0,2.0,52.0,7.0,0.0,435.0,25066.0,2022.0,558715.0,285.0,319.0,4.0,28.0,3.0,15.0,62.24,1.29,1.28,1.44,1.38,272171.0,250826.0,16463.0,41089.0,0.0,,,,,,,,,,,,,,,,,4.0,4.0,3.0,4.0,4.0,4.0,4.0,29.0,61.0,8.0,50.0,54.0,57.0,1.0,0.86,0.94,1.3,0.61,1.04,6020.0,2833.0,660.0,44.0,7.0,61.0,106.0,78.6,78.6,81.2,84.1,42.9,65.6,66.0,1.7,0.9,0.5,0.0,16.7,0.0,1.1,99.2,97.9,99.8,100.0,100.0,100.0,100.0,99.2,97.9,99.8,100.0,100.0,100.0,100.0,248.0,11.0,6.0,15.0,576.0,18.0,41.0,0.0,915.0,188.0,4.0,3.0,7.0,570.0,14.0,24.0,23.0,2.0,0.0,2.0,73.0,2.0,7.0,8.28,8.26,6.26,6.56,6.12,,,,,,,,,1.2,211.61,1.41,2.31,62.24,0.0,5.82,0.46,0.31,144.62,290.91,189.51,233.33,255.08,234.98,137.97,39.19
2021-10-01,41536,40530.0,810.0,157.0,54.0,36,14.0,18.0,4.0,0.0,52.0,31.0,0.0,417.0,25483.0,1654.0,560369.0,285.0,328.0,4.0,28.0,3.0,19.0,64.8,1.25,1.3,1.4,2.18,274358.0,251002.0,16597.0,41858.0,0.0,15942.0,231.0,168.0,463.0,29910.0,1023.0,2371.0,872.0,43.0,0.0,0.0,0.0,139.0,1.0,5.0,24.0,4.0,4.0,3.0,4.0,4.0,4.0,4.0,30.0,62.0,9.0,51.0,55.0,58.0,2.0,0.86,0.94,1.3,0.61,1.04,6020.0,2833.0,660.0,44.0,7.0,61.0,106.0,78.6,78.6,81.2,84.1,42.9,65.6,66.0,1.7,0.9,0.5,0.0,16.7,0.0,1.1,99.2,97.9,99.8,100.0,100.0,100.0,100.0,99.2,97.9,99.8,100.0,100.0,100.0,100.0,248.0,11.0,6.0,15.0,576.0,19.0,41.0,0.0,916.0,188.0,4.0,3.0,7.0,570.0,14.0,24.0,23.0,2.0,0.0,2.0,73.0,2.0,7.0,8.13,8.1,5.58,6.99,6.37,12263.2,16800.0,10612.8,15433.3,13384.8,17170.2,13630.4,13318.6,1.28,211.61,1.39,1.2,64.8,0.0,6.12,0.0,0.16,144.62,290.91,189.51,233.33,255.08,234.98,137.97,41.02
2021-10-02,41557,40550.0,810.0,158.0,56.0,21,14.0,6.0,1.0,2.0,52.0,20.0,0.0,671.0,26154.0,1333.0,561702.0,285.0,354.0,4.0,22.0,4.0,13.0,66.65,1.22,1.26,1.35,1.43,274793.0,251048.0,16635.0,41941.0,0.0,,,,,,,,,,,,,,,,,4.0,4.0,3.0,4.0,4.0,4.0,4.0,31.0,63.0,10.0,52.0,56.0,59.0,3.0,,,,,,6020.0,2833.0,660.0,44.0,7.0,61.0,106.0,78.6,78.6,81.2,84.1,42.9,65.6,66.0,1.7,0.9,0.5,0.0,16.7,0.0,1.1,99.2,97.9,99.8,100.0,100.0,100.0,100.0,99.2,97.9,99.8,100.0,100.0,100.0,100.0,248.0,11.0,6.0,15.0,576.0,19.0,41.0,0.0,916.0,188.0,4.0,3.0,7.0,570.0,14.0,24.0,23.0,2.0,0.0,2.0,73.0,2.0,7.0,6.19,6.02,4.55,7.19,6.52,,,,,,,,,1.3,211.61,1.58,0.58,66.65,0.0,6.23,0.3,0.17,144.62,290.91,189.51,233.33,255.08,234.98,137.97,41.28
2021-10-03,41580,40557.0,810.0,172.0,59.0,23,15.0,7.0,1.0,6.0,52.0,7.0,0.0,568.0,26722.0,1490.0,563192.0,285.0,344.0,4.0,22.0,4.0,14.0,68.65,1.18,1.22,1.27,1.14,274795.0,251049.0,16638.0,41945.0,0.0,,,,,,,,,,,,,,,,,4.0,4.0,3.0,4.0,4.0,4.0,4.0,32.0,64.0,11.0,53.0,57.0,60.0,4.0,0.87,1.02,1.33,0.51,0.91,6020.0,2833.0,660.0,44.0,7.0,61.0,106.0,78.6,78.6,81.2,84.1,42.9,65.6,66.0,1.7,0.9,0.5,0.0,16.7,0.0,1.1,99.2,97.9,99.8,100.0,100.0,100.0,100.0,99.2,97.9,99.8,100.0,100.0,100.0,100.0,248.0,11.0,6.0,15.0,576.0,19.0,41.0,0.0,916.0,188.0,4.0,3.0,7.0,570.0,14.0,24.0,23.0,2.0,0.0,2.0,73.0,2.0,7.0,5.54,5.54,4.03,7.31,6.47,,,,,,,,,1.34,211.61,1.62,1.1,68.65,0.0,6.46,1.06,0.32,144.62,290.91,189.51,233.33,255.08,234.98,137.97,44.94
2021-10-04,41619,40574.0,810.0,194.0,56.0,41,18.0,23.0,0.0,0.0,52.0,17.0,0.0,418.0,27140.0,2046.0,565238.0,285.0,334.0,4.0,22.0,4.0,13.0,71.01,1.15,1.19,1.19,2.0,276442.0,251270.0,16717.0,42782.0,0.0,15964.0,231.0,168.0,463.0,29979.0,1023.0,2382.0,868.0,53.0,0.0,0.0,0.0,164.0,1.0,16.0,19.0,4.0,4.0,3.0,4.0,4.0,4.0,4.0,33.0,65.0,12.0,54.0,58.0,61.0,5.0,0.86,0.96,1.33,0.62,0.98,6562.0,3516.0,761.0,23.0,7.0,53.0,122.0,81.6,79.8,87.0,56.5,85.7,81.1,78.7,1.4,0.8,2.0,0.0,0.0,0.0,0.0,98.9,99.3,98.4,92.9,100.0,100.0,99.0,98.9,99.3,98.4,92.9,100.0,100.0,99.0,248.0,11.0,6.0,16.0,577.0,19.0,41.0,0.0,918.0,188.0,4.0,3.0,7.0,570.0,14.0,24.0,23.0,2.0,0.0,2.0,73.0,2.0,7.0,8.78,8.82,5.61,7.42,6.24,12280.1,16800.0,10612.8,15433.3,13415.6,17170.2,13693.6,13344.2,1.55,211.61,1.62,1.78,71.01,0.0,7.24,0.0,0.26,144.62,290.91,189.51,233.33,255.08,234.98,137.97,50.68
2021-10-05,41649,40620.0,810.0,178.0,53.0,31,19.0,10.0,2.0,6.0,52.0,46.0,0.0,394.0,27534.0,1765.0,567003.0,285.0,318.0,4.0,22.0,3.0,13.0,73.24,1.11,1.15,1.09,1.42,277709.0,251457.0,16852.0,43567.0,0.0,,,,,,,,,,,,,,,,,4.0,4.0,3.0,4.0,4.0,4.0,4.0,34.0,66.0,13.0,55.0,59.0,62.0,6.0,0.86,0.96,1.33,0.62,0.98,6562.0,3516.0,761.0,23.0,7.0,53.0,122.0,81.6,79.8,87.0,56.5,85.7,81.1,78.7,1.4,0.8,2.0,0.0,0.0,0.0,0.0,98.9,99.3,98.4,92.9,100.0,100.0,99.0,98.9,99.3,98.4,92.9,100.0,100.0,99.0,248.0,11.0,6.0,16.0,577.0,19.0,41.0,0.0,918.0,188.0,4.0,3.0,7.0,570.0,14.0,24.0,23.0,2.0,0.0,2.0,73.0,2.0,7.0,7.57,7.89,5.27,7.48,5.75,,,,,,,,,1.47,211.61,1.34,0.76,73.24,0.0,7.28,1.52,0.48,144.62,290.91,189.51,233.33,255.08,234.98,137.97,46.5
2021-10-06,41663,40637.0,810.0,175.0,58.0,17,12.0,3.0,2.0,2.0,52.0,17.0,0.0,500.0,28034.0,1164.0,568167.0,285.0,327.0,4.0,22.0,2.0,13.0,74.3,1.05,1.12,0.96,1.29,279092.0,251604.0,16950.0,44262.0,0.0,,,,,,,,,,,,,,,,,4.0,4.0,4.0,4.0,3.0,4.0,4.0,35.0,67.0,0.0,56.0,0.0,63.0,7.0,0.86,0.96,1.33,0.62,0.98,6562.0,3516.0,761.0,23.0,7.0,53.0,122.0,81.6,79.8,87.0,56.5,85.7,81.1,78.7,1.4,0.8,2.0,0.0,0.0,0.0,0.0,98.9,99.3,98.4,92.9,100.0,100.0,99.0,98.9,99.3,98.4,92.9,100.0,100.0,99.0,248.0,11.0,6.0,16.0,577.0,19.0,41.0,0.0,918.0,188.0,4.0,3.0,7.0,570.0,14.0,24.0,23.0,2.0,0.0,2.0,73.0,2.0,7.0,6.84,7.59,3.97,7.46,5.04,,,,,,,,,1.55,211.61,1.34,0.55,74.3,0.0,7.43,0.4,0.53,144.62,290.91,189.51,233.33,255.08,234.98,137.97,45.72
2021-10-07,41706,40655.0,810.0,199.0,55.0,47,30.0,12.0,5.0,6.0,52.0,18.0,0.0,449.0,28483.0,2450.0,570617.0,285.0,264.0,4.0,22.0,2.0,15.0,76.16,1.02,1.08,0.95,1.67,280451.0,251738.0,17054.0,45017.0,0.0,,,,,,,,,,,,,,,,,4.0,4.0,4.0,4.0,3.0,4.0,4.0,36.0,68.0,1.0,57.0,1.0,64.0,8.0,0.86,0.96,1.33,0.62,0.98,6562.0,3516.0,761.0,23.0,7.0,53.0,122.0,81.6,79.8,87.0,56.5,85.7,81.1,78.7,1.4,0.8,2.0,0.0,0.0,0.0,0.0,98.9,99.3,98.4,92.9,100.0,100.0,99.0,98.9,99.3,98.4,92.9,100.0,100.0,99.0,248.0,11.0,6.0,16.0,577.0,19.0,41.0,0.0,918.0,188.0,4.0,3.0,7.0,570.0,14.0,24.0,23.0,2.0,0.0,2.0,73.0,2.0,7.0,7.37,7.55,4.95,7.36,4.85,,,,,,,,,1.59,211.61,1.38,2.76,76.16,0.0,8.06,1.34,0.66,144.62,290.91,189.51,233.33,255.08,234.98,137.97,51.99
2021-10-08,41723,40690.0,810.0,181.0,59.0,18,11.0,7.0,0.0,0.0,52.0,35.0,0.0,460.0,28943.0,1201.0,571818.0,285.0,241.0,4.0,22.0,4.0,13.0,75.97,0.98,1.03,0.94,1.5,281783.0,251899.0,17146.0,45921.0,0.0,15997.0,231.0,169.0,468.0,30076.0,1024.0,2382.0,871.0,51.0,0.0,1.0,5.0,169.0,0.0,12.0,3.0,4.0,4.0,4.0,4.0,3.0,4.0,4.0,37.0,69.0,2.0,58.0,2.0,65.0,9.0,0.86,0.96,1.33,0.62,0.98,6562.0,3516.0,761.0,23.0,7.0,53.0,122.0,81.6,79.8,87.0,56.5,85.7,81.1,78.7,1.4,0.8,2.0,0.0,0.0,0.0,0.0,98.9,99.3,98.4,92.9,100.0,100.0,99.0,98.9,99.3,98.4,92.9,100.0,100.0,99.0,248.0,11.0,6.0,16.0,579.0,19.0,41.0,0.0,920.0,188.0,4.0,3.0,7.0,570.0,14.0,24.0,23.0,2.0,0.0,2.0,74.0,2.0,7.0,6.07,6.83,4.35,7.18,4.68,12305.5,16800.0,10675.9,15600.0,13459.1,17187.0,13693.6,13380.8,1.49,211.61,1.21,0.38,75.97,0.0,7.39,0.0,0.66,144.62,290.91,189.51,233.33,255.08,234.98,137.97,47.29
2021-10-09,41761,40715.0,810.0,193.0,60.0,42,32.0,8.0,2.0,3.0,52.0,25.0,0.0,506.0,29449.0,1063.0,572881.0,285.0,273.0,4.0,22.0,3.0,16.0,77.27,1.0,1.05,1.01,3.67,282006.0,251931.0,17186.0,46039.0,0.0,,,,,,,,,,,,,,,,,4.0,4.0,4.0,4.0,3.0,4.0,4.0,38.0,70.0,3.0,59.0,3.0,66.0,10.0,0.89,1.03,1.39,0.65,0.83,6562.0,3516.0,761.0,23.0,7.0,53.0,122.0,81.6,79.8,87.0,56.5,85.7,81.1,78.7,1.4,0.8,2.0,0.0,0.0,0.0,0.0,98.9,99.3,98.4,92.9,100.0,100.0,99.0,98.9,99.3,98.4,92.9,100.0,100.0,99.0,248.0,11.0,6.0,16.0,579.0,19.0,41.0,0.0,920.0,188.0,4.0,3.0,7.0,570.0,14.0,24.0,23.0,2.0,0.0,2.0,74.0,2.0,7.0,7.37,7.3,6.09,7.36,4.9,,,,,,,,,1.81,211.61,1.31,2.33,77.27,0.0,8.17,0.59,0.7,144.62,290.91,189.51,233.33,255.08,234.98,137.97,50.42
2021-10-10,41777,40743.0,810.0,181.0,60.0,17,11.0,6.0,0.0,5.0,52.0,28.0,0.0,424.0,29873.0,1503.0,574384.0,285.0,271.0,4.0,22.0,3.0,16.0,77.92,1.02,1.05,1.09,0.8,282008.0,251931.0,17187.0,46040.0,0.0,,,,,,,,,,,,,,,,,4.0,4.0,4.0,4.0,3.0,4.0,4.0,39.0,71.0,4.0,60.0,4.0,67.0,11.0,0.89,1.03,1.39,0.65,0.83,6562.0,3516.0,761.0,23.0,7.0,53.0,122.0,81.6,79.8,87.0,56.5,85.7,81.1,78.7,1.4,0.8,2.0,0.0,0.0,0.0,0.0,98.9,99.3,98.4,92.9,100.0,100.0,99.0,98.9,99.3,98.4,92.9,100.0,100.0,99.0,248.0,11.0,6.0,16.0,579.0,19.0,41.0,0.0,920.0,188.0,4.0,3.0,7.0,570.0,14.0,24.0,23.0,2.0,0.0,2.0,74.0,2.0,7.0,6.05,5.9,6.76,7.41,5.29,,,,,,,,,1.76,211.61,1.23,0.4,77.92,0.0,7.95,1.18,0.72,144.62,290.91,189.51,233.33,255.08,234.98,137.97,47.29
2021-10-11,41810,40779.0,810.0,178.0,82.0,36,21.0,15.0,0.0,0.0,52.0,36.0,0.0,363.0,30236.0,2170.0,576554.0,285.0,240.0,4.0,22.0,4.0,14.0,78.57,1.02,1.04,1.24,1.66,282014.0,251933.0,17187.0,46048.0,0.0,16023.0,231.0,169.0,468.0,30172.0,1024.0,2385.0,872.0,62.0,0.0,1.0,3.0,183.0,0.0,3.0,5.0,4.0,4.0,4.0,4.0,3.0,4.0,4.0,40.0,72.0,5.0,61.0,5.0,68.0,12.0,0.87,0.94,1.32,0.59,0.97,6358.0,3451.0,412.0,46.0,8.0,103.0,124.0,82.3,82.9,78.6,84.8,100.0,82.5,84.7,2.0,1.1,0.3,0.0,0.0,4.8,0.0,98.5,99.0,98.7,100.0,100.0,100.0,100.0,98.5,99.0,98.7,100.0,100.0,100.0,100.0,248.0,11.0,6.0,16.0,580.0,19.0,41.0,0.0,921.0,188.0,4.0,3.0,7.0,570.0,14.0,24.0,23.0,2.0,0.0,2.0,74.0,2.0,7.0,9.05,8.72,11.12,7.4,6.07,12325.5,16800.0,10675.9,15600.0,13502.0,17187.0,13710.8,13413.7,1.71,211.61,1.07,2.12,78.57,0.0,7.76,0.0,0.72,144.62,290.91,189.51,233.33,255.08,234.98,137.97,46.5
2021-10-12,41830,40818.0,810.0,159.0,86.0,22,15.0,4.0,3.0,4.0,52.0,39.0,0.0,474.0,30710.0,1266.0,577820.0,285.0,239.0,4.0,22.0,3.0,15.0,79.87,1.09,1.08,1.37,1.42,283047.0,252463.0,17300.0,47289.0,0.0,,,,,,,,,,,,,,,,,4.0,4.0,4.0,4.0,3.0,4.0,4.0,41.0,73.0,6.0,62.0,6.0,69.0,13.0,0.87,0.94,1.32,0.59,0.97,6358.0,3451.0,412.0,46.0,8.0,103.0,124.0,82.3,82.9,78.6,84.8,100.0,82.5,84.7,2.0,1.1,0.3,0.0,0.0,4.8,0.0,98.5,99.0,98.7,100.0,100.0,100.0,100.0,98.5,99.0,98.7,100.0,100.0,100.0,100.0,248.0,11.0,6.0,16.0,580.0,19.0,41.0,0.0,921.0,188.0,4.0,3.0,7.0,570.0,14.0,24.0,23.0,2.0,0.0,2.0,74.0,2.0,7.0,10.96,10.46,11.46,7.76,6.96,,,,,,,,,1.72,211.61,1.02,0.61,79.87,0.0,7.43,0.84,0.62,144.62,290.91,189.51,233.33,255.08,234.98,137.97,41.54
2021-10-13,41867,40839.0,810.0,175.0,71.0,42,27.0,15.0,0.0,1.0,52.0,21.0,0.0,367.0,31077.0,1345.0,579165.0,285.0,219.0,4.0,22.0,3.0,14.0,81.17,1.17,1.1,1.78,3.05,284202.0,253049.0,17380.0,48807.0,0.0,,,,,,,,,,,,,,,,,4.0,4.0,4.0,4.0,3.0,4.0,4.0,42.0,74.0,7.0,63.0,7.0,70.0,14.0,0.87,0.94,1.32,0.59,0.97,6358.0,3451.0,412.0,46.0,8.0,103.0,124.0,82.3,82.9,78.6,84.8,100.0,82.5,84.7,2.0,1.1,0.3,0.0,0.0,4.8,0.0,98.5,99.0,98.7,100.0,100.0,100.0,100.0,98.5,99.0,98.7,100.0,100.0,100.0,100.0,248.0,11.0,6.0,16.0,580.0,19.0,41.0,0.0,921.0,188.0,4.0,3.0,7.0,570.0,14.0,24.0,23.0,2.0,0.0,2.0,74.0,2.0,7.0,11.72,9.22,22.38,8.0,9.59,,,,,,,,,1.97,211.61,1.13,1.91,81.17,0.0,8.36,0.27,0.6,144.62,290.91,189.51,233.33,255.08,234.98,137.97,45.72
2021-10-14,41888,40861.0,810.0,174.0,85.0,22,14.0,7.0,1.0,8.0,52.0,22.0,0.0,646.0,31723.0,1666.0,580831.0,285.0,235.0,4.0,22.0,3.0,16.0,82.47,1.15,1.08,1.68,0.84,285302.0,253423.0,17457.0,50348.0,0.0,,,,,,,,,,,,,,,,,4.0,4.0,4.0,4.0,3.0,4.0,4.0,43.0,75.0,8.0,64.0,8.0,71.0,15.0,0.87,0.94,1.32,0.59,0.97,6358.0,3451.0,412.0,46.0,8.0,103.0,124.0,82.3,82.9,78.6,84.8,100.0,82.5,84.7,2.0,1.1,0.3,0.0,0.0,4.8,0.0,98.5,99.0,98.7,100.0,100.0,100.0,100.0,98.5,99.0,98.7,100.0,100.0,100.0,100.0,248.0,11.0,6.0,16.0,580.0,19.0,41.0,0.0,921.0,188.0,4.0,3.0,7.0,570.0,14.0,24.0,23.0,2.0,0.0,2.0,74.0,2.0,7.0,8.11,7.64,8.8,8.01,10.14,,,,,,,,,1.85,211.61,0.92,0.52,82.47,0.0,7.43,1.24,0.59,144.62,290.91,189.51,233.33,255.08,234.98,137.97,45.46
2021-10-15,41910,40886.0,810.0,167.0,92.0,27,18.0,8.0,1.0,3.0,52.0,25.0,0.0,375.0,32098.0,1400.0,582231.0,285.0,286.0,4.0,22.0,4.0,16.0,84.42,1.15,1.06,1.66,1.71,286173.0,253670.0,17533.0,52040.0,0.0,16059.0,232.0,170.0,469.0,30259.0,1024.0,2395.0,873.0,60.0,1.0,1.0,1.0,177.0,0.0,11.0,3.0,4.0,4.0,4.0,4.0,3.0,4.0,4.0,44.0,76.0,9.0,65.0,9.0,72.0,16.0,0.87,0.94,1.32,0.59,0.97,6358.0,3451.0,412.0,46.0,8.0,103.0,124.0,82.3,82.9,78.6,84.8,100.0,82.5,84.7,2.0,1.1,0.3,0.0,0.0,4.8,0.0,98.5,99.0,98.7,100.0,100.0,100.0,100.0,98.5,99.0,98.7,100.0,100.0,100.0,100.0,249.0,11.0,6.0,16.0,583.0,19.0,41.0,0.0,925.0,188.0,4.0,3.0,7.0,570.0,14.0,24.0,23.0,2.0,0.0,2.0,74.0,2.0,7.0,8.03,6.76,12.21,8.0,11.26,12353.2,16872.7,10739.1,15633.3,13540.9,17187.0,13768.3,13449.5,1.88,211.61,1.05,1.23,84.42,0.0,7.76,0.8,0.7,144.62,290.91,189.51,233.33,255.08,234.98,137.97,43.63
2021-10-16,41955,40912.0,810.0,186.0,96.0,48,32.0,14.0,2.0,5.0,52.0,26.0,0.0,622.0,32720.0,1467.0,583698.0,285.0,295.0,4.0,22.0,4.0,16.0,85.06,1.12,1.04,1.52,2.93,286301.0,253701.0,17534.0,52202.0,0.0,,,,,,,,,,,,,,,,,4.0,4.0,4.0,4.0,3.0,4.0,4.0,45.0,77.0,10.0,66.0,10.0,73.0,17.0,0.93,1.03,1.59,0.67,0.99,6358.0,3451.0,412.0,46.0,8.0,103.0,124.0,82.3,82.9,78.6,84.8,100.0,82.5,84.7,2.0,1.1,0.3,0.0,0.0,4.8,0.0,98.5,99.0,98.7,100.0,100.0,100.0,100.0,98.5,99.0,98.7,100.0,100.0,100.0,100.0,249.0,11.0,6.0,16.0,583.0,19.0,41.0,0.0,925.0,188.0,4.0,3.0,7.0,570.0,14.0,24.0,23.0,2.0,0.0,2.0,74.0,2.0,7.0,7.5,6.92,7.47,7.95,11.46,,,,,,,,,1.77,211.61,0.98,1.78,85.06,0.0,7.99,0.8,0.73,144.62,290.91,189.51,233.33,255.08,234.98,137.97,48.59
2021-10-17,41998,40941.0,810.0,199.0,109.0,46,29.0,10.0,7.0,4.0,52.0,29.0,0.0,424.0,33144.0,1512.0,585210.0,285.0,299.0,4.0,22.0,4.0,16.0,85.71,1.1,1.04,1.41,2.78,286303.0,253701.0,17536.0,52205.0,0.0,,,,,,,,,,,,,,,,,4.0,4.0,4.0,4.0,3.0,4.0,4.0,46.0,78.0,11.0,67.0,11.0,74.0,18.0,0.93,1.03,1.59,0.67,0.99,6358.0,3451.0,412.0,46.0,8.0,103.0,124.0,82.3,82.9,78.6,84.8,100.0,82.5,84.7,2.0,1.1,0.3,0.0,0.0,4.8,0.0,98.5,99.0,98.7,100.0,100.0,100.0,100.0,98.5,99.0,98.7,100.0,100.0,100.0,100.0,249.0,11.0,6.0,16.0,583.0,19.0,41.0,0.0,925.0,188.0,4.0,3.0,7.0,570.0,14.0,24.0,23.0,2.0,0.0,2.0,74.0,2.0,7.0,6.12,5.96,8.07,7.95,11.65,,,,,,,,,2.06,211.61,1.14,0.96,85.71,0.0,9.07,0.94,0.7,144.62,290.91,189.51,233.33,255.08,234.98,137.97,51.99
2021-10-18,42025,40970.0,810.0,197.0,108.0,28,14.0,9.0,5.0,3.0,52.0,29.0,0.0,295.0,33439.0,2205.0,587415.0,363.0,300.0,5.0,22.0,4.0,17.0,87.66,1.13,1.1,1.31,1.13,287366.0,254221.0,17618.0,54074.0,0.0,16090.0,232.0,170.0,473.0,30359.0,1026.0,2408.0,881.0,63.0,1.0,1.0,5.0,198.0,2.0,23.0,9.0,4.0,4.0,4.0,4.0,3.0,4.0,4.0,47.0,79.0,12.0,68.0,12.0,75.0,19.0,0.88,0.94,1.31,0.61,0.91,6250.0,2919.0,444.0,50.0,5.0,40.0,141.0,82.0,78.8,82.4,90.0,60.0,62.5,79.4,2.1,1.5,2.3,2.4,0.0,12.9,0.0,98.0,99.0,99.1,100.0,80.0,100.0,100.0,98.0,99.0,99.1,100.0,80.0,100.0,100.0,249.0,11.0,6.0,16.0,584.0,19.0,41.0,0.0,926.0,188.0,4.0,3.0,7.0,570.0,14.0,24.0,23.0,2.0,0.0,2.0,74.0,2.0,7.0,12.12,12.52,11.04,8.5,11.63,12377.0,16872.7,10739.1,15766.7,13585.7,17220.5,13843.1,13490.8,1.98,211.61,1.13,0.61,87.66,0.0,8.77,1.02,0.85,144.62,290.91,189.51,233.33,255.08,234.98,137.97,51.47
2021-10-19,42061,40997.0,810.0,206.0,88.0,43,26.0,14.0,3.0,5.0,52.0,27.0,0.0,380.0,33819.0,1694.0,589109.0,363.0,293.0,5.0,22.0,4.0,17.0,89.61,1.1,1.1,1.2,2.24,288357.0,254777.0,17702.0,56041.0,0.0,,,,,,,,,,,,,,,,,4.0,4.0,4.0,4.0,3.0,4.0,4.0,48.0,80.0,13.0,69.0,13.0,76.0,20.0,0.88,0.94,1.31,0.61,0.91,6250.0,2919.0,444.0,50.0,5.0,40.0,141.0,82.0,78.8,82.4,90.0,60.0,62.5,79.4,2.1,1.5,2.3,2.4,0.0,12.9,0.0,98.0,99.0,99.1,100.0,80.0,100.0,100.0,98.0,99.0,99.1,100.0,80.0,100.0,100.0,249.0,11.0,6.0,16.0,584.0,19.0,41.0,0.0,926.0,188.0,4.0,3.0,7.0,570.0,14.0,24.0,23.0,2.0,0.0,2.0,74.0,2.0,7.0,10.95,11.36,8.26,8.63,11.18,,,,,,,,,2.1,211.61,1.29,1.54,89.61,0.0,9.55,1.32,0.91,144.62,290.91,189.51,233.33,255.08,234.98,137.97,53.82
2021-10-20,42073,41025.0,810.0,190.0,80.0,12,8.0,3.0,1.0,4.0,52.0,28.0,0.0,529.0,34348.0,1969.0,591078.0,363.0,292.0,5.0,22.0,4.0,17.0,92.21,1.07,1.11,0.95,0.41,289104.0,255396.0,17781.0,58175.0,0.0,,,,,,,,,,,,,,,,,4.0,4.0,4.0,4.0,3.0,4.0,4.0,49.0,81.0,14.0,70.0,14.0,77.0,21.0,0.88,0.94,1.31,0.61,0.91,6250.0,2919.0,444.0,50.0,5.0,40.0,141.0,82.0,78.8,82.4,90.0,60.0,62.5,79.4,2.1,1.5,2.3,2.4,0.0,12.9,0.0,98.0,99.0,99.1,100.0,80.0,100.0,100.0,98.0,99.0,99.1,100.0,80.0,100.0,100.0,249.0,11.0,6.0,16.0,584.0,19.0,41.0,0.0,926.0,188.0,4.0,3.0,7.0,570.0,14.0,24.0,23.0,2.0,0.0,2.0,74.0,2.0,7.0,11.13,10.85,7.25,8.86,9.01,,,,,,,,,1.72,211.61,1.01,0.28,92.21,0.0,8.43,0.76,0.98,144.62,290.91,189.51,233.33,255.08,234.98,137.97,49.64
2021-10-21,42110,41052.0,810.0,200.0,92.0,39,25.0,8.0,6.0,5.0,52.0,27.0,0.0,575.0,34923.0,2011.0,593089.0,429.0,365.0,6.0,22.0,5.0,16.0,93.51,1.09,1.14,0.9,1.69,289926.0,255935.0,17840.0,60416.0,0.0,,,,,,,,,,,,,,,,,4.0,4.0,4.0,4.0,3.0,4.0,4.0,50.0,82.0,15.0,71.0,15.0,78.0,22.0,0.88,0.94,1.31,0.61,0.91,6250.0,2919.0,444.0,50.0,5.0,40.0,141.0,82.0,78.8,82.4,90.0,60.0,62.5,79.4,2.1,1.5,2.3,2.4,0.0,12.9,0.0,98.0,99.0,99.1,100.0,80.0,100.0,100.0,98.0,99.0,99.1,100.0,80.0,100.0,100.0,249.0,11.0,6.0,16.0,584.0,19.0,41.0,0.0,926.0,188.0,4.0,3.0,7.0,570.0,14.0,24.0,23.0,2.0,0.0,2.0,74.0,2.0,7.0,10.4,10.94,5.34,9.33,8.52,,,,,,,,,1.84,211.61,1.22,3.25,93.51,0.0,9.07,0.87,0.93,144.62,290.91,189.51,233.33,255.08,234.98,137.97,52.25
2021-10-22,42156,41075.0,810.0,222.0,92.0,45,31.0,7.0,7.0,5.0,52.0,23.0,0.0,509.0,35432.0,1478.0,594567.0,429.0,357.0,6.0,25.0,6.0,18.0,94.23,1.13,1.18,0.84,2.71,290579.0,256575.0,17936.0,63520.0,0.0,16115.0,232.0,172.0,479.0,30468.0,1031.0,2416.0,887.0,57.0,0.0,2.0,10.0,199.0,6.0,23.0,15.0,4.0,4.0,4.0,4.0,3.0,4.0,4.0,51.0,83.0,16.0,72.0,16.0,79.0,23.0,0.88,0.94,1.31,0.61,0.91,6250.0,2919.0,444.0,50.0,5.0,40.0,141.0,82.0,78.8,82.4,90.0,60.0,62.5,79.4,2.1,1.5,2.3,2.4,0.0,12.9,0.0,98.0,99.0,99.1,100.0,80.0,100.0,100.0,98.0,99.0,99.1,100.0,80.0,100.0,100.0,250.0,11.0,6.0,16.0,584.0,19.0,41.0,0.0,927.0,188.0,4.0,3.0,7.0,570.0,14.0,24.0,23.0,2.0,0.0,2.0,74.0,2.0,7.0,11.29,10.81,6.09,9.91,7.64,12396.2,16872.7,10865.4,15966.7,13634.5,17304.5,13889.0,13532.8,1.98,211.61,1.25,1.15,94.23,0.0,9.74,0.98,0.96,144.62,290.91,189.51,233.33,255.08,234.98,137.97,58.0
2021-10-23,42205,41125.0,810.0,221.0,95.0,51,33.0,14.0,4.0,6.0,52.0,50.0,0.0,615.0,36047.0,1039.0,595606.0,429.0,379.0,6.0,25.0,7.0,17.0,94.96,1.12,1.17,0.86,4.33,290687.0,256659.0,17936.0,63864.0,0.0,,,,,,,,,,,,,,,,,4.0,4.0,4.0,3.0,3.0,4.0,4.0,52.0,84.0,17.0,0.0,17.0,80.0,24.0,0.94,1.02,1.33,0.64,0.85,6250.0,2919.0,444.0,50.0,5.0,40.0,141.0,82.0,78.8,82.4,90.0,60.0,62.5,79.4,2.1,1.5,2.3,2.4,0.0,12.9,0.0,98.0,99.0,99.1,100.0,80.0,100.0,100.0,98.0,99.0,99.1,100.0,80.0,100.0,100.0,250.0,11.0,6.0,16.0,584.0,19.0,41.0,0.0,927.0,188.0,4.0,3.0,7.0,570.0,14.0,24.0,23.0,2.0,0.0,2.0,74.0,2.0,7.0,8.44,8.34,6.64,10.11,7.53,,,,,,,,,2.18,211.61,1.23,1.13,94.96,0.0,9.85,0.98,0.98,144.62,290.91,189.51,233.33,255.08,234.98,137.97,57.74
2021-10-24,42234,41170.0,810.0,204.0,98.0,34,21.0,12.0,1.0,5.0,52.0,45.0,0.0,580.0,36627.0,1389.0,596995.0,429.0,414.0,6.0,28.0,7.0,20.0,95.75,1.12,1.16,0.85,2.09,290700.0,256664.0,17936.0,63869.0,0.0,,,,,,,,,,,,,,,,,4.0,4.0,4.0,3.0,3.0,4.0,4.0,53.0,85.0,18.0,1.0,18.0,81.0,25.0,0.94,1.02,1.33,0.64,0.85,6250.0,2919.0,444.0,50.0,5.0,40.0,141.0,82.0,78.8,82.4,90.0,60.0,62.5,79.4,2.1,1.5,2.3,2.4,0.0,12.9,0.0,98.0,99.0,99.1,100.0,80.0,100.0,100.0,98.0,99.0,99.1,100.0,80.0,100.0,100.0,250.0,11.0,6.0,16.0,584.0,19.0,41.0,0.0,927.0,188.0,4.0,3.0,7.0,570.0,14.0,24.0,23.0,2.0,0.0,2.0,74.0,2.0,7.0,7.71,7.85,5.19,10.38,7.11,,,,,,,,,2.09,211.61,1.04,0.67,95.75,0.0,9.41,0.86,0.97,144.62,290.91,189.51,233.33,255.08,234.98,137.97,53.3
2021-10-25,42264,41197.0,810.0,206.0,88.0,31,18.0,11.0,2.0,3.0,52.0,27.0,0.0,436.0,37063.0,1944.0,598939.0,429.0,386.0,6.0,28.0,7.0,19.0,95.38,1.11,1.13,0.83,1.44,291556.0,257698.0,18037.0,66680.0,0.0,16156.0,232.0,172.0,480.0,30574.0,1032.0,2417.0,885.0,58.0,0.0,1.0,5.0,203.0,7.0,10.0,8.0,4.0,4.0,4.0,3.0,3.0,4.0,4.0,54.0,86.0,19.0,2.0,19.0,82.0,26.0,0.9,0.96,1.31,0.69,0.89,6678.0,3322.0,452.0,53.0,10.0,61.0,153.0,77.3,76.4,75.0,83.0,50.0,50.8,68.0,2.2,1.9,1.8,0.0,0.0,13.9,1.7,99.7,99.9,100.0,100.0,100.0,100.0,100.0,99.7,99.9,100.0,100.0,100.0,100.0,100.0,250.0,11.0,6.0,16.0,585.0,19.0,42.0,0.0,929.0,188.0,4.0,3.0,7.0,570.0,14.0,24.0,23.0,2.0,0.0,2.0,74.0,2.0,7.0,13.33,12.94,7.4,10.44,6.59,12427.8,16872.7,10865.4,16000.0,13681.9,17321.2,13894.8,13571.5,2.13,211.61,1.09,0.91,95.38,0.0,9.52,0.69,0.92,144.62,290.91,189.51,233.33,255.08,234.98,137.97,53.82
2021-10-26,42302,41228.0,810.0,213.0,89.0,45,28.0,14.0,3.0,4.0,52.0,31.0,0.0,314.0,37377.0,1966.0,600905.0,429.0,318.0,6.0,28.0,7.0,19.0,95.01,1.09,1.09,0.89,2.09,292316.0,259024.0,18117.0,69846.0,0.0,,,,,,,,,,,,,,,,,4.0,4.0,4.0,3.0,3.0,4.0,4.0,55.0,87.0,20.0,3.0,20.0,83.0,27.0,0.9,0.96,1.31,0.69,0.89,6678.0,3322.0,452.0,53.0,10.0,61.0,153.0,77.3,76.4,75.0,83.0,50.0,50.8,68.0,2.2,1.9,1.8,0.0,0.0,13.9,1.7,99.7,99.9,100.0,100.0,100.0,100.0,100.0,99.7,99.9,100.0,100.0,100.0,100.0,100.0,250.0,11.0,6.0,16.0,585.0,19.0,42.0,0.0,929.0,188.0,4.0,3.0,7.0,570.0,14.0,24.0,23.0,2.0,0.0,2.0,74.0,2.0,7.0,10.95,10.58,8.8,10.33,6.67,,,,,,,,,2.11,211.61,1.0,1.45,95.01,0.0,9.59,1.27,0.92,144.62,290.91,189.51,233.33,255.08,234.98,137.97,55.65
2021-10-27,42342,41249.0,810.0,232.0,87.0,45,37.0,6.0,2.0,10.0,52.0,21.0,0.0,499.0,37876.0,1846.0,602751.0,363.0,310.0,5.0,28.0,7.0,17.0,93.62,1.07,1.07,0.93,1.9,293013.0,260512.0,18208.0,72884.0,0.0,,,,,,,,,,,,,,,,,4.0,4.0,4.0,3.0,3.0,4.0,4.0,56.0,88.0,21.0,4.0,21.0,84.0,28.0,0.9,0.96,1.31,0.69,0.89,6678.0,3322.0,452.0,53.0,10.0,61.0,153.0,77.3,76.4,75.0,83.0,50.0,50.8,68.0,2.2,1.9,1.8,0.0,0.0,13.9,1.7,99.7,99.9,100.0,100.0,100.0,100.0,100.0,99.7,99.9,100.0,100.0,100.0,100.0,100.0,250.0,11.0,6.0,16.0,585.0,19.0,42.0,0.0,929.0,188.0,4.0,3.0,7.0,570.0,14.0,24.0,23.0,2.0,0.0,2.0,74.0,2.0,7.0,10.84,11.03,7.71,10.36,6.74,,,,,,,,,2.32,211.61,1.28,1.0,93.62,0.0,10.82,2.0,1.09,144.62,290.91,189.51,233.33,255.08,234.98,137.97,60.61
2021-10-28,42379,41277.0,810.0,240.0,98.0,46,33.0,12.0,1.0,4.0,52.0,28.0,0.0,496.0,38372.0,2021.0,604772.0,363.0,288.0,5.0,28.0,7.0,17.0,92.22,1.05,1.05,1.0,2.08,293833.0,262025.0,18236.0,75761.0,0.0,,,,,,,,,,,,,,,,,4.0,4.0,4.0,3.0,3.0,4.0,4.0,57.0,89.0,22.0,5.0,22.0,85.0,29.0,0.9,0.96,1.31,0.69,0.89,6678.0,3322.0,452.0,53.0,10.0,61.0,153.0,77.3,76.4,75.0,83.0,50.0,50.8,68.0,2.2,1.9,1.8,0.0,0.0,13.9,1.7,99.7,99.9,100.0,100.0,100.0,100.0,100.0,99.7,99.9,100.0,100.0,100.0,100.0,100.0,250.0,11.0,6.0,16.0,585.0,19.0,42.0,0.0,929.0,188.0,4.0,3.0,7.0,570.0,14.0,24.0,23.0,2.0,0.0,2.0,74.0,2.0,7.0,10.16,10.37,7.95,10.28,7.11,,,,,,,,,2.38,211.61,1.22,1.02,92.22,0.0,11.08,0.81,1.08,144.62,290.91,189.51,233.33,255.08,234.98,137.97,62.7
2021-10-29,42447,41326.0,810.0,259.0,87.0,74,53.0,19.0,2.0,6.0,52.0,49.0,0.0,700.0,39072.0,1436.0,606208.0,363.0,270.0,5.0,28.0,7.0,19.0,91.78,1.01,1.01,1.07,4.74,294389.0,263551.0,18263.0,79043.0,0.0,16225.0,232.0,175.0,482.0,30704.0,1034.0,2423.0,886.0,101.0,0.0,3.0,3.0,218.0,2.0,8.0,6.0,4.0,4.0,4.0,3.0,3.0,4.0,4.0,58.0,90.0,23.0,6.0,23.0,86.0,30.0,0.9,0.96,1.31,0.69,0.89,6678.0,3322.0,452.0,53.0,10.0,61.0,153.0,77.3,76.4,75.0,83.0,50.0,50.8,68.0,2.2,1.9,1.8,0.0,0.0,13.9,1.7,99.7,99.9,100.0,100.0,100.0,100.0,100.0,99.7,99.9,100.0,100.0,100.0,100.0,100.0,251.0,11.0,6.0,16.0,585.0,19.0,42.0,0.0,930.0,188.0,4.0,3.0,7.0,570.0,14.0,24.0,23.0,2.0,0.0,2.0,74.0,2.0,7.0,9.2,8.51,8.53,9.95,7.46,12480.9,16872.7,11055.0,16066.7,13740.1,17354.8,13929.3,13627.1,2.66,211.61,1.25,1.61,91.78,0.0,12.17,0.86,1.07,144.62,290.91,189.51,233.33,255.08,234.98,137.97,67.66
2021-10-30,42467,41367.0,810.0,237.0,85.0,24,17.0,7.0,0.0,3.0,52.0,41.0,0.0,496.0,39568.0,988.0,607196.0,363.0,283.0,5.0,28.0,7.0,19.0,91.33,0.99,1.0,1.08,2.13,294465.0,263727.0,18264.0,79466.0,0.0,,,,,,,,,,,,,,,,,4.0,4.0,4.0,3.0,3.0,4.0,4.0,59.0,91.0,24.0,7.0,24.0,87.0,31.0,1.06,0.99,1.44,0.94,0.94,6678.0,3322.0,452.0,53.0,10.0,61.0,153.0,77.3,76.4,75.0,83.0,50.0,50.8,68.0,2.2,1.9,1.8,0.0,0.0,13.9,1.7,99.7,99.9,100.0,100.0,100.0,100.0,100.0,99.7,99.9,100.0,100.0,100.0,100.0,100.0,251.0,11.0,6.0,16.0,585.0,19.0,42.0,0.0,930.0,188.0,4.0,3.0,7.0,570.0,14.0,24.0,23.0,2.0,0.0,2.0,74.0,2.0,7.0,7.53,7.66,7.28,9.85,7.55,,,,,,,,,2.35,211.61,1.13,0.32,91.33,0.0,11.16,0.6,1.01,144.62,290.91,189.51,233.33,255.08,234.98,137.97,61.92
2021-10-31,42524,41409.0,811.0,251.0,93.0,62,41.0,19.0,2.0,6.0,52.0,42.0,1.0,824.0,40392.0,1503.0,608699.0,363.0,273.0,5.0,28.0,7.0,17.0,89.8,1.02,1.01,1.14,3.73,294465.0,263730.0,18268.0,79480.0,0.0,,,,,,,,,,,,,,,,,4.0,4.0,4.0,3.0,3.0,4.0,4.0,60.0,92.0,25.0,8.0,25.0,88.0,32.0,1.06,0.99,1.44,0.94,0.94,6678.0,3322.0,452.0,53.0,10.0,61.0,153.0,77.3,76.4,75.0,83.0,50.0,50.8,68.0,2.2,1.9,1.8,0.0,0.0,13.9,1.7,99.7,99.9,100.0,100.0,100.0,100.0,100.0,99.7,99.9,100.0,100.0,100.0,100.0,100.0,251.0,11.0,6.0,16.0,585.0,19.0,42.0,0.0,930.0,188.0,4.0,3.0,7.0,570.0,14.0,24.0,23.0,2.0,0.0,2.0,74.0,2.0,7.0,9.31,8.89,8.56,10.0,8.03,,,,,,,,,2.58,211.87,1.3,2.58,89.8,0.0,12.2,0.73,0.99,144.62,290.91,189.51,233.33,255.08,234.98,137.97,65.57
2021-11-01,42557,41448.0,811.0,243.0,97.0,37,21.0,12.0,4.0,6.0,52.0,39.0,0.0,667.0,41059.0,2222.0,610921.0,363.0,253.0,5.0,28.0,8.0,16.0,88.78,1.02,1.01,1.19,1.4,294466.0,263737.0,18274.0,79507.0,0.0,16266.0,232.0,175.0,482.0,30799.0,1033.0,2426.0,889.0,107.0,0.0,3.0,2.0,211.0,2.0,8.0,7.0,4.0,4.0,4.0,3.0,3.0,4.0,4.0,61.0,93.0,26.0,9.0,26.0,89.0,33.0,0.87,0.96,1.42,0.6,0.97,6533.0,3403.0,443.0,38.0,15.0,66.0,191.0,76.0,75.8,77.4,86.8,60.0,66.7,79.6,2.6,2.0,1.3,0.0,11.1,4.2,0.6,99.8,99.8,99.1,100.0,100.0,100.0,100.0,99.8,99.8,99.1,100.0,100.0,100.0,100.0,252.0,11.0,6.0,16.0,588.0,19.0,42.0,0.0,934.0,188.0,4.0,3.0,7.0,571.0,14.0,24.0,23.0,2.0,0.0,2.0,74.0,2.0,7.0,13.87,13.14,10.87,10.03,8.53,12512.4,16872.7,11055.0,16066.7,13782.6,17338.0,13946.5,13664.0,2.58,211.87,1.31,0.6,88.78,0.0,12.43,0.9,1.02,144.62,290.91,189.51,233.33,255.52,234.98,137.97,63.48
2021-11-02,42595,41499.0,811.0,230.0,84.0,43,27.0,14.0,2.0,0.0,52.0,51.0,0.0,592.0,41651.0,1842.0,612763.0,363.0,249.0,5.0,28.0,8.0,16.0,87.76,1.06,1.07,1.15,2.33,295098.0,265191.0,18389.0,82507.0,0.0,,,,,,,,,,,,,,,,,4.0,4.0,4.0,3.0,3.0,4.0,4.0,62.0,94.0,27.0,10.0,27.0,90.0,34.0,0.87,0.96,1.42,0.6,0.97,6533.0,3403.0,443.0,38.0,15.0,66.0,191.0,76.0,75.8,77.4,86.8,60.0,66.7,79.6,2.6,2.0,1.3,0.0,11.1,4.2,0.6,99.8,99.8,99.1,100.0,100.0,100.0,100.0,99.8,99.8,99.1,100.0,100.0,100.0,100.0,252.0,11.0,6.0,16.0,588.0,19.0,42.0,0.0,934.0,188.0,4.0,3.0,7.0,571.0,14.0,24.0,23.0,2.0,0.0,2.0,74.0,2.0,7.0,13.76,14.47,8.02,10.58,8.42,,,,,,,,,2.61,211.87,1.29,1.16,87.76,0.0,12.35,0.0,0.84,144.62,290.91,189.51,233.33,255.52,234.98,137.97,60.09
2021-11-03,42612,41525.0,811.0,221.0,86.0,23,20.0,3.0,0.0,3.0,52.0,26.0,0.0,673.0,42324.0,1182.0,613945.0,363.0,249.0,5.0,28.0,9.0,15.0,87.76,1.1,1.12,1.14,1.69,295815.0,266761.0,18466.0,85433.0,0.0,,,,,,,,,,,,,,,,,3.0,4.0,3.0,3.0,3.0,4.0,4.0,0.0,95.0,0.0,11.0,28.0,91.0,35.0,0.87,0.96,1.42,0.6,0.97,6533.0,3403.0,443.0,38.0,15.0,66.0,191.0,76.0,75.8,77.4,86.8,60.0,66.7,79.6,2.6,2.0,1.3,0.0,11.1,4.2,0.6,99.8,99.8,99.1,100.0,100.0,100.0,100.0,99.8,99.8,99.1,100.0,100.0,100.0,100.0,252.0,11.0,6.0,16.0,588.0,19.0,42.0,0.0,934.0,188.0,4.0,3.0,7.0,571.0,14.0,24.0,23.0,2.0,0.0,2.0,74.0,2.0,7.0,14.7,15.32,7.98,11.2,8.46,,,,,,,,,2.58,211.87,1.07,0.53,87.76,0.0,11.53,0.45,0.62,144.62,290.91,189.51,233.33,255.52,234.98,137.97,57.74
2021-11-04,42647,41554.0,811.0,227.0,84.0,37,32.0,4.0,1.0,13.0,52.0,29.0,0.0,643.0,42967.0,1655.0,615600.0,363.0,243.0,5.0,28.0,7.0,17.0,87.76,1.13,1.15,1.08,1.45,296564.0,268169.0,18544.0,88465.0,0.0,,,,,,,,,,,,,,,,,3.0,4.0,3.0,3.0,3.0,4.0,4.0,1.0,96.0,1.0,12.0,29.0,92.0,36.0,0.87,0.96,1.42,0.6,0.97,6533.0,3403.0,443.0,38.0,15.0,66.0,191.0,76.0,75.8,77.4,86.8,60.0,66.7,79.6,2.6,2.0,1.3,0.0,11.1,4.2,0.6,99.8,99.8,99.1,100.0,100.0,100.0,100.0,99.8,99.8,99.1,100.0,100.0,100.0,100.0,252.0,11.0,6.0,16.0,588.0,19.0,42.0,0.0,934.0,188.0,4.0,3.0,7.0,571.0,14.0,24.0,23.0,2.0,0.0,2.0,74.0,2.0,7.0,13.91,14.36,5.54,11.77,8.11,,,,,,,,,2.49,211.87,1.01,1.61,87.76,0.0,11.2,2.02,0.79,144.62,290.91,189.51,233.33,255.52,234.98,137.97,59.3
2021-11-05,42677,41602.0,811.0,209.0,91.0,32,24.0,6.0,2.0,11.0,52.0,48.0,0.0,645.0,43612.0,2051.0,617651.0,363.0,242.0,5.0,28.0,7.0,16.0,86.22,1.14,1.17,1.01,1.02,297302.0,269558.0,18609.0,91482.0,0.0,16308.0,232.0,179.0,482.0,30902.0,1039.0,2434.0,891.0,84.0,0.0,3.0,2.0,184.0,6.0,12.0,8.0,3.0,4.0,3.0,3.0,3.0,4.0,4.0,2.0,97.0,2.0,13.0,30.0,93.0,37.0,0.87,0.96,1.42,0.6,0.97,6533.0,3403.0,443.0,38.0,15.0,66.0,191.0,76.0,75.8,77.4,86.8,60.0,66.7,79.6,2.6,2.0,1.3,0.0,11.1,4.2,0.6,99.8,99.8,99.1,100.0,100.0,100.0,100.0,99.8,99.8,99.1,100.0,100.0,100.0,100.0,252.0,11.0,6.0,16.0,588.0,19.0,42.0,0.0,934.0,188.0,4.0,3.0,7.0,571.0,14.0,24.0,23.0,2.0,0.0,2.0,74.0,2.0,7.0,11.98,12.69,5.61,12.36,7.7,12544.7,16872.7,11307.6,16066.7,13828.7,17438.7,13992.5,13707.1,1.96,211.87,0.79,0.86,86.22,0.0,9.63,1.71,0.92,144.62,290.91,189.51,233.33,255.52,234.98,137.97,54.6
2021-11-06,42737,41644.0,811.0,227.0,100.0,70,53.0,10.0,7.0,8.0,52.0,42.0,0.0,537.0,44149.0,1346.0,618997.0,363.0,214.0,5.0,28.0,7.0,18.0,85.71,1.18,1.22,0.98,4.61,297383.0,269710.0,18613.0,91825.0,0.0,,,,,,,,,,,,,,,,,3.0,4.0,3.0,3.0,3.0,4.0,4.0,3.0,98.0,3.0,14.0,31.0,94.0,38.0,0.93,1.06,1.46,0.58,0.85,6533.0,3403.0,443.0,38.0,15.0,66.0,191.0,76.0,75.8,77.4,86.8,60.0,66.7,79.6,2.6,2.0,1.3,0.0,11.1,4.2,0.6,99.8,99.8,99.1,100.0,100.0,100.0,100.0,99.8,99.8,99.1,100.0,100.0,100.0,100.0,252.0,11.0,6.0,16.0,588.0,19.0,42.0,0.0,934.0,188.0,4.0,3.0,7.0,571.0,14.0,24.0,23.0,2.0,0.0,2.0,74.0,2.0,7.0,12.72,13.65,5.27,13.22,7.41,,,,,,,,,2.32,211.87,1.02,2.19,85.71,0.0,11.35,1.49,1.04,144.62,290.91,189.51,233.33,255.52,234.98,137.97,59.3
2021-11-07,42773,41680.0,811.0,227.0,119.0,40,24.0,9.0,7.0,5.0,52.0,36.0,0.0,752.0,44901.0,1563.0,620560.0,363.0,227.0,5.0,28.0,7.0,16.0,85.2,1.17,1.2,0.96,2.24,297383.0,269713.0,18613.0,91836.0,0.0,,,,,,,,,,,,,,,,,3.0,4.0,3.0,3.0,3.0,4.0,4.0,4.0,99.0,4.0,15.0,32.0,95.0,39.0,0.93,1.06,1.46,0.58,0.85,6533.0,3403.0,443.0,38.0,15.0,66.0,191.0,76.0,75.8,77.4,86.8,60.0,66.7,79.6,2.6,2.0,1.3,0.0,11.1,4.2,0.6,99.8,99.8,99.1,100.0,100.0,100.0,100.0,99.8,99.8,99.1,100.0,100.0,100.0,100.0,252.0,11.0,6.0,16.0,588.0,19.0,42.0,0.0,934.0,188.0,4.0,3.0,7.0,571.0,14.0,24.0,23.0,2.0,0.0,2.0,74.0,2.0,7.0,11.55,11.56,6.24,13.6,7.08,,,,,,,,,2.11,211.87,0.86,0.57,85.2,0.0,10.52,0.66,1.03,144.62,290.91,189.51,233.33,255.52,234.98,137.97,59.3
2021-11-08,42820,41725.0,811.0,229.0,110.0,55,35.0,19.0,1.0,1.0,52.0,45.0,0.0,658.0,45559.0,2417.0,622977.0,363.0,257.0,5.0,28.0,6.0,19.0,85.71,1.22,1.26,0.95,2.23,298255.0,270700.0,18706.0,94445.0,0.0,16362.0,232.0,179.0,483.0,31036.0,1042.0,2436.0,890.0,89.0,0.0,3.0,2.0,220.0,8.0,10.0,5.0,3.0,4.0,3.0,3.0,3.0,4.0,4.0,5.0,100.0,5.0,16.0,33.0,96.0,40.0,0.88,0.96,1.39,0.59,0.95,7196.0,3440.0,423.0,47.0,12.0,35.0,161.0,79.2,78.9,70.7,80.9,50.0,54.3,75.2,2.8,1.9,2.0,0.0,11.1,6.9,2.2,94.6,97.1,97.0,100.0,100.0,84.6,100.0,94.6,97.1,97.0,100.0,100.0,84.6,100.0,252.0,11.0,6.0,16.0,588.0,19.0,42.0,0.0,934.0,188.0,4.0,3.0,7.0,571.0,14.0,24.0,23.0,2.0,0.0,2.0,74.0,2.0,7.0,21.19,21.65,8.72,14.81,6.77,12586.3,16872.7,11307.6,16100.0,13888.7,17489.1,14004.0,13757.5,2.23,211.87,0.9,1.38,85.71,0.0,11.2,0.15,0.93,144.62,290.91,189.51,233.33,255.52,234.98,137.97,59.83
2021-11-09,42866,41760.0,811.0,240.0,99.0,50,32.0,17.0,1.0,2.0,52.0,35.0,0.0,602.0,46161.0,1060.0,624037.0,363.0,293.0,5.0,28.0,7.0,18.0,86.22,1.2,1.22,1.03,4.53,298972.0,271675.0,18815.0,96884.0,0.0,,,,,,,,,,,,,,,,,3.0,4.0,3.0,3.0,3.0,4.0,4.0,6.0,101.0,6.0,17.0,34.0,97.0,41.0,0.88,0.96,1.39,0.59,0.95,7196.0,3440.0,423.0,47.0,12.0,35.0,161.0,79.2,78.9,70.7,80.9,50.0,54.3,75.2,2.8,1.9,2.0,0.0,11.1,6.9,2.2,94.6,97.1,97.0,100.0,100.0,84.6,100.0,94.6,97.1,97.0,100.0,100.0,84.6,100.0,252.0,11.0,6.0,16.0,588.0,19.0,42.0,0.0,934.0,188.0,4.0,3.0,7.0,571.0,14.0,24.0,23.0,2.0,0.0,2.0,74.0,2.0,7.0,15.93,15.81,10.78,15.01,7.16,,,,,,,,,2.54,211.87,0.93,0.91,86.22,0.0,11.46,0.33,0.97,144.62,290.91,189.51,233.33,255.52,234.98,137.97,62.7
2021-11-10,42907,41778.0,811.0,263.0,136.0,45,33.0,8.0,4.0,3.0,52.0,18.0,0.0,764.0,46925.0,2177.0,626214.0,363.0,296.0,5.0,27.0,8.0,17.0,87.21,1.16,1.17,1.06,1.93,299629.0,272641.0,18823.0,98962.0,0.0,,,,,,,,,,,,,,,,,3.0,4.0,3.0,3.0,3.0,3.0,4.0,7.0,102.0,7.0,18.0,35.0,0.0,42.0,0.88,0.96,1.39,0.59,0.95,7196.0,3440.0,423.0,47.0,12.0,35.0,161.0,79.2,78.9,70.7,80.9,50.0,54.3,75.2,2.8,1.9,2.0,0.0,11.1,6.9,2.2,94.6,97.1,97.0,100.0,100.0,84.6,100.0,94.6,97.1,97.0,100.0,100.0,84.6,100.0,252.0,11.0,6.0,16.0,588.0,19.0,42.0,0.0,934.0,188.0,4.0,3.0,7.0,571.0,14.0,24.0,23.0,2.0,0.0,2.0,74.0,2.0,7.0,15.11,15.44,9.18,15.02,7.34,,,,,,,,,2.57,211.87,1.06,0.9,87.21,0.0,12.28,0.39,0.97,144.62,290.91,189.51,233.33,255.52,234.98,137.97,68.71
2021-11-11,42970,41830.0,811.0,274.0,155.0,67,45.0,18.0,4.0,8.0,52.0,52.0,0.0,694.0,47619.0,1839.0,628053.0,363.0,292.0,5.0,27.0,8.0,16.0,87.66,1.1,1.11,1.16,3.21,300138.0,273434.0,18829.0,101073.0,0.0,,,,,,,,,,,,,,,,,3.0,4.0,3.0,3.0,3.0,3.0,4.0,8.0,103.0,8.0,19.0,36.0,1.0,43.0,0.88,0.96,1.39,0.59,0.95,7196.0,3440.0,423.0,47.0,12.0,35.0,161.0,79.2,78.9,70.7,80.9,50.0,54.3,75.2,2.8,1.9,2.0,0.0,11.1,6.9,2.2,94.6,97.1,97.0,100.0,100.0,84.6,100.0,94.6,97.1,97.0,100.0,100.0,84.6,100.0,252.0,11.0,6.0,16.0,588.0,19.0,42.0,0.0,934.0,188.0,4.0,3.0,7.0,571.0,14.0,24.0,23.0,2.0,0.0,2.0,74.0,2.0,7.0,12.02,12.46,10.78,14.75,8.08,,,,,,,,,2.82,211.87,1.2,1.49,87.66,0.0,13.4,1.15,0.84,144.62,290.91,189.51,233.33,255.52,234.98,137.97,71.58
2021-11-12,43062,41897.0,811.0,298.0,164.0,67,50.0,17.0,0.0,7.0,52.0,67.0,0.0,808.0,48427.0,1861.0,629914.0,363.0,312.0,5.0,28.0,8.0,16.0,88.17,1.1,1.09,1.21,3.22,300771.0,274465.0,18833.0,103528.0,0.0,16448.0,232.0,179.0,483.0,31268.0,1046.0,2440.0,892.0,132.0,0.0,1.0,0.0,315.0,5.0,6.0,3.0,3.0,4.0,3.0,3.0,3.0,3.0,4.0,9.0,104.0,9.0,20.0,37.0,2.0,44.0,0.88,0.96,1.39,0.59,0.95,7196.0,3440.0,423.0,47.0,12.0,35.0,161.0,79.2,78.9,70.7,80.9,50.0,54.3,75.2,2.8,1.9,2.0,0.0,11.1,6.9,2.2,94.6,97.1,97.0,100.0,100.0,84.6,100.0,94.6,97.1,97.0,100.0,100.0,84.6,100.0,253.0,11.0,6.0,16.0,589.0,19.0,42.0,0.0,936.0,188.0,4.0,3.0,7.0,571.0,14.0,24.0,24.0,2.0,0.0,2.0,74.0,2.0,7.0,13.6,13.72,9.19,14.9,8.6,12652.4,16872.7,11307.6,16100.0,13992.5,17556.2,14027.0,13843.2,3.14,211.87,1.53,1.0,88.17,0.0,14.7,0.87,0.72,144.62,290.91,189.51,233.33,255.52,234.98,137.97,77.85
2021-11-13,43126,41965.0,811.0,294.0,186.0,50,30.0,15.0,5.0,4.0,52.0,68.0,0.0,688.0,49115.0,1704.0,631618.0,363.0,279.0,5.0,28.0,9.0,16.0,88.17,1.04,1.03,1.24,2.7,300928.0,274647.0,18833.0,104109.0,0.0,,,,,,,,,,,,,,,,,3.0,4.0,3.0,3.0,3.0,3.0,4.0,10.0,105.0,10.0,21.0,38.0,3.0,45.0,0.95,1.05,1.39,0.67,0.91,7196.0,3440.0,423.0,47.0,12.0,35.0,161.0,79.2,78.9,70.7,80.9,50.0,54.3,75.2,2.8,1.9,2.0,0.0,11.1,6.9,2.2,94.6,97.1,97.0,100.0,100.0,84.6,100.0,94.6,97.1,97.0,100.0,100.0,84.6,100.0,253.0,11.0,6.0,16.0,589.0,19.0,42.0,0.0,936.0,188.0,4.0,3.0,7.0,571.0,14.0,24.0,24.0,2.0,0.0,2.0,74.0,2.0,7.0,9.07,9.44,9.23,14.3,9.16,,,,,,,,,2.87,211.87,1.23,0.75,88.17,0.0,13.96,0.58,0.59,144.62,290.91,189.51,233.33,255.52,234.98,137.97,76.81
2021-11-14,43186,42026.0,811.0,293.0,177.0,63,49.0,11.0,3.0,9.0,52.0,61.0,0.0,626.0,49741.0,1462.0,633080.0,363.0,318.0,5.0,27.0,10.0,14.0,89.13,1.0,0.99,1.29,3.69,300928.0,274648.0,18833.0,104138.0,0.0,,,,,,,,,,,,,,,,,3.0,4.0,3.0,3.0,3.0,3.0,4.0,11.0,106.0,11.0,22.0,39.0,4.0,46.0,0.95,1.05,1.39,0.67,0.91,7196.0,3440.0,423.0,47.0,12.0,35.0,161.0,79.2,78.9,70.7,80.9,50.0,54.3,75.2,2.8,1.9,2.0,0.0,11.1,6.9,2.2,94.6,97.1,97.0,100.0,100.0,84.6,100.0,94.6,97.1,97.0,100.0,100.0,84.6,100.0,253.0,11.0,6.0,16.0,589.0,19.0,42.0,0.0,936.0,188.0,4.0,3.0,7.0,571.0,14.0,24.0,24.0,2.0,0.0,2.0,74.0,2.0,7.0,8.48,8.3,11.24,13.83,9.87,,,,,,,,,3.07,211.87,1.41,1.26,89.13,0.0,14.82,1.44,0.7,144.62,290.91,189.51,233.33,255.52,234.98,137.97,76.55
2021-11-15,43219,42073.0,812.0,277.0,172.0,40,25.0,9.0,6.0,2.0,52.0,47.0,1.0,526.0,50267.0,2791.0,635871.0,363.0,313.0,5.0,28.0,10.0,13.0,88.11,0.93,0.92,1.42,1.36,301684.0,275601.0,18841.0,106608.0,0.0,16503.0,233.0,183.0,484.0,31392.0,1049.0,2445.0,902.0,126.0,1.0,3.0,0.0,293.0,5.0,7.0,12.0,3.0,4.0,3.0,3.0,3.0,3.0,4.0,12.0,107.0,12.0,23.0,40.0,5.0,47.0,0.89,0.95,1.38,0.6,0.93,7769.0,3630.0,566.0,59.0,24.0,40.0,181.0,78.7,75.6,81.1,74.6,62.5,70.0,71.3,2.8,2.5,0.5,0.0,0.0,3.1,1.4,97.5,97.7,94.1,100.0,94.7,95.0,100.0,97.5,97.7,94.1,100.0,94.7,95.0,100.0,253.0,11.0,6.0,16.0,591.0,19.0,42.0,0.0,938.0,188.0,4.0,3.0,7.0,572.0,14.0,24.0,24.0,2.0,0.0,2.0,74.0,2.0,7.0,15.17,14.31,19.28,12.78,11.38,12694.7,16945.5,11560.3,16133.3,14048.0,17606.6,14055.8,13896.2,2.95,212.14,1.27,0.63,88.11,0.0,14.26,0.38,0.73,144.62,290.91,189.51,233.33,255.97,234.98,137.97,72.37
2021-11-16,43256,42115.0,812.0,272.0,163.0,37,24.0,9.0,4.0,5.0,52.0,42.0,0.0,543.0,50810.0,1917.0,637788.0,363.0,279.0,5.0,28.0,11.0,14.0,88.11,0.92,0.9,1.4,1.67,302390.0,276516.0,18843.0,108823.0,0.0,,,,,,,,,,,,,,,,,3.0,4.0,3.0,3.0,3.0,3.0,4.0,13.0,108.0,13.0,24.0,41.0,6.0,48.0,0.89,0.95,1.38,0.6,0.93,7769.0,3630.0,566.0,59.0,24.0,40.0,181.0,78.7,75.6,81.1,74.6,62.5,70.0,71.3,2.8,2.5,0.5,0.0,0.0,3.1,1.4,97.5,97.7,94.1,100.0,94.7,95.0,100.0,97.5,97.7,94.1,100.0,94.7,95.0,100.0,253.0,11.0,6.0,16.0,591.0,19.0,42.0,0.0,938.0,188.0,4.0,3.0,7.0,572.0,14.0,24.0,24.0,2.0,0.0,2.0,74.0,2.0,7.0,13.49,12.61,14.94,12.33,11.98,,,,,,,,,2.54,212.14,1.2,0.92,88.11,0.0,13.77,0.92,0.82,144.62,290.91,189.51,233.33,255.97,234.98,137.97,71.06
2021-11-17,43310,42192.0,812.0,249.0,152.0,40,29.0,9.0,2.0,10.0,52.0,77.0,0.0,723.0,51533.0,2083.0,639871.0,363.0,286.0,5.0,28.0,11.0,15.0,88.15,0.91,0.88,1.45,1.44,303056.0,277337.0,18849.0,110892.0,0.0,,,,,,,,,,,,,,,,,3.0,4.0,3.0,4.0,3.0,3.0,4.0,14.0,109.0,14.0,0.0,42.0,7.0,49.0,0.89,0.95,1.38,0.6,0.93,7769.0,3630.0,566.0,59.0,24.0,40.0,181.0,78.7,75.6,81.1,74.6,62.5,70.0,71.3,2.8,2.5,0.5,0.0,0.0,3.1,1.4,97.5,97.7,94.1,100.0,94.7,95.0,100.0,97.5,97.7,94.1,100.0,94.7,95.0,100.0,253.0,11.0,6.0,16.0,591.0,19.0,42.0,0.0,938.0,188.0,4.0,3.0,7.0,572.0,14.0,24.0,24.0,2.0,0.0,2.0,74.0,2.0,7.0,13.1,12.26,17.72,11.87,13.2,,,,,,,,,2.47,212.14,1.11,1.08,88.15,0.0,13.59,1.38,0.96,144.62,290.91,189.51,233.33,255.97,234.98,137.97,65.05
2021-11-18,43383,42246.0,812.0,265.0,146.0,61,40.0,17.0,4.0,9.0,52.0,54.0,0.0,649.0,52182.0,2140.0,642011.0,363.0,277.0,5.0,28.0,11.0,16.0,89.23,0.92,0.89,1.35,2.43,303709.0,278050.0,18850.0,112848.0,0.0,,,,,,,,,,,,,,,,,3.0,4.0,3.0,4.0,3.0,3.0,4.0,15.0,110.0,15.0,1.0,43.0,8.0,50.0,0.89,0.95,1.38,0.6,0.93,7769.0,3630.0,566.0,59.0,24.0,40.0,181.0,78.7,75.6,81.1,74.6,62.5,70.0,71.3,2.8,2.5,0.5,0.0,0.0,3.1,1.4,97.5,97.7,94.1,100.0,94.7,95.0,100.0,97.5,97.7,94.1,100.0,94.7,95.0,100.0,253.0,11.0,6.0,16.0,591.0,19.0,42.0,0.0,938.0,188.0,4.0,3.0,7.0,572.0,14.0,24.0,24.0,2.0,0.0,2.0,74.0,2.0,7.0,11.05,10.91,11.09,11.65,13.24,,,,,,,,,2.36,212.14,1.0,1.52,89.23,0.0,13.36,1.39,0.99,144.62,290.91,189.51,233.33,255.97,234.98,137.97,69.23
2021-11-19,43497,42354.0,812.0,270.0,107.0,93,65.0,19.0,9.0,7.0,52.0,108.0,0.0,658.0,52840.0,1643.0,643654.0,363.0,287.0,5.0,28.0,12.0,14.0,90.25,0.89,0.87,1.29,5.23,304268.0,278805.0,18855.0,114738.0,0.0,16584.0,233.0,190.0,484.0,31568.0,1051.0,2455.0,908.0,123.0,1.0,9.0,0.0,206.0,4.0,12.0,14.0,3.0,4.0,3.0,4.0,3.0,3.0,4.0,16.0,111.0,16.0,2.0,44.0,9.0,51.0,0.89,0.95,1.38,0.6,0.93,7769.0,3630.0,566.0,59.0,24.0,40.0,181.0,78.7,75.6,81.1,74.6,62.5,70.0,71.3,2.8,2.5,0.5,0.0,0.0,3.1,1.4,97.5,97.7,94.1,100.0,94.7,95.0,100.0,97.5,97.7,94.1,100.0,94.7,95.0,100.0,254.0,11.0,6.0,16.0,594.0,19.0,42.0,0.0,942.0,188.0,4.0,3.0,7.0,572.0,14.0,24.0,25.0,2.0,0.0,2.0,74.0,2.0,7.0,9.86,9.68,10.95,11.07,13.49,12757.0,16945.5,12002.5,16133.3,14126.7,17640.1,14113.3,13969.9,2.65,212.14,0.97,1.52,90.25,0.0,14.33,1.06,1.02,144.62,290.91,189.51,233.33,255.97,234.98,137.97,70.54
2021-11-20,43559,42411.0,813.0,274.0,98.0,70,51.0,14.0,5.0,7.0,52.0,57.0,1.0,562.0,53402.0,1479.0,645133.0,363.0,291.0,5.0,28.0,12.0,14.0,90.76,0.92,0.89,1.21,4.26,304361.0,278902.0,18855.0,115201.0,0.0,,,,,,,,,,,,,,,,,3.0,4.0,3.0,4.0,3.0,3.0,4.0,17.0,112.0,17.0,3.0,45.0,10.0,52.0,1.07,1.08,1.61,0.96,0.94,7769.0,3630.0,566.0,59.0,24.0,40.0,181.0,78.7,75.6,81.1,74.6,62.5,70.0,71.3,2.8,2.5,0.5,0.0,0.0,3.1,1.4,97.5,97.7,94.1,100.0,94.7,95.0,100.0,97.5,97.7,94.1,100.0,94.7,95.0,100.0,254.0,11.0,6.0,16.0,594.0,19.0,42.0,0.0,942.0,188.0,4.0,3.0,7.0,572.0,14.0,24.0,25.0,2.0,0.0,2.0,74.0,2.0,7.0,9.24,9.18,7.4,11.04,13.23,,,,,,,,,2.87,212.4,1.08,0.75,90.76,0.0,15.08,1.25,1.12,144.62,290.91,189.51,233.33,255.97,234.98,137.97,71.58
2021-11-21,43625,42478.0,813.0,272.0,82.0,74,53.0,19.0,2.0,10.0,52.0,67.0,0.0,721.0,54123.0,1667.0,646800.0,363.0,295.0,5.0,28.0,13.0,13.0,91.33,0.92,0.89,1.14,3.84,304364.0,278911.0,18856.0,115208.0,0.0,,,,,,,,,,,,,,,,,3.0,4.0,3.0,4.0,3.0,3.0,4.0,18.0,113.0,18.0,4.0,46.0,11.0,53.0,,,,,,7769.0,3630.0,566.0,59.0,24.0,40.0,181.0,78.7,75.6,81.1,74.6,62.5,70.0,71.3,2.8,2.5,0.5,0.0,0.0,3.1,1.4,97.5,97.7,94.1,100.0,94.7,95.0,100.0,97.5,97.7,94.1,100.0,94.7,95.0,100.0,254.0,11.0,6.0,16.0,594.0,19.0,42.0,0.0,942.0,188.0,4.0,3.0,7.0,572.0,14.0,24.0,25.0,2.0,0.0,2.0,74.0,2.0,7.0,7.14,6.9,8.99,10.84,12.91,,,,,,,,,2.89,212.4,1.05,1.06,91.33,0.0,15.49,1.39,1.11,144.62,290.91,189.51,233.33,255.97,234.98,137.97,71.06
2021-11-22,43668,42515.0,814.0,275.0,64.0,47,26.0,20.0,1.0,7.0,52.0,37.0,1.0,589.0,54712.0,1849.0,648649.0,363.0,311.0,5.0,28.0,12.0,13.0,92.35,0.93,0.91,1.04,2.16,305026.0,279598.0,18860.0,117205.0,0.0,16643.0,233.0,190.0,485.0,31671.0,1054.0,2475.0,902.0,117.0,0.0,7.0,1.0,178.0,6.0,22.0,4.0,3.0,4.0,3.0,4.0,3.0,3.0,4.0,19.0,114.0,19.0,5.0,47.0,12.0,54.0,0.89,0.96,1.36,0.57,0.9,6958.0,3588.0,496.0,37.0,29.0,44.0,155.0,77.3,78.0,74.4,75.7,79.3,72.7,79.4,3.3,3.3,4.1,0.0,5.0,11.1,1.0,95.0,91.2,89.9,90.0,95.5,100.0,93.3,95.0,91.2,89.9,90.0,95.5,100.0,93.3,254.0,11.0,6.0,16.0,598.0,19.0,43.0,0.0,947.0,189.0,4.0,3.0,7.0,572.0,14.0,25.0,25.0,2.0,0.0,2.0,74.0,2.0,7.0,14.93,13.96,12.42,10.79,11.93,12802.4,16945.5,12002.5,16166.7,14172.8,17690.5,14228.2,14016.9,3.01,212.66,1.1,0.64,92.35,0.0,15.75,1.19,1.23,145.39,290.91,189.51,233.33,255.97,234.98,143.72,71.84
2021-11-23,43730,42609.0,814.0,243.0,52.0,23,13.0,6.0,4.0,6.0,52.0,94.0,0.0,645.0,55357.0,2012.0,650661.0,363.0,278.0,5.0,28.0,12.0,12.0,91.84,0.91,0.9,1.06,0.84,305570.0,280304.0,18860.0,119040.0,0.0,,,,,,,,,,,,,,,,,3.0,4.0,3.0,4.0,3.0,3.0,4.0,20.0,115.0,20.0,6.0,48.0,13.0,55.0,0.89,0.96,1.36,0.57,0.9,6958.0,3588.0,496.0,37.0,29.0,44.0,155.0,77.3,78.0,74.4,75.7,79.3,72.7,79.4,3.3,3.3,4.1,0.0,5.0,11.1,1.0,95.0,91.2,89.9,90.0,95.5,100.0,93.3,95.0,91.2,89.9,90.0,95.5,100.0,93.3,254.0,11.0,6.0,16.0,598.0,19.0,43.0,0.0,947.0,189.0,4.0,3.0,7.0,572.0,14.0,25.0,25.0,2.0,0.0,2.0,74.0,2.0,7.0,10.85,10.13,16.58,10.43,12.17,,,,,,,,,2.89,212.66,1.11,0.49,91.84,0.0,15.23,0.93,1.23,145.39,290.91,189.51,233.33,255.97,234.98,143.72,63.48
2021-11-24,43818,42691.0,814.0,249.0,40.0,45,38.0,4.0,3.0,10.0,52.0,82.0,0.0,673.0,56030.0,2205.0,652866.0,363.0,278.0,5.0,28.0,14.0,12.0,91.84,0.91,0.9,0.96,1.59,306111.0,281063.0,18863.0,120673.0,0.0,,,,,,,,,,,,,,,,,3.0,4.0,3.0,4.0,3.0,3.0,3.0,21.0,116.0,21.0,7.0,49.0,14.0,0.0,0.89,0.96,1.36,0.57,0.9,6958.0,3588.0,496.0,37.0,29.0,44.0,155.0,77.3,78.0,74.4,75.7,79.3,72.7,79.4,3.3,3.3,4.1,0.0,5.0,11.1,1.0,95.0,91.2,89.9,90.0,95.5,100.0,93.3,95.0,91.2,89.9,90.0,95.5,100.0,93.3,254.0,11.0,6.0,16.0,598.0,19.0,43.0,0.0,947.0,189.0,4.0,3.0,7.0,572.0,14.0,25.0,25.0,2.0,0.0,2.0,74.0,2.0,7.0,11.51,11.16,9.89,10.27,11.05,,,,,,,,,2.91,212.66,1.13,1.96,91.84,0.0,15.41,1.49,1.24,145.39,290.91,189.51,233.33,255.97,234.98,143.72,65.05
2021-11-25,43884,42727.0,815.0,276.0,28.0,61,35.0,20.0,6.0,13.0,53.0,36.0,1.0,740.0,56770.0,2880.0,655746.0,363.0,272.0,5.0,28.0,14.0,12.0,91.33,0.92,0.91,1.0,1.67,306516.0,281703.0,18867.0,122142.0,0.0,,,,,,,,,,,,,,,,,3.0,4.0,3.0,4.0,3.0,3.0,3.0,22.0,117.0,22.0,8.0,50.0,15.0,1.0,0.89,0.96,1.36,0.57,0.9,6958.0,3588.0,496.0,37.0,29.0,44.0,155.0,77.3,78.0,74.4,75.7,79.3,72.7,79.4,3.3,3.3,4.1,0.0,5.0,11.1,1.0,95.0,91.2,89.9,90.0,95.5,100.0,93.3,95.0,91.2,89.9,90.0,95.5,100.0,93.3,254.0,11.0,6.0,16.0,598.0,19.0,43.0,0.0,947.0,189.0,4.0,3.0,7.0,572.0,14.0,25.0,25.0,2.0,0.0,2.0,74.0,2.0,7.0,10.53,9.8,12.74,10.11,11.28,,,,,,,,,2.8,212.92,1.15,1.36,91.33,0.0,15.41,1.76,1.29,145.39,290.91,189.51,233.33,255.97,234.98,143.72,72.11
2021-11-26,43951,42786.0,815.0,284.0,17.0,64,32.0,23.0,9.0,18.0,53.0,59.0,0.0,901.0,57671.0,1769.0,657515.0,363.0,258.0,5.0,27.0,13.0,13.0,91.82,0.91,0.89,0.98,2.6,307007.0,282321.0,18869.0,123886.0,0.0,16726.0,233.0,191.0,491.0,31829.0,1063.0,2486.0,920.0,107.0,0.0,2.0,1.0,147.0,7.0,17.0,18.0,3.0,4.0,3.0,4.0,3.0,3.0,3.0,23.0,118.0,23.0,9.0,51.0,16.0,2.0,0.89,0.96,1.36,0.57,0.9,6958.0,3588.0,496.0,37.0,29.0,44.0,155.0,77.3,78.0,74.4,75.7,79.3,72.7,79.4,3.3,3.3,4.1,0.0,5.0,11.1,1.0,95.0,91.2,89.9,90.0,95.5,100.0,93.3,95.0,91.2,89.9,90.0,95.5,100.0,93.3,250.0,11.0,6.0,16.0,595.0,19.0,42.0,0.0,939.0,189.0,4.0,3.0,7.0,573.0,14.0,25.0,25.0,2.0,0.0,2.0,74.0,2.0,7.0,7.24,7.15,8.6,9.75,10.95,12866.3,16945.5,12065.7,16366.7,14243.5,17841.6,14291.5,14091.6,2.42,212.92,1.0,1.05,91.82,0.0,14.33,2.0,1.43,145.39,290.91,189.51,233.33,256.42,234.98,143.72,74.2
2021-11-27,44009,42824.0,816.0,304.0,15.0,59,23.0,22.0,14.0,16.0,53.0,38.0,1.0,774.0,58445.0,1692.0,659207.0,363.0,263.0,5.0,28.0,13.0,12.0,91.31,0.91,0.88,1.05,2.54,307105.0,282456.0,18870.0,124413.0,0.0,,,,,,,,,,,,,,,,,3.0,4.0,3.0,4.0,3.0,3.0,3.0,24.0,119.0,24.0,10.0,52.0,17.0,3.0,0.96,1.07,1.46,0.7,0.87,6958.0,3588.0,496.0,37.0,29.0,44.0,155.0,77.3,78.0,74.4,75.7,79.3,72.7,79.4,3.3,3.3,4.1,0.0,5.0,11.1,1.0,95.0,91.2,89.9,90.0,95.5,100.0,93.3,95.0,91.2,89.9,90.0,95.5,100.0,93.3,250.0,11.0,6.0,16.0,595.0,19.0,42.0,0.0,939.0,189.0,4.0,3.0,7.0,573.0,14.0,25.0,25.0,2.0,0.0,2.0,74.0,2.0,7.0,8.17,6.99,12.83,9.44,11.72,,,,,,,,,2.18,213.18,0.92,0.92,91.31,0.0,13.92,2.07,1.54,145.39,290.91,189.51,233.33,256.42,234.98,143.72,79.42
2021-11-28,44047,42872.0,816.0,292.0,11.0,39,24.0,8.0,7.0,11.0,54.0,48.0,0.0,686.0,59131.0,1744.0,660951.0,363.0,264.0,5.0,28.0,13.0,12.0,90.8,0.91,0.89,1.06,1.61,307106.0,282459.0,18870.0,124447.0,0.0,,,,,,,,,,,,,,,,,3.0,4.0,3.0,4.0,3.0,3.0,3.0,25.0,120.0,25.0,11.0,53.0,18.0,4.0,0.96,1.07,1.46,0.7,0.87,6958.0,3588.0,496.0,37.0,29.0,44.0,155.0,77.3,78.0,74.4,75.7,79.3,72.7,79.4,3.3,3.3,4.1,0.0,5.0,11.1,1.0,95.0,91.2,89.9,90.0,95.5,100.0,93.3,95.0,91.2,89.9,90.0,95.5,100.0,93.3,250.0,11.0,6.0,16.0,595.0,19.0,42.0,0.0,939.0,189.0,4.0,3.0,7.0,573.0,14.0,25.0,25.0,2.0,0.0,2.0,74.0,2.0,7.0,5.94,5.83,9.23,9.29,11.76,,,,,,,,,1.86,213.18,0.81,0.66,90.8,0.0,12.61,1.6,1.58,145.39,290.91,189.51,233.33,256.42,234.98,143.72,76.29
2021-11-29,44079,42918.0,816.0,277.0,9.0,32,16.0,9.0,7.0,10.0,54.0,46.0,0.0,541.0,59672.0,2689.0,663640.0,363.0,239.0,5.0,28.0,12.0,11.0,89.78,0.85,0.83,1.08,0.82,307695.0,282930.0,18872.0,126784.0,0.0,16754.0,233.0,192.0,493.0,31909.0,1064.0,2492.0,926.0,93.0,0.0,2.0,3.0,146.0,6.0,8.0,26.0,3.0,4.0,3.0,4.0,3.0,3.0,3.0,26.0,121.0,26.0,12.0,54.0,19.0,5.0,,,,,,7790.0,3923.0,538.0,37.0,44.0,49.0,205.0,80.7,79.1,79.2,86.5,88.6,67.3,74.6,1.8,2.3,2.6,0.0,0.0,7.0,3.0,99.3,99.4,99.7,100.0,87.2,100.0,100.0,99.3,99.4,99.7,100.0,87.2,100.0,100.0,249.0,11.0,6.0,16.0,598.0,19.0,42.0,0.0,941.0,189.0,4.0,3.0,7.0,574.0,14.0,25.0,25.0,2.0,0.0,2.0,74.0,2.0,7.0,8.83,8.38,15.23,8.49,12.16,12887.8,16945.5,12128.9,16433.3,14279.3,17858.3,14326.0,14124.0,1.67,213.18,0.77,0.82,89.78,0.0,12.05,1.85,1.67,145.39,290.91,189.51,233.33,256.87,234.98,143.72,72.37
2021-11-30,44102,42952.0,816.0,266.0,2.0,21,7.0,8.0,6.0,7.0,54.0,34.0,0.0,570.0,60242.0,1840.0,665480.0,363.0,218.0,5.0,28.0,10.0,10.0,87.74,0.85,0.83,1.03,0.76,308120.0,283494.0,18872.0,129428.0,0.0,,,,,,,,,,,,,,,,,3.0,4.0,3.0,4.0,3.0,3.0,3.0,27.0,122.0,27.0,13.0,55.0,20.0,6.0,,,,,,7790.0,3923.0,538.0,37.0,44.0,49.0,205.0,80.7,79.1,79.2,86.5,88.6,67.3,74.6,1.8,2.3,2.6,0.0,0.0,7.0,3.0,99.3,99.4,99.7,100.0,87.2,100.0,100.0,99.3,99.4,99.7,100.0,87.2,100.0,100.0,249.0,11.0,6.0,16.0,598.0,19.0,42.0,0.0,941.0,189.0,4.0,3.0,7.0,574.0,14.0,25.0,25.0,2.0,0.0,2.0,74.0,2.0,7.0,8.95,7.96,12.73,8.18,11.61,,,,,,,,,1.65,213.18,0.79,0.66,87.74,0.0,11.98,1.23,1.71,145.39,290.91,189.51,233.33,256.87,234.98,143.72,69.49
2021-12-01,44127,42986.0,816.0,257.0,1.0,24,14.0,4.0,6.0,8.0,54.0,34.0,0.0,688.0,60930.0,1670.0,667150.0,363.0,236.0,5.0,28.0,10.0,12.0,85.7,0.81,0.79,1.02,0.96,308549.0,284164.0,18876.0,131857.0,0.0,,,,,,,,,,,,,,,,,3.0,4.0,3.0,4.0,3.0,3.0,3.0,28.0,123.0,28.0,14.0,56.0,21.0,7.0,0.93,0.99,1.42,0.61,0.92,7790.0,3923.0,538.0,37.0,44.0,49.0,205.0,80.7,79.1,79.2,86.5,88.6,67.3,74.6,1.8,2.3,2.6,0.0,0.0,7.0,3.0,99.3,99.4,99.7,100.0,87.2,100.0,100.0,99.3,99.4,99.7,100.0,87.2,100.0,100.0,249.0,11.0,6.0,16.0,598.0,19.0,42.0,0.0,941.0,189.0,4.0,3.0,7.0,574.0,14.0,25.0,25.0,2.0,0.0,2.0,74.0,2.0,7.0,7.0,6.59,9.45,7.53,11.54,,,,,,,,,1.56,213.18,0.73,1.14,85.7,0.0,11.2,1.16,1.67,145.39,290.91,189.51,233.33,256.87,234.98,143.72,67.14
2021-12-02,44182,43019.0,816.0,278.0,2.0,55,26.0,21.0,8.0,15.0,54.0,33.0,0.0,984.0,61914.0,2249.0,669399.0,363.0,231.0,5.0,28.0,10.0,15.0,85.19,0.77,0.76,0.99,1.78,308964.0,284753.0,18877.0,133955.0,0.0,,,,,,,,,,,,,,,,,3.0,4.0,3.0,4.0,3.0,3.0,3.0,29.0,124.0,29.0,15.0,57.0,22.0,8.0,0.93,0.99,1.42,0.61,0.92,7790.0,3923.0,538.0,37.0,44.0,49.0,205.0,80.7,79.1,79.2,86.5,88.6,67.3,74.6,1.8,2.3,2.6,0.0,0.0,7.0,3.0,99.3,99.4,99.7,100.0,87.2,100.0,100.0,99.3,99.4,99.7,100.0,87.2,100.0,100.0,249.0,11.0,6.0,16.0,598.0,19.0,42.0,0.0,941.0,189.0,4.0,3.0,7.0,574.0,14.0,25.0,25.0,2.0,0.0,2.0,74.0,2.0,7.0,5.26,5.21,9.88,6.87,11.13,,,,,,,,,1.58,213.18,0.71,2.29,85.19,0.0,10.97,1.52,1.63,145.39,290.91,189.51,233.33,256.87,234.98,143.72,72.63
2021-12-03,44204,43080.0,816.0,238.0,1.0,27,13.0,8.0,6.0,7.0,54.0,61.0,0.0,810.0,62724.0,1783.0,671182.0,363.0,228.0,5.0,28.0,12.0,12.0,83.67,0.79,0.77,0.97,1.12,309319.0,285355.0,18877.0,136150.0,0.0,16779.0,233.0,191.0,495.0,31974.0,1065.0,2492.0,945.0,56.0,0.0,0.0,3.0,133.0,4.0,4.0,39.0,3.0,4.0,3.0,4.0,3.0,3.0,3.0,30.0,125.0,30.0,16.0,58.0,23.0,9.0,0.93,0.99,1.42,0.61,0.92,7790.0,3923.0,538.0,37.0,44.0,49.0,205.0,80.7,79.1,79.2,86.5,88.6,67.3,74.6,1.8,2.3,2.6,0.0,0.0,7.0,3.0,99.3,99.4,99.7,100.0,87.2,100.0,100.0,99.3,99.4,99.7,100.0,87.2,100.0,100.0,249.0,11.0,6.0,16.0,600.0,20.0,42.0,0.0,944.0,189.0,4.0,3.0,7.0,574.0,14.0,25.0,25.0,2.0,0.0,2.0,74.0,2.0,7.0,6.11,5.29,6.5,6.61,10.83,12907.0,16945.5,12065.7,16500.0,14308.4,17875.1,14326.0,14153.0,1.37,213.18,0.67,0.49,83.67,0.0,9.59,0.86,1.47,145.39,290.91,189.51,233.33,256.87,234.98,143.72,62.18
2021-12-04,44229,43116.0,816.0,227.0,1.0,25,11.0,2.0,12.0,6.0,54.0,36.0,0.0,752.0,63476.0,1534.0,672716.0,363.0,226.0,5.0,28.0,13.0,11.0,83.16,0.79,0.78,0.93,1.24,309411.0,285496.0,18877.0,136869.0,0.0,,,,,,,,,,,,,,,,,3.0,4.0,3.0,4.0,3.0,3.0,3.0,31.0,126.0,31.0,17.0,59.0,24.0,10.0,0.97,1.06,1.44,0.67,0.87,7790.0,3923.0,538.0,37.0,44.0,49.0,205.0,80.7,79.1,79.2,86.5,88.6,67.3,74.6,1.8,2.3,2.6,0.0,0.0,7.0,3.0,99.3,99.4,99.7,100.0,87.2,100.0,100.0,99.3,99.4,99.7,100.0,87.2,100.0,100.0,249.0,11.0,6.0,16.0,600.0,20.0,42.0,0.0,944.0,189.0,4.0,3.0,7.0,574.0,14.0,25.0,25.0,2.0,0.0,2.0,74.0,2.0,7.0,6.02,5.67,8.68,6.42,10.24,,,,,,,,,1.18,213.18,0.6,0.93,83.16,0.0,8.32,0.8,1.29,145.39,290.91,189.51,233.33,256.87,234.98,143.72,59.3
2021-12-05,44251,43160.0,816.0,205.0,0.0,21,17.0,3.0,1.0,5.0,54.0,44.0,0.0,903.0,64379.0,1784.0,674500.0,363.0,213.0,5.0,28.0,11.0,11.0,81.63,0.8,0.79,0.92,0.9,309411.0,285496.0,18877.0,136902.0,0.0,,,,,,,,,,,,,,,,,3.0,4.0,3.0,4.0,3.0,3.0,3.0,32.0,127.0,32.0,18.0,60.0,25.0,11.0,0.97,1.06,1.44,0.67,0.87,7790.0,3923.0,538.0,37.0,44.0,49.0,205.0,80.7,79.1,79.2,86.5,88.6,67.3,74.6,1.8,2.3,2.6,0.0,0.0,7.0,3.0,99.3,99.4,99.7,100.0,87.2,100.0,100.0,99.3,99.4,99.7,100.0,87.2,100.0,100.0,249.0,11.0,6.0,16.0,600.0,20.0,42.0,0.0,944.0,189.0,4.0,3.0,7.0,574.0,14.0,25.0,25.0,2.0,0.0,2.0,74.0,2.0,7.0,4.34,4.18,6.45,6.18,9.85,,,,,,,,,1.08,213.18,0.61,0.84,81.63,0.0,7.65,0.55,1.14,145.39,290.91,189.51,233.33,256.87,234.98,143.72,53.56
2021-12-06,44273,43203.0,817.0,181.0,0.0,22,11.0,7.0,4.0,11.0,54.0,43.0,1.0,696.0,65075.0,2092.0,676592.0,363.0,218.0,5.0,28.0,10.0,11.0,80.61,0.81,0.8,0.94,0.53,309998.0,286186.0,18879.0,139121.0,0.0,16802.0,233.0,195.0,496.0,32005.0,1065.0,2497.0,949.0,42.0,0.0,3.0,3.0,95.0,3.0,6.0,31.0,3.0,4.0,3.0,4.0,3.0,3.0,3.0,33.0,128.0,33.0,19.0,61.0,26.0,12.0,0.93,0.99,1.4,0.6,0.99,7276.0,3628.0,498.0,23.0,21.0,55.0,197.0,82.3,79.8,75.5,69.6,76.2,63.6,77.2,1.2,1.1,0.7,0.0,0.0,14.3,0.0,95.7,98.7,98.2,100.0,100.0,100.0,100.0,95.7,98.7,98.2,100.0,100.0,100.0,100.0,249.0,11.0,6.0,16.0,603.0,20.0,42.0,0.0,947.0,189.0,4.0,3.0,7.0,575.0,14.0,25.0,25.0,2.0,0.0,2.0,74.0,2.0,7.0,7.75,7.2,14.23,6.01,9.7,12924.7,16945.5,12318.4,16533.3,14322.3,17875.1,14354.7,14170.8,1.04,213.44,0.6,1.05,80.61,0.0,7.28,1.58,1.1,145.39,290.91,189.51,233.33,257.31,234.98,143.72,47.29
2021-12-07,44298,43228.0,817.0,181.0,0.0,25,10.0,9.0,6.0,2.0,54.0,25.0,0.0,632.0,65707.0,1453.0,678045.0,363.0,200.0,5.0,28.0,10.0,13.0,82.14,0.79,0.8,0.93,1.58,310543.0,286862.0,18879.0,141472.0,0.0,,,,,,,,,,,,,,,,,3.0,4.0,3.0,4.0,3.0,3.0,3.0,34.0,129.0,34.0,20.0,62.0,27.0,13.0,0.93,0.99,1.4,0.6,0.99,7276.0,3628.0,498.0,23.0,21.0,55.0,197.0,82.3,79.8,75.5,69.6,76.2,63.6,77.2,1.2,1.1,0.7,0.0,0.0,14.3,0.0,95.7,98.7,98.2,100.0,100.0,100.0,100.0,95.7,98.7,98.2,100.0,100.0,100.0,100.0,249.0,11.0,6.0,16.0,603.0,20.0,42.0,0.0,947.0,189.0,4.0,3.0,7.0,575.0,14.0,25.0,25.0,2.0,0.0,2.0,74.0,2.0,7.0,6.14,6.15,10.53,5.76,9.39,,,,,,,,,1.16,213.44,0.62,1.14,82.14,0.0,7.43,0.32,0.97,145.39,290.91,189.51,233.33,257.31,234.98,143.72,47.29
2021-12-08,44334,43263.0,817.0,182.0,1.0,37,15.0,7.0,15.0,15.0,54.0,35.0,0.0,810.0,66517.0,1809.0,679854.0,363.0,281.0,5.0,28.0,9.0,13.0,82.14,0.81,0.82,0.94,1.22,310543.0,286864.0,18879.0,141482.0,0.0,,,,,,,,,,,,,,,,,4.0,4.0,4.0,4.0,4.0,4.0,4.0,0.0,130.0,0.0,21.0,0.0,0.0,0.0,0.93,0.99,1.4,0.6,0.99,7276.0,3628.0,498.0,23.0,21.0,55.0,197.0,82.3,79.8,75.5,69.6,76.2,63.6,77.2,1.2,1.1,0.7,0.0,0.0,14.3,0.0,95.7,98.7,98.2,100.0,100.0,100.0,100.0,95.7,98.7,98.2,100.0,100.0,100.0,100.0,249.0,11.0,6.0,16.0,603.0,20.0,42.0,0.0,947.0,189.0,4.0,3.0,7.0,575.0,14.0,25.0,25.0,2.0,0.0,2.0,74.0,2.0,7.0,6.15,5.9,9.3,5.66,9.37,,,,,,,,,1.19,213.44,0.71,1.48,82.14,0.0,7.91,1.85,1.07,145.39,290.91,189.51,233.33,257.31,234.98,143.72,47.55
2021-12-09,44355,43281.0,818.0,183.0,0.0,20,9.0,10.0,1.0,1.0,54.0,18.0,1.0,664.0,67181.0,1942.0,681796.0,363.0,258.0,5.0,28.0,9.0,14.0,81.12,0.85,0.86,0.97,0.98,311189.0,287465.0,18880.0,143631.0,0.0,,,,,,,,,,,,,,,,,4.0,4.0,4.0,4.0,4.0,4.0,4.0,1.0,131.0,1.0,22.0,1.0,1.0,1.0,0.93,0.99,1.4,0.6,0.99,7276.0,3628.0,498.0,23.0,21.0,55.0,197.0,82.3,79.8,75.5,69.6,76.2,63.6,77.2,1.2,1.1,0.7,0.0,0.0,14.3,0.0,95.7,98.7,98.2,100.0,100.0,100.0,100.0,95.7,98.7,98.2,100.0,100.0,100.0,100.0,249.0,11.0,6.0,16.0,603.0,20.0,42.0,0.0,947.0,189.0,4.0,3.0,7.0,575.0,14.0,25.0,25.0,2.0,0.0,2.0,74.0,2.0,7.0,5.53,5.28,10.27,5.67,9.42,,,,,,,,,1.08,213.7,0.6,0.54,81.12,0.0,6.61,0.15,0.87,145.39,290.91,189.51,233.33,257.31,234.98,143.72,47.81
2021-12-10,44368,43307.0,819.0,167.0,0.0,13,5.0,7.0,1.0,2.0,54.0,26.0,1.0,620.0,67801.0,1208.0,683004.0,363.0,257.0,5.0,28.0,9.0,15.0,81.12,0.87,0.9,0.98,0.91,311920.0,288013.0,18881.0,145930.0,0.0,16821.0,233.0,195.0,496.0,32057.0,1067.0,2505.0,959.0,44.0,0.0,3.0,0.0,81.0,2.0,11.0,26.0,4.0,4.0,4.0,4.0,4.0,4.0,4.0,2.0,132.0,2.0,23.0,2.0,2.0,2.0,0.93,0.99,1.4,0.6,0.99,7276.0,3628.0,498.0,23.0,21.0,55.0,197.0,82.3,79.8,75.5,69.6,76.2,63.6,77.2,1.2,1.1,0.7,0.0,0.0,14.3,0.0,95.7,98.7,98.2,100.0,100.0,100.0,100.0,95.7,98.7,98.2,100.0,100.0,100.0,100.0,251.0,11.0,6.0,16.0,606.0,20.0,42.0,0.0,952.0,189.0,4.0,3.0,7.0,577.0,14.0,25.0,25.0,2.0,0.0,2.0,74.0,2.0,8.0,5.8,6.15,6.82,5.79,9.47,12939.3,16945.5,12318.4,16533.3,14345.6,17908.7,14400.7,14194.6,1.05,213.96,0.63,0.65,81.12,0.0,6.08,0.32,0.8,145.39,290.91,189.51,233.33,258.21,234.98,143.72,43.63
2021-12-11,44393,43339.0,819.0,160.0,0.0,25,14.0,10.0,1.0,4.0,54.0,32.0,0.0,650.0,68451.0,1230.0,684234.0,363.0,261.0,5.0,28.0,10.0,15.0,81.63,0.9,0.91,0.99,1.71,312070.0,288120.0,18881.0,146617.0,0.0,,,,,,,,,,,,,,,,,4.0,4.0,4.0,4.0,4.0,4.0,4.0,3.0,133.0,3.0,24.0,3.0,3.0,3.0,0.95,1.07,1.42,0.69,0.89,7276.0,3628.0,498.0,23.0,21.0,55.0,197.0,82.3,79.8,75.5,69.6,76.2,63.6,77.2,1.2,1.1,0.7,0.0,0.0,14.3,0.0,95.7,98.7,98.2,100.0,100.0,100.0,100.0,95.7,98.7,98.2,100.0,100.0,100.0,100.0,251.0,11.0,6.0,16.0,606.0,20.0,42.0,0.0,952.0,189.0,4.0,3.0,7.0,577.0,14.0,25.0,25.0,2.0,0.0,2.0,74.0,2.0,8.0,5.96,5.29,8.36,5.74,9.42,,,,,,,,,1.12,213.96,0.73,1.92,81.63,0.0,6.08,0.62,0.77,145.39,290.91,189.51,233.33,258.21,234.98,143.72,41.8
2021-12-12,44409,43362.0,820.0,151.0,0.0,20,13.0,5.0,2.0,4.0,54.0,23.0,1.0,349.0,68800.0,1557.0,685791.0,363.0,286.0,5.0,28.0,9.0,12.0,81.12,0.92,0.95,1.01,1.03,312070.0,288120.0,18881.0,146651.0,0.0,,,,,,,,,,,,,,,,,4.0,4.0,4.0,4.0,4.0,4.0,4.0,4.0,134.0,4.0,25.0,4.0,4.0,4.0,0.95,1.07,1.42,0.69,0.89,7276.0,3628.0,498.0,23.0,21.0,55.0,197.0,82.3,79.8,75.5,69.6,76.2,63.6,77.2,1.2,1.1,0.7,0.0,0.0,14.3,0.0,95.7,98.7,98.2,100.0,100.0,100.0,100.0,95.7,98.7,98.2,100.0,100.0,100.0,100.0,251.0,11.0,6.0,16.0,606.0,20.0,42.0,0.0,952.0,189.0,4.0,3.0,7.0,577.0,14.0,25.0,25.0,2.0,0.0,2.0,74.0,2.0,8.0,4.62,4.89,6.87,5.84,9.48,,,,,,,,,1.14,214.23,0.79,0.8,81.12,0.0,6.05,1.15,0.85,145.39,290.91,189.51,233.33,258.21,234.98,143.72,39.45
2021-12-13,44441,43377.0,821.0,167.0,0.0,33,11.0,6.0,16.0,12.0,54.0,15.0,1.0,736.0,69536.0,1781.0,687572.0,363.0,256.0,5.0,28.0,11.0,13.0,82.65,0.94,0.97,0.99,1.18,312797.0,288746.0,18881.0,149308.0,0.0,16834.0,233.0,195.0,496.0,32085.0,1072.0,2509.0,977.0,34.0,0.0,0.0,0.0,82.0,6.0,13.0,33.0,4.0,4.0,4.0,4.0,4.0,4.0,4.0,5.0,135.0,5.0,26.0,5.0,5.0,5.0,0.91,0.97,1.44,0.57,1.05,5779.0,2591.0,291.0,27.0,4.0,37.0,152.0,83.5,77.6,72.9,92.6,50.0,70.3,74.3,1.5,1.1,3.8,0.0,0.0,7.4,4.9,88.0,94.1,94.8,100.0,100.0,100.0,97.8,88.0,94.1,94.8,100.0,100.0,100.0,97.8,252.0,11.0,6.0,16.0,608.0,20.0,42.0,0.0,955.0,189.0,4.0,3.0,7.0,579.0,14.0,25.0,25.0,2.0,0.0,2.0,74.0,2.0,8.0,7.89,7.59,11.77,5.89,9.13,12949.3,16945.5,12318.4,16533.3,14358.1,17992.6,14423.7,14212.3,1.23,214.49,0.89,1.65,82.65,0.0,6.46,1.63,0.86,145.39,290.91,189.51,233.33,259.1,234.98,143.72,43.63
2021-12-14,44459,43394.0,821.0,168.0,0.0,18,14.0,1.0,3.0,6.0,54.0,17.0,0.0,542.0,70078.0,1739.0,689311.0,363.0,219.0,5.0,28.0,11.0,15.0,84.18,0.97,0.99,0.99,0.69,313528.0,289357.0,18882.0,151518.0,0.0,,,,,,,,,,,,,,,,,4.0,4.0,4.0,4.0,4.0,4.0,4.0,6.0,136.0,6.0,27.0,6.0,6.0,6.0,0.91,0.97,1.44,0.57,1.05,5779.0,2591.0,291.0,27.0,4.0,37.0,152.0,83.5,77.6,72.9,92.6,50.0,70.3,74.3,1.5,1.1,3.8,0.0,0.0,7.4,4.9,88.0,94.1,94.8,100.0,100.0,100.0,97.8,88.0,94.1,94.8,100.0,100.0,100.0,97.8,252.0,11.0,6.0,16.0,608.0,20.0,42.0,0.0,955.0,189.0,4.0,3.0,7.0,579.0,14.0,25.0,25.0,2.0,0.0,2.0,74.0,2.0,8.0,6.95,6.85,9.31,5.99,8.96,,,,,,,,,1.1,214.49,0.83,0.55,84.18,0.0,6.2,1.11,0.97,145.39,290.91,189.51,233.33,259.1,234.98,143.72,43.89
2021-12-15,44488,43429.0,821.0,162.0,0.0,29,14.0,7.0,8.0,16.0,54.0,35.0,0.0,821.0,70899.0,1861.0,691172.0,363.0,244.0,5.0,28.0,10.0,14.0,85.2,0.99,1.01,1.01,0.7,314165.0,289953.0,18882.0,153444.0,0.0,,,,,,,,,,,,,,,,,4.0,4.0,4.0,4.0,4.0,4.0,4.0,7.0,137.0,7.0,28.0,7.0,7.0,7.0,0.91,0.97,1.44,0.57,1.05,5779.0,2591.0,291.0,27.0,4.0,37.0,152.0,83.5,77.6,72.9,92.6,50.0,70.3,74.3,1.5,1.1,3.8,0.0,0.0,7.4,4.9,88.0,94.1,94.8,100.0,100.0,100.0,97.8,88.0,94.1,94.8,100.0,100.0,100.0,97.8,252.0,11.0,6.0,16.0,608.0,20.0,42.0,0.0,955.0,189.0,4.0,3.0,7.0,579.0,14.0,25.0,25.0,2.0,0.0,2.0,74.0,2.0,8.0,6.58,6.42,10.24,6.07,9.09,,,,,,,,,1.03,214.49,0.75,1.61,85.2,0.0,5.9,1.95,0.99,145.39,290.91,189.51,233.33,259.1,234.98,143.72,42.32
2021-12-16,44503,43439.0,822.0,166.0,0.0,15,11.0,3.0,1.0,7.0,54.0,10.0,1.0,797.0,71696.0,1822.0,692994.0,363.0,175.0,5.0,28.0,10.0,11.0,84.18,1.01,1.02,1.02,0.44,314751.0,290505.0,18890.0,155231.0,0.0,,,,,,,,,,,,,,,,,4.0,4.0,4.0,4.0,4.0,4.0,4.0,8.0,138.0,8.0,29.0,8.0,8.0,8.0,0.91,0.97,1.44,0.57,1.05,5779.0,2591.0,291.0,27.0,4.0,37.0,152.0,83.5,77.6,72.9,92.6,50.0,70.3,74.3,1.5,1.1,3.8,0.0,0.0,7.4,4.9,88.0,94.1,94.8,100.0,100.0,100.0,97.8,88.0,94.1,94.8,100.0,100.0,100.0,97.8,252.0,11.0,6.0,16.0,608.0,20.0,42.0,0.0,955.0,189.0,4.0,3.0,7.0,579.0,14.0,25.0,25.0,2.0,0.0,2.0,74.0,2.0,8.0,6.19,5.94,10.06,6.16,9.06,,,,,,,,,0.95,214.75,0.86,0.52,84.18,0.0,5.71,0.88,1.09,145.39,290.91,189.51,233.33,259.1,234.98,143.72,43.37
2021-12-17,44540,43472.0,824.0,167.0,0.0,36,23.0,3.0,10.0,14.0,54.0,33.0,2.0,824.0,72520.0,1666.0,694660.0,363.0,197.0,5.0,28.0,10.0,8.0,81.12,1.04,1.04,1.06,1.32,315337.0,291037.0,18891.0,156827.0,0.0,16869.0,233.0,195.0,496.0,32126.0,1073.0,2512.0,988.0,51.0,0.0,0.0,0.0,74.0,7.0,6.0,31.0,4.0,4.0,4.0,4.0,4.0,4.0,4.0,9.0,139.0,9.0,30.0,9.0,9.0,9.0,0.91,0.97,1.44,0.57,1.05,5779.0,2591.0,291.0,27.0,4.0,37.0,152.0,83.5,77.6,72.9,92.6,50.0,70.3,74.3,1.5,1.1,3.8,0.0,0.0,7.4,4.9,88.0,94.1,94.8,100.0,100.0,100.0,97.8,88.0,94.1,94.8,100.0,100.0,100.0,97.8,252.0,11.0,6.0,16.0,612.0,20.0,42.0,0.0,959.0,189.0,4.0,3.0,7.0,582.0,14.0,25.0,25.0,2.0,0.0,2.0,74.0,2.0,8.0,7.32,7.13,9.66,6.3,9.47,12976.3,16945.5,12318.4,16533.3,14376.4,18009.4,14440.9,14236.1,1.01,215.27,1.08,2.4,81.12,0.0,6.57,1.7,1.29,145.39,290.91,189.51,233.33,260.45,234.98,143.72,43.63
2021-12-18,44568,43492.0,825.0,175.0,1.0,27,11.0,6.0,10.0,14.0,55.0,20.0,1.0,583.0,73103.0,1443.0,696103.0,363.0,228.0,5.0,28.0,10.0,10.0,78.57,1.03,1.05,1.01,0.9,315403.0,291118.0,18891.0,157146.0,0.0,,,,,,,,,,,,,,,,,4.0,4.0,4.0,4.0,4.0,4.0,4.0,10.0,140.0,10.0,31.0,10.0,10.0,10.0,0.95,1.07,1.35,0.53,0.9,5779.0,2591.0,291.0,27.0,4.0,37.0,152.0,83.5,77.6,72.9,92.6,50.0,70.3,74.3,1.5,1.1,3.8,0.0,0.0,7.4,4.9,88.0,94.1,94.8,100.0,100.0,100.0,97.8,88.0,94.1,94.8,100.0,100.0,100.0,97.8,252.0,11.0,6.0,16.0,612.0,20.0,42.0,0.0,959.0,189.0,4.0,3.0,7.0,582.0,14.0,25.0,25.0,2.0,0.0,2.0,74.0,2.0,8.0,5.97,6.05,5.15,6.41,9.01,,,,,,,,,0.89,215.53,1.09,0.75,78.57,0.0,6.64,2.4,1.54,145.39,290.91,189.51,233.33,260.45,234.98,143.72,45.72
2021-12-19,44601,43512.0,825.0,187.0,1.0,33,13.0,1.0,19.0,22.0,55.0,20.0,0.0,476.0,73579.0,1486.0,697589.0,363.0,273.0,5.0,28.0,9.0,10.0,77.55,1.04,1.05,1.0,0.74,315403.0,291119.0,18891.0,157184.0,0.0,,,,,,,,,,,,,,,,,4.0,4.0,4.0,4.0,4.0,4.0,4.0,11.0,141.0,11.0,32.0,11.0,11.0,11.0,0.95,1.07,1.35,0.53,0.9,5779.0,2591.0,291.0,27.0,4.0,37.0,152.0,83.5,77.6,72.9,92.6,50.0,70.3,74.3,1.5,1.1,3.8,0.0,0.0,7.4,4.9,88.0,94.1,94.8,100.0,100.0,100.0,97.8,88.0,94.1,94.8,100.0,100.0,100.0,97.8,252.0,11.0,6.0,16.0,612.0,20.0,42.0,0.0,959.0,189.0,4.0,3.0,7.0,582.0,14.0,25.0,25.0,2.0,0.0,2.0,74.0,2.0,8.0,5.09,5.42,5.31,6.49,8.79,,,,,,,,,0.85,215.53,1.18,1.22,77.55,0.0,7.13,4.62,2.04,145.39,290.91,189.51,233.33,260.45,234.98,143.72,48.85
2021-12-20,44620,43528.0,825.0,189.0,0.0,21,9.0,3.0,9.0,8.0,55.0,16.0,0.0,849.0,74428.0,1653.0,699242.0,363.0,257.0,5.0,28.0,9.0,10.0,75.0,1.03,1.06,0.93,0.79,316031.0,291670.0,18891.0,159204.0,0.0,16885.0,233.0,195.0,496.0,32158.0,1073.0,2514.0,1020.0,53.0,0.0,0.0,0.0,70.0,2.0,5.0,62.0,4.0,4.0,4.0,4.0,4.0,4.0,4.0,12.0,142.0,12.0,33.0,12.0,12.0,12.0,0.89,0.95,1.42,0.63,1.02,6211.0,3067.0,291.0,,13.0,41.0,126.0,83.6,82.1,74.9,,84.6,70.7,67.5,1.1,1.3,1.6,,0.0,0.0,1.0,93.3,95.1,96.5,,83.3,92.3,97.7,93.3,95.1,96.5,,83.3,92.3,97.7,254.0,11.0,6.0,16.0,613.0,20.0,42.0,0.0,962.0,189.0,4.0,3.0,7.0,583.0,14.0,25.0,25.0,2.0,0.0,2.0,74.0,2.0,8.0,7.92,8.4,6.65,6.6,8.05,12988.6,16945.5,12318.4,16533.3,14390.7,18009.4,14452.4,14257.5,0.8,215.53,1.03,0.64,75.0,0.0,6.68,0.94,1.94,145.39,290.91,189.51,233.33,260.89,234.98,143.72,49.38
2021-12-21,44641,43556.0,825.0,182.0,0.0,20,3.0,7.0,10.0,7.0,55.0,28.0,0.0,529.0,74957.0,1508.0,700750.0,363.0,257.0,5.0,28.0,8.0,11.0,71.43,1.05,1.1,0.93,0.86,316495.0,292138.0,18892.0,161002.0,0.0,,,,,,,,,,,,,,,,,4.0,4.0,4.0,4.0,4.0,4.0,4.0,13.0,143.0,13.0,34.0,13.0,13.0,13.0,0.89,0.95,1.42,0.63,1.02,6211.0,3067.0,291.0,,13.0,41.0,126.0,83.6,82.1,74.9,,84.6,70.7,67.5,1.1,1.3,1.6,,0.0,0.0,1.0,93.3,95.1,96.5,,83.3,92.3,97.7,93.3,95.1,96.5,,83.3,92.3,97.7,254.0,11.0,6.0,16.0,613.0,20.0,42.0,0.0,962.0,189.0,4.0,3.0,7.0,583.0,14.0,25.0,25.0,2.0,0.0,2.0,74.0,2.0,8.0,8.24,8.9,7.3,6.9,7.77,,,,,,,,,0.82,215.53,1.09,0.95,71.43,0.0,6.76,1.32,1.97,145.39,290.91,189.51,233.33,260.89,234.98,143.72,47.55
2021-12-22,44660,43588.0,825.0,169.0,0.0,19,13.0,5.0,1.0,4.0,55.0,32.0,0.0,383.0,75340.0,1494.0,702244.0,363.0,255.0,5.0,28.0,8.0,9.0,67.86,1.1,1.16,0.88,1.0,316919.0,292579.0,18893.0,162533.0,0.0,,,,,,,,,,,,,,,,,4.0,4.0,4.0,4.0,4.0,4.0,4.0,14.0,144.0,14.0,35.0,14.0,14.0,14.0,0.89,0.95,1.42,0.63,1.02,6211.0,3067.0,291.0,,13.0,41.0,126.0,83.6,82.1,74.9,,84.6,70.7,67.5,1.1,1.3,1.6,,0.0,0.0,1.0,93.3,95.1,96.5,,83.3,92.3,97.7,93.3,95.1,96.5,,83.3,92.3,97.7,254.0,11.0,6.0,16.0,613.0,20.0,42.0,0.0,962.0,189.0,4.0,3.0,7.0,583.0,14.0,25.0,25.0,2.0,0.0,2.0,74.0,2.0,8.0,8.97,9.9,5.73,7.39,7.12,,,,,,,,,0.86,215.53,1.08,0.95,67.86,0.0,6.38,1.04,1.84,145.39,290.91,189.51,233.33,260.89,234.98,143.72,44.15
2021-12-23,44686,43602.0,827.0,178.0,0.0,27,10.0,8.0,9.0,12.0,55.0,14.0,2.0,606.0,75946.0,1850.0,704094.0,363.0,207.0,5.0,28.0,8.0,11.0,66.84,1.15,1.21,0.89,0.81,317254.0,292953.0,18893.0,163716.0,0.0,,,,,,,,,,,,,,,,,4.0,4.0,4.0,4.0,4.0,4.0,4.0,15.0,145.0,15.0,36.0,15.0,15.0,15.0,0.89,0.95,1.42,0.63,1.02,6211.0,3067.0,291.0,,13.0,41.0,126.0,83.6,82.1,74.9,,84.6,70.7,67.5,1.1,1.3,1.6,,0.0,0.0,1.0,93.3,95.1,96.5,,83.3,92.3,97.7,93.3,95.1,96.5,,83.3,92.3,97.7,254.0,11.0,6.0,16.0,613.0,20.0,42.0,0.0,962.0,189.0,4.0,3.0,7.0,583.0,14.0,25.0,25.0,2.0,0.0,2.0,74.0,2.0,8.0,9.46,9.79,8.61,7.94,6.92,,,,,,,,,0.92,216.05,1.2,1.42,66.84,0.0,6.83,1.98,2.0,145.39,290.91,189.51,233.33,260.89,234.98,143.72,46.5
2021-12-24,44709,43626.0,828.0,175.0,0.0,23,10.0,1.0,12.0,5.0,56.0,24.0,1.0,479.0,76425.0,1783.0,705877.0,363.0,213.0,5.0,28.0,8.0,11.0,67.35,1.22,1.28,0.84,1.01,317354.0,293058.0,18893.0,164056.0,0.0,16898.0,233.0,195.0,496.0,32198.0,1073.0,2520.0,1046.0,30.0,0.0,0.0,0.0,67.0,1.0,8.0,69.0,4.0,4.0,4.0,4.0,4.0,4.0,4.0,16.0,146.0,16.0,37.0,16.0,16.0,16.0,0.89,0.95,1.42,0.63,1.02,6211.0,3067.0,291.0,,13.0,41.0,126.0,83.6,82.1,74.9,,84.6,70.7,67.5,1.1,1.3,1.6,,0.0,0.0,1.0,93.3,95.1,96.5,,83.3,92.3,97.7,93.3,95.1,96.5,,83.3,92.3,97.7,255.0,11.0,6.0,16.0,617.0,20.0,42.0,0.0,967.0,189.0,4.0,3.0,7.0,586.0,14.0,25.0,26.0,2.0,0.0,2.0,74.0,2.0,8.0,12.14,12.79,5.65,8.75,6.34,12998.6,16945.5,12318.4,16533.3,14408.6,18009.4,14486.9,14279.7,0.87,216.32,0.97,0.85,67.35,0.0,6.34,1.04,1.91,145.39,290.91,189.51,233.33,262.24,234.98,143.72,45.72
2021-12-25,44742,43650.0,828.0,184.0,0.0,33,14.0,9.0,10.0,6.0,56.0,24.0,0.0,522.0,76947.0,1316.0,707193.0,363.0,212.0,5.0,28.0,7.0,10.0,65.82,1.36,1.41,0.99,2.05,317354.0,293058.0,18893.0,164074.0,0.0,,,,,,,,,,,,,,,,,4.0,4.0,4.0,4.0,4.0,4.0,4.0,17.0,147.0,17.0,38.0,17.0,17.0,17.0,0.83,0.96,1.28,0.47,0.84,6211.0,3067.0,291.0,,13.0,41.0,126.0,83.6,82.1,74.9,,84.6,70.7,67.5,1.1,1.3,1.6,,0.0,0.0,1.0,93.3,95.1,96.5,,83.3,92.3,97.7,93.3,95.1,96.5,,83.3,92.3,97.7,255.0,11.0,6.0,16.0,617.0,20.0,42.0,0.0,967.0,189.0,4.0,3.0,7.0,586.0,14.0,25.0,26.0,2.0,0.0,2.0,74.0,2.0,8.0,15.3,15.86,11.26,10.15,7.22,,,,,,,,,1.04,216.32,0.99,1.43,65.82,0.0,6.57,1.15,1.73,145.39,290.91,189.51,233.33,262.24,234.98,143.72,48.07
2021-12-26,44765,43673.0,828.0,184.0,0.0,24,13.0,5.0,6.0,3.0,56.0,23.0,0.0,345.0,77292.0,1430.0,708623.0,363.0,199.0,5.0,28.0,6.0,10.0,64.29,1.57,1.61,1.03,1.47,317354.0,293058.0,18893.0,164107.0,0.0,,,,,,,,,,,,,,,,,4.0,4.0,4.0,4.0,4.0,4.0,4.0,18.0,148.0,18.0,39.0,18.0,18.0,18.0,0.83,0.96,1.28,0.47,0.84,6211.0,3067.0,291.0,,13.0,41.0,126.0,83.6,82.1,74.9,,84.6,70.7,67.5,1.1,1.3,1.6,,0.0,0.0,1.0,93.3,95.1,96.5,,83.3,92.3,97.7,93.3,95.1,96.5,,83.3,92.3,97.7,255.0,11.0,6.0,16.0,617.0,20.0,42.0,0.0,967.0,189.0,4.0,3.0,7.0,586.0,14.0,25.0,26.0,2.0,0.0,2.0,74.0,2.0,8.0,20.75,21.34,6.96,12.43,7.45,,,,,,,,,1.14,216.32,0.87,0.73,64.29,0.0,6.23,0.87,1.19,145.39,290.91,189.51,233.33,262.24,234.98,143.72,48.07
2021-12-27,44792,43697.0,828.0,187.0,0.0,27,12.0,3.0,12.0,5.0,56.0,24.0,0.0,321.0,77613.0,980.0,709603.0,363.0,169.0,5.0,28.0,6.0,11.0,63.27,2.01,2.02,1.29,2.24,317965.0,293591.0,18894.0,167231.0,0.0,16917.0,234.0,195.0,496.0,32255.0,1073.0,2523.0,1049.0,32.0,1.0,0.0,0.0,92.0,0.0,6.0,56.0,4.0,4.0,4.0,4.0,4.0,4.0,4.0,19.0,149.0,19.0,40.0,19.0,19.0,19.0,0.86,0.93,1.38,0.6,0.9,8089.0,3059.0,416.0,0.0,644.0,57.0,110.0,69.7,64.1,68.0,0.0,98.9,75.4,53.6,1.6,1.0,1.5,0.0,0.0,0.0,0.0,91.7,91.5,93.5,0.0,100.0,100.0,92.0,91.7,91.5,93.5,0.0,100.0,100.0,92.0,255.0,11.0,6.0,16.0,617.0,20.0,42.0,0.0,967.0,189.0,4.0,3.0,7.0,586.0,14.0,25.0,26.0,2.0,0.0,2.0,74.0,2.0,8.0,41.53,42.97,19.91,17.36,9.35,13013.2,17018.2,12318.4,16533.3,14434.2,18009.4,14504.2,14301.4,1.35,216.32,0.97,1.12,63.27,0.0,6.46,1.56,1.28,145.39,290.91,189.51,233.33,262.24,234.98,143.72,48.85
2021-12-28,44825,43736.0,828.0,181.0,0.0,33,26.0,5.0,2.0,19.0,56.0,39.0,0.0,362.0,77975.0,755.0,710358.0,363.0,131.0,5.0,28.0,6.0,11.0,62.24,2.28,2.3,1.41,1.85,318550.0,294124.0,18894.0,171037.0,0.0,,,,,,,,,,,,,,,,,4.0,4.0,4.0,4.0,4.0,4.0,4.0,20.0,150.0,20.0,41.0,20.0,20.0,20.0,0.86,0.93,1.38,0.6,0.9,8089.0,3059.0,416.0,0.0,644.0,57.0,110.0,69.7,64.1,68.0,0.0,98.9,75.4,53.6,1.6,1.0,1.5,0.0,0.0,0.0,0.0,91.7,91.5,93.5,0.0,100.0,100.0,92.0,91.7,91.5,93.5,0.0,100.0,100.0,92.0,255.0,11.0,6.0,16.0,617.0,20.0,42.0,0.0,967.0,189.0,4.0,3.0,7.0,586.0,14.0,25.0,26.0,2.0,0.0,2.0,74.0,2.0,8.0,46.61,50.05,16.36,23.24,10.64,,,,,,,,,1.49,216.32,1.03,1.22,62.24,0.0,6.94,5.25,1.84,145.39,290.91,189.51,233.33,262.24,234.98,143.72,47.29
2021-12-29,44893,43762.0,828.0,223.0,0.0,68,41.0,5.0,22.0,18.0,56.0,26.0,0.0,389.0,78364.0,1593.0,711951.0,363.0,127.0,5.0,28.0,6.0,12.0,62.76,2.35,2.38,1.61,3.14,319119.0,294576.0,18894.0,175135.0,0.0,,,,,,,,,,,,,,,,,4.0,4.0,4.0,4.0,4.0,4.0,4.0,21.0,151.0,21.0,42.0,21.0,21.0,21.0,0.86,0.93,1.38,0.6,0.9,8089.0,3059.0,416.0,0.0,644.0,57.0,110.0,69.7,64.1,68.0,0.0,98.9,75.4,53.6,1.6,1.0,1.5,0.0,0.0,0.0,0.0,91.7,91.5,93.5,0.0,100.0,100.0,92.0,91.7,91.5,93.5,0.0,100.0,100.0,92.0,255.0,11.0,6.0,16.0,617.0,20.0,42.0,0.0,967.0,189.0,4.0,3.0,7.0,586.0,14.0,25.0,26.0,2.0,0.0,2.0,74.0,2.0,8.0,49.6,53.9,21.75,29.53,12.93,,,,,,,,,1.8,216.32,1.37,2.06,62.76,0.0,8.77,4.63,2.35,145.39,290.91,189.51,233.33,262.24,234.98,143.72,58.26
2021-12-30,44997,43776.0,829.0,311.0,0.0,104,53.0,18.0,33.0,27.0,57.0,14.0,1.0,460.0,78824.0,2081.0,714032.0,363.0,149.0,5.0,28.0,6.0,14.0,63.27,2.44,2.46,1.84,3.7,319608.0,295064.0,18894.0,179801.0,0.0,,,,,,,,,,,,,,,,,4.0,4.0,4.0,4.0,4.0,4.0,4.0,22.0,152.0,22.0,43.0,22.0,22.0,22.0,0.86,0.93,1.38,0.6,0.9,8089.0,3059.0,416.0,0.0,644.0,57.0,110.0,69.7,64.1,68.0,0.0,98.9,75.4,53.6,1.6,1.0,1.5,0.0,0.0,0.0,0.0,91.7,91.5,93.5,0.0,100.0,100.0,92.0,91.7,91.5,93.5,0.0,100.0,100.0,92.0,255.0,11.0,6.0,16.0,617.0,20.0,42.0,0.0,967.0,189.0,4.0,3.0,7.0,586.0,14.0,25.0,26.0,2.0,0.0,2.0,74.0,2.0,8.0,66.2,69.22,32.41,38.02,16.33,,,,,,,,,2.21,216.58,1.7,1.53,63.27,0.0,11.64,5.87,2.91,145.39,290.91,189.51,233.33,262.24,234.98,143.72,81.25
2021-12-31,45165,43798.0,829.0,457.0,1.0,165,82.0,50.0,33.0,22.0,58.0,22.0,0.0,375.0,79199.0,1545.0,715577.0,363.0,179.0,5.0,28.0,6.0,16.0,64.8,2.34,2.34,2.11,9.26,319726.0,295182.0,18894.0,181121.0,0.0,16974.0,234.0,195.0,498.0,32528.0,1075.0,2530.0,1074.0,75.0,1.0,0.0,2.0,326.0,2.0,9.0,51.0,4.0,4.0,4.0,4.0,4.0,4.0,4.0,23.0,153.0,23.0,44.0,23.0,23.0,23.0,0.86,0.93,1.38,0.6,0.9,8089.0,3059.0,416.0,0.0,644.0,57.0,110.0,69.7,64.1,68.0,0.0,98.9,75.4,53.6,1.6,1.0,1.5,0.0,0.0,0.0,0.0,91.7,91.5,93.5,0.0,100.0,100.0,92.0,91.7,91.5,93.5,0.0,100.0,100.0,92.0,255.0,11.0,6.0,16.0,619.0,20.0,42.0,0.0,969.0,189.0,4.0,3.0,7.0,587.0,14.0,25.0,26.0,2.0,0.0,2.0,74.0,2.0,8.0,63.6,65.89,40.43,45.6,21.3,13057.0,17018.2,12318.4,16600.0,14556.3,18043.0,14544.4,14397.0,3.39,216.58,2.67,1.59,64.8,0.0,16.94,5.87,3.6,145.39,290.91,189.51,233.33,262.68,234.98,143.72,119.39
2022-01-01,45371,43822.0,829.0,638.0,0.0,206,128.0,40.0,38.0,63.0,59.0,24.0,0.0,584.0,79783.0,1585.0,717162.0,363.0,232.0,5.0,28.0,6.0,17.0,67.86,2.13,2.11,2.21,9.02,319732.0,295186.0,18894.0,181156.0,0.0,,,,,,,,,,,,,,,,,4.0,4.0,4.0,4.0,4.0,4.0,4.0,24.0,154.0,24.0,45.0,24.0,24.0,24.0,0.9,0.95,1.32,0.57,0.84,8089.0,3059.0,416.0,0.0,644.0,57.0,110.0,69.7,64.1,68.0,0.0,98.9,75.4,53.6,1.6,1.0,1.5,0.0,0.0,0.0,0.0,91.7,91.5,93.5,0.0,100.0,100.0,92.0,91.7,91.5,93.5,0.0,100.0,100.0,92.0,255.0,11.0,6.0,16.0,619.0,20.0,42.0,0.0,969.0,189.0,4.0,3.0,7.0,587.0,14.0,25.0,26.0,2.0,0.0,2.0,74.0,2.0,8.0,55.76,55.73,48.45,51.3,26.61,,,,,,,,,4.38,216.58,3.56,1.25,67.86,0.0,23.4,10.79,4.98,145.39,290.91,189.51,233.33,262.68,234.98,143.72,166.68
2022-01-02,45663,43861.0,829.0,891.0,0.0,293,96.0,152.0,45.0,36.0,60.0,39.0,0.0,285.0,80068.0,2466.0,719628.0,363.0,237.0,5.0,28.0,6.0,16.0,70.92,1.97,1.95,2.3,10.42,319732.0,295186.0,18894.0,181195.0,0.0,,,,,,,,,,,,,,,,,4.0,4.0,4.0,4.0,4.0,4.0,4.0,25.0,155.0,25.0,46.0,25.0,25.0,25.0,0.9,0.95,1.32,0.57,0.84,8089.0,3059.0,416.0,0.0,644.0,57.0,110.0,69.7,64.1,68.0,0.0,98.9,75.4,53.6,1.6,1.0,1.5,0.0,0.0,0.0,0.0,91.7,91.5,93.5,0.0,100.0,100.0,92.0,91.7,91.5,93.5,0.0,100.0,100.0,92.0,255.0,11.0,6.0,16.0,619.0,20.0,42.0,0.0,969.0,189.0,4.0,3.0,7.0,587.0,14.0,25.0,26.0,2.0,0.0,2.0,74.0,2.0,8.0,64.84,64.84,57.16,57.51,33.78,,,,,,,,,5.66,216.58,5.37,1.42,70.92,0.0,33.44,12.63,6.66,145.39,290.91,189.51,233.33,262.68,234.98,143.72,232.78
2022-01-03,45790,43890.0,830.0,988.0,1.0,127,29.0,82.0,16.0,19.0,66.0,29.0,1.0,310.0,80378.0,1971.0,721599.0,363.0,227.0,5.0,28.0,6.0,15.0,72.96,2.08,2.06,2.5,5.48,320409.0,295660.0,18894.0,184746.0,0.0,17064.0,234.0,195.0,499.0,33042.0,1077.0,2543.0,1078.0,142.0,0.0,0.0,3.0,801.0,4.0,19.0,41.0,4.0,4.0,4.0,4.0,4.0,4.0,4.0,26.0,156.0,26.0,47.0,26.0,26.0,26.0,0.88,0.93,1.4,0.81,1.06,9522.0,3599.0,490.0,9.0,897.0,41.0,223.0,72.0,64.8,67.8,66.7,98.9,36.6,69.5,10.7,4.5,2.5,0.0,0.0,10.0,0.9,91.5,91.8,95.5,100.0,0.0,100.0,97.6,91.5,91.8,95.5,100.0,0.0,100.0,97.6,257.0,11.0,6.0,16.0,619.0,20.0,42.0,0.0,971.0,190.0,4.0,3.0,7.0,587.0,14.0,25.0,26.0,2.0,0.0,2.0,74.0,2.0,8.0,139.33,144.48,99.09,72.01,45.09,13126.3,17018.2,12318.4,16633.3,14786.3,18076.5,14619.1,14560.1,6.12,216.84,5.76,0.43,72.96,0.0,37.17,6.13,7.31,146.15,290.91,189.51,233.33,262.68,234.98,143.72,258.12
2022-01-04,45881,43934.0,830.0,1035.0,1.0,92,48.0,27.0,17.0,31.0,67.0,44.0,0.0,317.0,80695.0,1027.0,722626.0,363.0,219.0,5.0,28.0,6.0,17.0,76.02,2.14,2.11,2.57,5.94,321080.0,296261.0,18894.0,188056.0,0.0,,,,,,,,,,,,,,,,,4.0,4.0,4.0,4.0,4.0,4.0,4.0,27.0,157.0,27.0,48.0,27.0,27.0,27.0,0.88,0.93,1.4,0.81,1.06,9522.0,3599.0,490.0,9.0,897.0,41.0,223.0,72.0,64.8,67.8,66.7,98.9,36.6,69.5,10.7,4.5,2.5,0.0,0.0,10.0,0.9,91.5,91.8,95.5,100.0,0.0,100.0,97.6,91.5,91.8,95.5,100.0,0.0,100.0,97.6,257.0,11.0,6.0,16.0,619.0,20.0,42.0,0.0,971.0,190.0,4.0,3.0,7.0,587.0,14.0,25.0,26.0,2.0,0.0,2.0,74.0,2.0,8.0,161.87,164.93,109.04,88.43,58.33,,,,,,,,,6.71,216.84,5.67,0.72,76.02,0.0,39.37,9.78,7.96,146.15,290.91,189.51,233.33,262.68,234.98,143.72,270.4
2022-01-05,46096,43983.0,830.0,1201.0,0.0,216,124.0,55.0,37.0,68.0,68.0,49.0,0.0,551.0,81246.0,2386.0,725012.0,363.0,220.0,5.0,28.0,6.0,14.0,77.04,2.12,2.09,2.52,6.2,321782.0,296776.0,18894.0,190925.0,0.0,,,,,,,,,,,,,,,,,3.0,4.0,4.0,4.0,3.0,4.0,4.0,0.0,158.0,28.0,49.0,0.0,28.0,28.0,0.88,0.93,1.4,0.81,1.06,9522.0,3599.0,490.0,9.0,897.0,41.0,223.0,72.0,64.8,67.8,66.7,98.9,36.6,69.5,10.7,4.5,2.5,0.0,0.0,10.0,0.9,91.5,91.8,95.5,100.0,0.0,100.0,97.6,91.5,91.8,95.5,100.0,0.0,100.0,97.6,257.0,11.0,6.0,16.0,619.0,20.0,42.0,0.0,971.0,190.0,4.0,3.0,7.0,587.0,14.0,25.0,26.0,2.0,0.0,2.0,74.0,2.0,8.0,168.53,173.92,125.4,105.57,73.14,,,,,,,,,7.15,216.84,5.12,2.35,77.04,0.0,44.9,12.34,9.06,146.15,290.91,189.51,233.33,262.68,234.98,143.72,313.76
2022-01-06,46450,44068.0,830.0,1470.0,0.0,352,135.0,156.0,61.0,65.0,74.0,85.0,0.0,480.0,81726.0,2694.0,727706.0,363.0,218.0,5.0,28.0,6.0,17.0,78.57,2.02,1.99,2.39,10.65,322474.0,297368.0,18895.0,193390.0,0.0,,,,,,,,,,,,,,,,,3.0,4.0,4.0,4.0,3.0,4.0,4.0,1.0,159.0,29.0,50.0,1.0,29.0,29.0,0.88,0.93,1.4,0.81,1.06,9522.0,3599.0,490.0,9.0,897.0,41.0,223.0,72.0,64.8,67.8,66.7,98.9,36.6,69.5,10.7,4.5,2.5,0.0,0.0,10.0,0.9,91.5,91.8,95.5,100.0,0.0,100.0,97.6,91.5,91.8,95.5,100.0,0.0,100.0,97.6,257.0,11.0,6.0,16.0,619.0,20.0,42.0,0.0,971.0,190.0,4.0,3.0,7.0,587.0,14.0,25.0,26.0,2.0,0.0,2.0,74.0,2.0,8.0,174.71,178.73,139.35,121.22,88.42,,,,,,,,,8.14,216.84,4.65,1.63,78.57,0.0,54.15,13.54,10.15,146.15,290.91,189.51,233.33,262.68,234.98,143.72,384.04
2022-01-07,46896,44224.0,830.0,1758.0,1.0,444,148.0,226.0,70.0,96.0,78.0,156.0,0.0,609.0,82335.0,2861.0,730567.0,533.0,324.0,8.0,28.0,6.0,14.0,77.55,2.01,1.99,2.22,12.16,323201.0,298018.0,18895.0,195907.0,0.0,17268.0,234.0,197.0,504.0,33778.0,1100.0,2580.0,1166.0,304.0,0.0,2.0,7.0,1283.0,25.0,51.0,125.0,3.0,4.0,4.0,4.0,3.0,4.0,4.0,2.0,160.0,30.0,51.0,2.0,30.0,30.0,0.88,0.93,1.4,0.81,1.06,9522.0,3599.0,490.0,9.0,897.0,41.0,223.0,72.0,64.8,67.8,66.7,98.9,36.6,69.5,10.7,4.5,2.5,0.0,0.0,10.0,0.9,91.5,91.8,95.5,100.0,0.0,100.0,97.6,91.5,91.8,95.5,100.0,0.0,100.0,97.6,257.0,11.0,6.0,16.0,620.0,20.0,43.0,0.0,973.0,190.0,4.0,3.0,7.0,587.0,14.0,25.0,26.0,2.0,0.0,2.0,74.0,2.0,8.0,220.63,224.46,144.66,143.87,103.31,13283.2,17018.2,12444.7,16800.0,15115.7,18462.6,14831.8,14846.1,8.55,216.84,3.81,1.26,77.55,0.0,64.57,15.76,11.57,146.15,290.91,189.51,233.33,262.68,234.98,143.72,459.28
2022-01-08,47450,44392.0,831.0,2144.0,0.0,555,272.0,70.0,213.0,128.0,79.0,168.0,1.0,624.0,82959.0,2279.0,732846.0,533.0,328.0,8.0,28.0,6.0,17.0,77.55,1.89,1.87,2.27,18.74,323303.0,298104.0,18895.0,196270.0,0.0,,,,,,,,,,,,,,,,,3.0,4.0,4.0,4.0,3.0,4.0,3.0,3.0,161.0,31.0,52.0,3.0,31.0,0.0,0.9,1.04,1.31,0.68,0.82,9522.0,3599.0,490.0,9.0,897.0,41.0,223.0,72.0,64.8,67.8,66.7,98.9,36.6,69.5,10.7,4.5,2.5,0.0,0.0,10.0,0.9,91.5,91.8,95.5,100.0,0.0,100.0,97.6,91.5,91.8,95.5,100.0,0.0,100.0,97.6,257.0,11.0,6.0,16.0,620.0,20.0,43.0,0.0,973.0,190.0,4.0,3.0,7.0,587.0,14.0,25.0,26.0,2.0,0.0,2.0,74.0,2.0,8.0,174.93,171.11,235.15,160.35,129.98,,,,,,,,,9.94,217.1,3.32,1.25,77.55,0.0,77.59,20.51,12.96,146.15,290.91,189.51,233.33,262.68,234.98,143.72,560.12
2022-01-09,47976,44578.0,832.0,2484.0,1.0,526,223.0,72.0,231.0,107.0,83.0,186.0,1.0,659.0,83618.0,3213.0,736059.0,455.0,303.0,7.0,28.0,6.0,15.0,77.04,1.73,1.71,2.25,13.04,323303.0,298104.0,18895.0,196299.0,0.0,,,,,,,,,,,,,,,,,3.0,4.0,4.0,4.0,3.0,4.0,3.0,4.0,162.0,32.0,53.0,4.0,32.0,1.0,0.9,1.04,1.31,0.68,0.82,9522.0,3599.0,490.0,9.0,897.0,41.0,223.0,72.0,64.8,67.8,66.7,98.9,36.6,69.5,10.7,4.5,2.5,0.0,0.0,10.0,0.9,91.5,91.8,95.5,100.0,0.0,100.0,97.6,91.5,91.8,95.5,100.0,0.0,100.0,97.6,257.0,11.0,6.0,16.0,620.0,20.0,43.0,0.0,973.0,190.0,4.0,3.0,7.0,587.0,14.0,25.0,26.0,2.0,0.0,2.0,74.0,2.0,8.0,146.98,141.84,258.44,171.35,158.73,,,,,,,,,10.32,217.36,2.58,0.95,77.04,0.0,86.29,16.24,13.47,146.15,290.91,189.51,233.33,262.68,234.98,143.72,648.95
2022-01-10,48628,44838.0,832.0,2876.0,1.0,653,278.0,42.0,333.0,158.0,87.0,260.0,0.0,599.0,84217.0,3746.0,739805.0,455.0,285.0,7.0,28.0,5.0,15.0,76.53,1.71,1.67,2.32,13.21,324082.0,298789.0,18895.0,198837.0,53.0,17576.0,234.0,197.0,506.0,34487.0,1113.0,2628.0,1781.0,523.0,0.0,1.0,9.0,1519.0,35.0,89.0,725.0,3.0,4.0,4.0,4.0,3.0,4.0,3.0,5.0,163.0,33.0,54.0,5.0,33.0,2.0,0.85,0.92,1.39,0.71,0.96,13102.0,4667.0,713.0,19.0,859.0,95.0,260.0,74.6,71.2,49.6,73.7,62.3,51.6,57.3,15.7,11.6,8.4,0.0,0.0,17.5,2.4,89.9,87.6,94.0,100.0,100.0,98.0,99.1,89.9,87.6,94.0,100.0,100.0,98.0,99.1,257.0,11.0,6.0,16.0,620.0,20.0,43.0,0.0,973.0,191.0,4.0,3.0,7.0,588.0,14.0,25.0,26.0,2.0,0.0,2.0,74.0,2.0,8.0,296.08,286.32,393.74,191.62,200.82,13520.1,17018.2,12444.7,16866.7,15433.0,18680.8,15107.8,15289.0,11.42,217.36,2.85,1.24,76.53,0.0,105.92,26.38,16.36,146.92,290.91,189.51,233.33,263.13,234.98,143.72,751.36
2022-01-11,49271,45074.0,832.0,3281.0,1.0,646,303.0,31.0,312.0,148.0,92.0,236.0,0.0,688.0,84905.0,2769.0,742574.0,455.0,295.0,7.0,28.0,5.0,15.0,75.0,1.66,1.61,2.37,17.98,324697.0,299401.0,18895.0,200984.0,102.0,,,,,,,,,,,,,,,,,3.0,4.0,4.0,4.0,3.0,4.0,3.0,6.0,164.0,34.0,55.0,6.0,34.0,3.0,0.85,0.92,1.39,0.71,0.96,13102.0,4667.0,713.0,19.0,859.0,95.0,260.0,74.6,71.2,49.6,73.7,62.3,51.6,57.3,15.7,11.6,8.4,0.0,0.0,17.5,2.4,89.9,87.6,94.0,100.0,100.0,98.0,99.1,89.9,87.6,94.0,100.0,100.0,98.0,99.1,257.0,11.0,6.0,16.0,620.0,20.0,43.0,0.0,973.0,191.0,4.0,3.0,7.0,588.0,14.0,25.0,26.0,2.0,0.0,2.0,74.0,2.0,8.0,299.41,286.09,484.78,208.92,254.5,,,,,,,,,13.14,217.36,3.22,0.99,75.0,0.0,126.59,21.51,18.04,146.92,290.91,189.51,233.33,263.13,234.98,143.72,857.17
2022-01-12,49882,45259.0,832.0,3707.0,0.0,615,369.0,32.0,214.0,207.0,97.0,185.0,0.0,731.0,85636.0,2689.0,745263.0,455.0,396.0,7.0,31.0,5.0,15.0,74.01,1.6,1.56,2.12,15.17,325246.0,299986.0,18895.0,202823.0,189.0,,,,,,,,,,,,,,,,,3.0,4.0,4.0,4.0,3.0,3.0,3.0,7.0,165.0,35.0,56.0,7.0,0.0,4.0,0.85,0.92,1.39,0.71,0.96,13102.0,4667.0,713.0,19.0,859.0,95.0,260.0,74.6,71.2,49.6,73.7,62.3,51.6,57.3,15.7,11.6,8.4,0.0,0.0,17.5,2.4,89.9,87.6,94.0,100.0,100.0,98.0,99.1,89.9,87.6,94.0,100.0,100.0,98.0,99.1,257.0,11.0,6.0,16.0,620.0,20.0,43.0,0.0,973.0,191.0,4.0,3.0,7.0,588.0,14.0,25.0,26.0,2.0,0.0,2.0,74.0,2.0,8.0,300.94,298.7,334.17,226.75,284.33,,,,,,,,,14.42,217.36,3.15,0.95,74.01,0.0,141.49,28.32,20.32,146.92,290.91,189.51,233.33,263.13,234.98,143.72,968.46
2022-01-13,50704,45484.0,834.0,4300.0,0.0,825,308.0,149.0,368.0,294.0,102.0,225.0,2.0,1225.0,86861.0,4005.0,749268.0,455.0,386.0,7.0,31.0,5.0,18.0,72.88,1.53,1.5,1.93,13.26,325779.0,300544.0,18895.0,204439.0,287.0,,,,,,,,,,,,,,,,,3.0,4.0,4.0,4.0,3.0,3.0,3.0,8.0,166.0,36.0,57.0,8.0,1.0,5.0,0.85,0.92,1.39,0.71,0.96,13102.0,4667.0,713.0,19.0,859.0,95.0,260.0,74.6,71.2,49.6,73.7,62.3,51.6,57.3,15.7,11.6,8.4,0.0,0.0,17.5,2.4,89.9,87.6,94.0,100.0,100.0,98.0,99.1,89.9,87.6,94.0,100.0,100.0,98.0,99.1,257.0,11.0,6.0,16.0,620.0,20.0,43.0,0.0,973.0,191.0,4.0,3.0,7.0,588.0,14.0,25.0,26.0,2.0,0.0,2.0,74.0,2.0,8.0,284.18,282.84,352.84,241.62,314.83,,,,,,,,,14.8,217.88,2.94,1.34,72.88,0.0,159.14,24.0,21.82,146.92,290.91,189.51,233.33,263.13,234.98,143.72,1123.38
2022-01-14,51579,46010.0,836.0,4647.0,0.0,881,306.0,119.0,456.0,243.0,110.0,526.0,2.0,810.0,87671.0,3332.0,752600.0,455.0,415.0,7.0,31.0,5.0,19.0,73.73,1.45,1.42,1.76,19.15,326407.0,301135.0,18895.0,206246.0,348.0,18309.0,249.0,205.0,519.0,36275.0,1181.0,2727.0,1939.0,1020.0,15.0,8.0,17.0,2507.0,89.0,159.0,854.0,3.0,4.0,4.0,4.0,3.0,3.0,3.0,9.0,167.0,37.0,58.0,9.0,2.0,6.0,0.85,0.92,1.39,0.71,0.96,13102.0,4667.0,713.0,19.0,859.0,95.0,260.0,74.6,71.2,49.6,73.7,62.3,51.6,57.3,15.7,11.6,8.4,0.0,0.0,17.5,2.4,89.9,87.6,94.0,100.0,100.0,98.0,99.1,89.9,87.6,94.0,100.0,100.0,98.0,99.1,258.0,11.0,6.0,16.0,625.0,20.0,45.0,0.0,981.0,193.0,4.0,3.0,7.0,590.0,14.0,25.0,26.0,2.0,0.0,2.0,74.0,2.0,8.0,300.16,292.9,315.34,251.4,339.21,14084.0,18109.1,12950.1,17300.0,16233.1,19822.1,15676.9,16041.9,15.79,218.41,2.72,1.07,73.73,0.0,175.45,30.0,23.85,148.46,290.91,189.51,233.33,264.03,234.98,143.72,1214.04
2022-01-15,52716,46573.0,837.0,5220.0,0.0,1136,603.0,98.0,435.0,273.0,116.0,563.0,1.0,893.0,88564.0,3309.0,755909.0,455.0,403.0,7.0,31.0,5.0,20.0,73.52,1.41,1.39,1.56,26.08,326505.0,301224.0,18895.0,206543.0,353.0,,,,,,,,,,,,,,,,,3.0,4.0,4.0,4.0,2.0,3.0,3.0,10.0,168.0,38.0,59.0,0.0,3.0,7.0,0.93,0.97,1.34,0.76,0.81,13102.0,4667.0,713.0,19.0,859.0,95.0,260.0,74.6,71.2,49.6,73.7,62.3,51.6,57.3,15.7,11.6,8.4,0.0,0.0,17.5,2.4,89.9,87.6,94.0,100.0,100.0,98.0,99.1,89.9,87.6,94.0,100.0,100.0,98.0,99.1,258.0,11.0,6.0,16.0,625.0,20.0,45.0,0.0,981.0,193.0,4.0,3.0,7.0,590.0,14.0,25.0,26.0,2.0,0.0,2.0,74.0,2.0,8.0,281.69,279.04,279.18,266.82,345.5,,,,,,,,,16.84,218.67,2.54,1.29,73.52,0.0,197.13,30.57,25.29,148.46,290.91,189.51,233.33,264.03,234.98,143.72,1363.73
2022-01-16,53576,47187.0,837.0,5465.0,0.0,877,376.0,146.0,355.0,259.0,122.0,614.0,0.0,694.0,89258.0,2872.0,758781.0,455.0,419.0,7.0,31.0,6.0,16.0,72.94,1.35,1.33,1.46,21.52,326505.0,301225.0,18895.0,206561.0,353.0,,,,,,,,,,,,,,,,,3.0,4.0,4.0,4.0,2.0,3.0,3.0,11.0,169.0,39.0,60.0,1.0,4.0,8.0,0.93,0.97,1.34,0.76,0.81,13102.0,4667.0,713.0,19.0,859.0,95.0,260.0,74.6,71.2,49.6,73.7,62.3,51.6,57.3,15.7,11.6,8.4,0.0,0.0,17.5,2.4,89.9,87.6,94.0,100.0,100.0,98.0,99.1,89.9,87.6,94.0,100.0,100.0,98.0,99.1,258.0,11.0,6.0,16.0,625.0,20.0,45.0,0.0,981.0,193.0,4.0,3.0,7.0,590.0,14.0,25.0,26.0,2.0,0.0,2.0,74.0,2.0,8.0,213.87,199.37,372.37,275.04,361.78,,,,,,,,,18.05,218.67,2.44,0.77,72.94,0.0,210.23,37.32,28.3,148.46,290.91,189.51,233.33,264.03,234.98,143.72,1427.74
2022-01-17,54544,47814.0,840.0,5802.0,0.0,982,401.0,140.0,441.0,184.0,130.0,627.0,3.0,595.0,89853.0,3308.0,762089.0,455.0,373.0,7.0,31.0,8.0,21.0,76.1,1.28,1.27,1.34,24.12,327200.0,301815.0,18895.0,208326.0,392.0,19020.0,259.0,209.0,539.0,37765.0,1227.0,2815.0,2492.0,1345.0,25.0,8.0,32.0,2739.0,123.0,194.0,1357.0,3.0,4.0,4.0,4.0,2.0,3.0,3.0,12.0,170.0,40.0,61.0,2.0,5.0,9.0,0.85,0.9,1.33,0.77,0.9,15239.0,5966.0,1018.0,107.0,1303.0,185.0,362.0,67.7,63.2,57.3,79.4,43.7,47.0,33.1,23.7,24.1,15.8,12.8,50.0,14.3,12.8,89.1,90.8,91.4,92.7,95.5,95.0,100.0,89.1,90.8,91.4,92.7,95.5,95.0,100.0,259.0,11.0,6.0,16.0,630.0,20.0,45.0,0.0,987.0,193.0,4.0,3.0,7.0,594.0,14.0,25.0,26.0,2.0,0.0,2.0,75.0,2.0,8.0,334.79,330.06,407.95,281.28,363.81,14630.9,18836.4,13202.8,17966.7,16899.9,20594.2,16182.8,16805.3,19.61,219.45,2.1,1.12,76.1,0.0,222.51,30.92,28.95,148.46,290.91,189.51,233.33,265.82,234.98,143.72,1515.78
2022-01-18,55489,48569.0,840.0,5992.0,1.0,944,460.0,86.0,398.0,186.0,141.0,755.0,0.0,580.0,90433.0,3203.0,765292.0,455.0,398.0,7.0,31.0,9.0,16.0,77.42,1.21,1.22,1.17,23.67,327710.0,302249.0,18895.0,209657.0,419.0,,,,,,,,,,,,,,,,,3.0,4.0,4.0,4.0,2.0,3.0,3.0,13.0,171.0,41.0,62.0,3.0,6.0,10.0,0.85,0.9,1.33,0.77,0.9,15239.0,5966.0,1018.0,107.0,1303.0,185.0,362.0,67.7,63.2,57.3,79.4,43.7,47.0,33.1,23.7,24.1,15.8,12.8,50.0,14.3,12.8,89.1,90.8,91.4,92.7,95.5,95.0,100.0,89.1,90.8,91.4,92.7,95.5,95.0,100.0,259.0,11.0,6.0,16.0,630.0,20.0,45.0,0.0,987.0,193.0,4.0,3.0,7.0,594.0,14.0,25.0,26.0,2.0,0.0,2.0,75.0,2.0,8.0,302.14,302.24,308.45,283.59,338.61,,,,,,,,,20.42,219.45,1.85,0.96,77.42,0.0,233.63,32.07,30.46,148.46,290.91,189.51,233.33,265.82,234.98,143.72,1565.42
2022-01-19,56461,49340.0,840.0,6193.0,0.0,974,510.0,140.0,324.0,312.0,145.0,771.0,0.0,990.0,91423.0,2479.0,767771.0,455.0,438.0,7.0,31.0,8.0,14.0,78.34,1.14,1.14,1.1,26.7,328243.0,302726.0,18895.0,211055.0,462.0,,,,,,,,,,,,,,,,,2.0,3.0,3.0,3.0,2.0,2.0,2.0,0.0,0.0,0.0,0.0,4.0,0.0,0.0,0.85,0.9,1.33,0.77,0.9,15239.0,5966.0,1018.0,107.0,1303.0,185.0,362.0,67.7,63.2,57.3,79.4,43.7,47.0,33.1,23.7,24.1,15.8,12.8,50.0,14.3,12.8,89.1,90.8,91.4,92.7,95.5,95.0,100.0,89.1,90.8,91.4,92.7,95.5,95.0,100.0,259.0,11.0,6.0,16.0,630.0,20.0,45.0,0.0,987.0,193.0,4.0,3.0,7.0,594.0,14.0,25.0,26.0,2.0,0.0,2.0,75.0,2.0,8.0,254.9,254.48,283.84,277.27,331.42,,,,,,,,,22.07,219.45,1.75,1.03,78.34,0.0,247.03,31.52,30.91,148.46,290.91,189.51,233.33,265.82,234.98,143.72,1617.93
2022-01-20,57440,49920.0,842.0,6590.0,0.0,924,489.0,77.0,358.0,254.0,152.0,580.0,2.0,640.0,92063.0,3151.0,770922.0,455.0,349.0,7.0,31.0,9.0,15.0,78.8,1.09,1.09,1.08,21.26,328684.0,303103.0,18895.0,212131.0,1108.0,,,,,,,,,,,,,,,,,2.0,3.0,3.0,3.0,2.0,2.0,2.0,1.0,1.0,1.0,1.0,5.0,1.0,1.0,0.85,0.9,1.33,0.77,0.9,15239.0,5966.0,1018.0,107.0,1303.0,185.0,362.0,67.7,63.2,57.3,79.4,43.7,47.0,33.1,23.7,24.1,15.8,12.8,50.0,14.3,12.8,89.1,90.8,91.4,92.7,95.5,95.0,100.0,89.1,90.8,91.4,92.7,95.5,95.0,100.0,259.0,11.0,6.0,16.0,630.0,20.0,45.0,0.0,987.0,193.0,4.0,3.0,7.0,594.0,14.0,25.0,26.0,2.0,0.0,2.0,75.0,2.0,8.0,265.5,256.04,360.5,273.45,332.52,,,,,,,,,23.21,219.97,1.58,0.95,78.8,0.0,250.73,39.69,33.16,148.46,290.91,189.51,233.33,265.82,234.98,143.72,1721.65
2022-01-21,58837,54053.0,844.0,3852.0,0.0,1327,494.0,111.0,722.0,225.0,158.0,4133.0,2.0,554.0,92617.0,4527.0,775449.0,455.0,414.0,7.0,31.0,9.0,16.0,79.26,1.04,1.04,1.08,24.34,329103.0,303438.0,18895.0,213133.0,1593.0,20001.0,278.0,218.0,568.0,40383.0,1292.0,2987.0,2838.0,772.0,21.0,3.0,28.0,1672.0,68.0,133.0,1148.0,2.0,3.0,3.0,3.0,2.0,2.0,2.0,2.0,2.0,2.0,2.0,6.0,2.0,2.0,0.85,0.9,1.33,0.77,0.9,15239.0,5966.0,1018.0,107.0,1303.0,185.0,362.0,67.7,63.2,57.3,79.4,43.7,47.0,33.1,23.7,24.1,15.8,12.8,50.0,14.3,12.8,89.1,90.8,91.4,92.7,95.5,95.0,100.0,89.1,90.8,91.4,92.7,95.5,95.0,100.0,260.0,11.0,6.0,16.0,632.0,20.0,46.0,0.0,991.0,193.0,4.0,3.0,7.0,594.0,14.0,25.0,26.0,2.0,0.0,2.0,75.0,2.0,8.0,249.91,240.13,364.5,265.91,339.54,15385.5,20218.2,13771.3,18933.3,18071.4,21685.1,17171.6,17912.7,23.96,220.5,1.52,1.44,79.26,0.0,267.37,40.61,34.67,148.46,290.91,189.51,233.33,265.82,234.98,143.72,1006.34
2022-01-22,59774,55025.0,846.0,3815.0,2.0,943,299.0,171.0,473.0,264.0,166.0,972.0,2.0,932.0,93549.0,2916.0,778365.0,455.0,403.0,7.0,31.0,11.0,19.0,81.57,0.99,0.98,1.12,23.29,329184.0,303496.0,18895.0,213384.0,1624.0,,,,,,,,,,,,,,,,,2.0,3.0,3.0,3.0,2.0,2.0,2.0,3.0,3.0,3.0,3.0,7.0,3.0,3.0,0.92,1.02,1.27,0.47,0.77,15239.0,5966.0,1018.0,107.0,1303.0,185.0,362.0,67.7,63.2,57.3,79.4,43.7,47.0,33.1,23.7,24.1,15.8,12.8,50.0,14.3,12.8,89.1,90.8,91.4,92.7,95.5,95.0,100.0,89.1,90.8,91.4,92.7,95.5,95.0,100.0,260.0,11.0,6.0,16.0,632.0,20.0,46.0,0.0,991.0,193.0,4.0,3.0,7.0,594.0,14.0,25.0,26.0,2.0,0.0,2.0,75.0,2.0,8.0,193.99,180.21,399.36,251.79,356.71,,,,,,,,,23.56,221.02,1.32,0.71,81.57,0.0,260.17,28.33,34.35,148.46,290.91,189.51,233.33,265.82,234.98,143.72,996.67
2022-01-23,61045,56112.0,846.0,3999.0,2.0,995,475.0,86.0,434.0,180.0,170.0,1087.0,0.0,638.0,94187.0,2663.0,781028.0,455.0,387.0,7.0,31.0,9.0,18.0,83.87,0.96,0.95,1.04,30.6,329184.0,303496.0,18895.0,213400.0,1627.0,,,,,,,,,,,,,,,,,2.0,3.0,3.0,3.0,2.0,2.0,2.0,4.0,4.0,4.0,4.0,8.0,4.0,4.0,,,,,,15239.0,5966.0,1018.0,107.0,1303.0,185.0,362.0,67.7,63.2,57.3,79.4,43.7,47.0,33.1,23.7,24.1,15.8,12.8,50.0,14.3,12.8,89.1,90.8,91.4,92.7,95.5,95.0,100.0,89.1,90.8,91.4,92.7,95.5,95.0,100.0,260.0,11.0,6.0,16.0,632.0,20.0,46.0,0.0,991.0,193.0,4.0,3.0,7.0,594.0,14.0,25.0,26.0,2.0,0.0,2.0,75.0,2.0,8.0,156.89,149.34,245.52,244.64,338.59,,,,,,,,,24.86,221.02,1.26,1.06,83.87,0.0,264.57,28.21,33.05,148.46,290.91,189.51,233.33,265.82,234.98,143.72,1044.74
2022-01-24,62169,57008.0,846.0,4226.0,3.0,984,491.0,88.0,405.0,260.0,177.0,896.0,0.0,805.0,94992.0,3063.0,784091.0,455.0,356.0,7.0,31.0,11.0,19.0,84.33,0.95,0.95,1.02,23.64,329702.0,303962.0,18896.0,214550.0,1927.0,20900.0,285.0,224.0,577.0,42495.0,1364.0,3109.0,3298.0,898.0,13.0,3.0,13.0,1808.0,76.0,124.0,1296.0,2.0,3.0,3.0,3.0,2.0,2.0,2.0,5.0,5.0,5.0,5.0,9.0,5.0,5.0,0.84,0.91,1.32,0.72,0.92,15034.0,6096.0,1164.0,50.0,839.0,155.0,395.0,67.4,64.9,56.4,26.0,48.4,35.5,33.2,33.5,34.2,34.0,10.5,21.4,32.3,19.9,93.3,91.5,92.4,97.6,100.0,90.9,97.3,93.3,91.5,92.4,97.6,100.0,90.9,97.3,262.0,11.0,6.0,17.0,633.0,20.0,46.0,0.0,995.0,195.0,4.0,3.0,7.0,598.0,14.0,25.0,26.0,2.0,0.0,2.0,75.0,2.0,8.0,314.7,309.23,394.58,241.67,336.68,16077.0,20727.3,14150.3,19233.3,19016.6,22893.6,17873.0,18875.9,24.79,221.02,1.19,0.99,84.33,0.0,264.65,32.3,33.25,150.0,290.91,189.51,233.33,267.61,234.98,143.72,1104.05
2022-01-25,63308,58522.0,846.0,3851.0,2.0,1070,519.0,75.0,476.0,133.0,181.0,1514.0,0.0,303.0,95295.0,4059.0,788150.0,455.0,391.0,7.0,31.0,10.0,21.0,87.1,0.93,0.92,1.01,23.08,330114.0,304419.0,18896.0,215517.0,2182.0,,,,,,,,,,,,,,,,,2.0,3.0,3.0,3.0,2.0,2.0,2.0,6.0,6.0,6.0,6.0,10.0,6.0,6.0,0.84,0.91,1.32,0.72,0.92,15034.0,6096.0,1164.0,50.0,839.0,155.0,395.0,67.4,64.9,56.4,26.0,48.4,35.5,33.2,33.5,34.2,34.0,10.5,21.4,32.3,19.9,93.3,91.5,92.4,97.6,100.0,90.9,97.3,93.3,91.5,92.4,97.6,100.0,90.9,97.3,262.0,11.0,6.0,17.0,633.0,20.0,46.0,0.0,995.0,195.0,4.0,3.0,7.0,598.0,14.0,25.0,26.0,2.0,0.0,2.0,75.0,2.0,8.0,237.71,233.68,286.63,231.87,333.56,,,,,,,,,24.7,221.02,1.15,1.09,87.1,0.0,269.35,43.89,34.94,150.0,290.91,189.51,233.33,267.61,234.98,143.72,1006.08
2022-01-26,64513,59802.0,846.0,3776.0,1.0,1176,622.0,96.0,458.0,241.0,191.0,1280.0,0.0,865.0,96160.0,3172.0,791322.0,455.0,397.0,7.0,31.0,9.0,21.0,90.78,0.93,0.92,1.0,29.48,330463.0,304829.0,18896.0,216561.0,2365.0,,,,,,,,,,,,,,,,,2.0,3.0,3.0,3.0,2.0,2.0,2.0,7.0,7.0,7.0,7.0,11.0,7.0,7.0,0.84,0.91,1.32,0.72,0.92,15034.0,6096.0,1164.0,50.0,839.0,155.0,395.0,67.4,64.9,56.4,26.0,48.4,35.5,33.2,33.5,34.2,34.0,10.5,21.4,32.3,19.9,93.3,91.5,92.4,97.6,100.0,90.9,97.3,93.3,91.5,92.4,97.6,100.0,90.9,97.3,262.0,11.0,6.0,17.0,633.0,20.0,46.0,0.0,995.0,195.0,4.0,3.0,7.0,598.0,14.0,25.0,26.0,2.0,0.0,2.0,75.0,2.0,8.0,238.28,234.88,269.69,229.07,331.54,,,,,,,,,25.1,221.02,1.12,1.1,90.78,0.0,276.89,27.86,34.41,150.0,290.91,189.51,233.33,267.61,234.98,143.72,986.49
2022-01-27,65481,60753.0,851.0,3789.0,2.0,979,487.0,135.0,357.0,244.0,209.0,951.0,5.0,827.0,96987.0,2680.0,794002.0,455.0,325.0,7.0,31.0,13.0,15.0,92.63,0.9,0.89,0.95,27.43,330780.0,305259.0,18896.0,217379.0,2547.0,,,,,,,,,,,,,,,,,2.0,3.0,3.0,3.0,2.0,2.0,2.0,8.0,8.0,8.0,8.0,12.0,8.0,8.0,0.84,0.91,1.32,0.72,0.92,15034.0,6096.0,1164.0,50.0,839.0,155.0,395.0,67.4,64.9,56.4,26.0,48.4,35.5,33.2,33.5,34.2,34.0,10.5,21.4,32.3,19.9,93.3,91.5,92.4,97.6,100.0,90.9,97.3,93.3,91.5,92.4,97.6,100.0,90.9,97.3,262.0,11.0,6.0,17.0,633.0,20.0,46.0,0.0,995.0,195.0,4.0,3.0,7.0,598.0,14.0,25.0,26.0,2.0,0.0,2.0,75.0,2.0,8.0,180.02,173.68,233.09,217.31,313.34,,,,,,,,,25.98,222.32,1.11,0.83,92.63,0.0,278.94,29.5,32.96,150.0,290.91,189.51,233.33,267.61,234.98,143.72,989.88
2022-01-28,66525,61693.0,855.0,3889.0,2.0,919,372.0,98.0,449.0,260.0,208.0,940.0,4.0,1117.0,98104.0,2364.0,796366.0,455.0,293.0,7.0,31.0,12.0,15.0,93.55,0.87,0.87,0.89,27.88,331085.0,305592.0,18896.0,218240.0,2787.0,22550.0,297.0,734.0,619.0,46713.0,1548.0,3341.0,903.0,1040.0,13.0,129.0,16.0,2430.0,148.0,147.0,1.0,2.0,3.0,3.0,3.0,2.0,2.0,2.0,9.0,9.0,9.0,9.0,13.0,9.0,9.0,0.84,0.91,1.32,0.72,0.92,15034.0,6096.0,1164.0,50.0,839.0,155.0,395.0,67.4,64.9,56.4,26.0,48.4,35.5,33.2,33.5,34.2,34.0,10.5,21.4,32.3,19.9,93.3,91.5,92.4,97.6,100.0,90.9,97.3,93.3,91.5,92.4,97.6,100.0,90.9,97.3,263.0,11.0,6.0,17.0,639.0,20.0,48.0,0.0,1004.0,197.0,4.0,3.0,7.0,608.0,15.0,27.0,27.0,2.0,0.0,2.0,75.0,2.0,8.0,171.33,168.91,219.41,207.13,292.61,17346.3,21600.0,46367.7,20633.3,20904.1,25981.9,19206.7,20039.3,26.48,223.37,0.99,0.94,93.55,0.0,263.71,23.28,30.48,151.54,290.91,189.51,233.33,272.08,251.76,155.22,1016.01
2022-01-29,67566,62627.0,861.0,3990.0,2.0,946,420.0,104.0,422.0,198.0,213.0,934.0,6.0,873.0,98977.0,2519.0,798885.0,455.0,257.0,7.0,31.0,13.0,18.0,94.01,0.85,0.86,0.82,29.69,331150.0,305625.0,18896.0,218423.0,2803.0,,,,,,,,,,,,,,,,,2.0,2.0,2.0,2.0,2.0,2.0,2.0,10.0,0.0,0.0,0.0,14.0,10.0,10.0,0.91,1.01,1.3,0.67,0.74,15034.0,6096.0,1164.0,50.0,839.0,155.0,395.0,67.4,64.9,56.4,26.0,48.4,35.5,33.2,33.5,34.2,34.0,10.5,21.4,32.3,19.9,93.3,91.5,92.4,97.6,100.0,90.9,97.3,93.3,91.5,92.4,97.6,100.0,90.9,97.3,263.0,11.0,6.0,17.0,639.0,20.0,48.0,0.0,1004.0,197.0,4.0,3.0,7.0,608.0,15.0,27.0,27.0,2.0,0.0,2.0,75.0,2.0,8.0,127.46,123.26,182.82,199.0,261.68,,,,,,,,,27.4,224.94,1.01,1.03,94.01,0.0,263.83,22.68,29.68,151.54,290.91,189.51,233.33,272.08,251.76,155.22,1042.39
2022-01-30,68455,63439.0,866.0,4061.0,2.0,885,452.0,74.0,359.0,212.0,219.0,812.0,5.0,882.0,99859.0,2623.0,801508.0,455.0,354.0,7.0,33.0,16.0,15.0,94.99,0.84,0.84,0.82,25.66,331152.0,305625.0,18896.0,218435.0,2806.0,,,,,,,,,,,,,,,,,2.0,2.0,2.0,2.0,2.0,2.0,2.0,11.0,1.0,1.0,1.0,15.0,11.0,11.0,0.91,1.01,1.3,0.67,0.74,15034.0,6096.0,1164.0,50.0,839.0,155.0,395.0,67.4,64.9,56.4,26.0,48.4,35.5,33.2,33.5,34.2,34.0,10.5,21.4,32.3,19.9,93.3,91.5,92.4,97.6,100.0,90.9,97.3,93.3,91.5,92.4,97.6,100.0,90.9,97.3,263.0,11.0,6.0,17.0,639.0,20.0,48.0,0.0,1004.0,197.0,4.0,3.0,7.0,608.0,15.0,27.0,27.0,2.0,0.0,2.0,75.0,2.0,8.0,90.44,83.45,174.56,189.59,251.54,,,,,,,,,26.69,226.24,0.98,0.94,94.99,0.0,259.72,24.04,29.08,151.54,290.91,189.51,233.33,272.08,251.76,155.22,1060.94
2022-01-31,69214,64095.0,868.0,4162.0,3.0,741,301.0,85.0,355.0,156.0,225.0,656.0,2.0,738.0,100597.0,3122.0,804630.0,455.0,338.0,7.0,33.0,16.0,14.0,94.15,0.77,0.77,0.75,18.74,331336.0,305903.0,18896.0,219182.0,2992.0,23349.0,301.0,786.0,645.0,48336.0,1584.0,3483.0,903.0,1212.0,9.0,114.0,30.0,2557.0,77.0,182.0,1.0,2.0,2.0,2.0,2.0,2.0,2.0,2.0,12.0,2.0,2.0,2.0,16.0,12.0,12.0,0.85,0.9,1.39,0.85,1.02,15034.0,6096.0,1164.0,50.0,839.0,155.0,395.0,67.4,64.9,56.4,26.0,48.4,35.5,33.2,33.5,34.2,34.0,10.5,21.4,32.3,19.9,93.3,91.5,92.4,97.6,100.0,90.9,97.3,93.3,91.5,92.4,97.6,100.0,90.9,97.3,268.0,11.0,6.0,17.0,647.0,20.0,49.0,0.0,1018.0,198.0,4.0,3.0,7.0,614.0,15.0,27.0,27.0,2.0,0.0,2.0,76.0,2.0,8.0,157.76,156.19,187.42,167.72,221.94,17960.9,21890.9,49652.6,21500.0,21630.4,26586.1,20023.0,20740.0,25.99,226.77,0.95,0.84,94.15,0.0,250.65,21.14,27.48,152.31,290.91,189.51,233.33,274.77,251.76,155.22,1087.33
2022-02-01,69682,65276.0,868.0,3449.0,2.0,428,172.0,71.0,185.0,111.0,231.0,1181.0,0.0,670.0,101267.0,1582.0,806212.0,455.0,287.0,7.0,33.0,19.0,11.0,92.85,0.75,0.75,0.72,20.04,331629.0,306331.0,18896.0,219987.0,3166.0,,,,,,,,,,,,,,,,,2.0,2.0,2.0,2.0,2.0,2.0,2.0,13.0,3.0,3.0,3.0,17.0,13.0,13.0,0.85,0.9,1.39,0.85,1.02,13584.0,5159.0,1011.0,39.0,1248.0,128.0,452.0,69.9,64.1,58.2,43.6,14.4,61.7,70.6,32.0,33.3,21.8,22.2,47.6,29.3,33.8,95.5,93.6,95.1,96.9,88.9,98.4,98.7,95.5,93.6,95.1,96.9,88.9,98.4,98.7,268.0,11.0,6.0,17.0,647.0,20.0,49.0,0.0,1018.0,198.0,4.0,3.0,7.0,614.0,15.0,27.0,27.0,2.0,0.0,2.0,76.0,2.0,8.0,151.19,150.59,145.41,155.85,201.77,,,,,,,,,25.56,226.77,0.84,0.58,92.85,0.0,226.69,16.57,23.58,152.31,290.91,189.51,233.33,274.77,251.76,155.22,901.06
2022-02-02,70148,66182.0,868.0,3009.0,2.0,465,302.0,19.0,144.0,173.0,236.0,906.0,0.0,860.0,102127.0,1738.0,807950.0,455.0,232.0,7.0,39.0,23.0,16.0,93.31,0.71,0.71,0.7,16.8,331934.0,306799.0,18896.0,220746.0,3360.0,,,,,,,,,,,,,,,,,2.0,2.0,2.0,2.0,2.0,2.0,2.0,14.0,4.0,4.0,4.0,18.0,14.0,14.0,0.85,0.9,1.39,0.85,1.02,13584.0,5159.0,1011.0,39.0,1248.0,128.0,452.0,69.9,64.1,58.2,43.6,14.4,61.7,70.6,32.0,33.3,21.8,22.2,47.6,29.3,33.8,95.5,93.6,95.1,96.9,88.9,98.4,98.7,95.5,93.6,95.1,96.9,88.9,98.4,98.7,268.0,11.0,6.0,17.0,647.0,20.0,49.0,0.0,1018.0,198.0,4.0,3.0,7.0,614.0,15.0,27.0,27.0,2.0,0.0,2.0,76.0,2.0,8.0,121.19,118.99,151.53,139.3,184.89,,,,,,,,,23.75,226.77,0.72,1.09,93.31,0.0,200.16,20.12,22.47,152.31,290.91,189.51,233.33,274.77,251.76,155.22,786.11
2022-02-03,70854,67078.0,881.0,2806.0,1.0,701,269.0,201.0,231.0,168.0,237.0,896.0,13.0,1077.0,103204.0,2811.0,810761.0,455.0,223.0,7.0,39.0,24.0,15.0,94.69,0.69,0.69,0.67,18.96,332248.0,307296.0,18896.0,221472.0,3461.0,,,,,,,,,,,,,,,,,2.0,2.0,2.0,2.0,2.0,2.0,2.0,15.0,5.0,5.0,5.0,19.0,15.0,15.0,0.85,0.9,1.39,0.85,1.02,13584.0,5159.0,1011.0,39.0,1248.0,128.0,452.0,69.9,64.1,58.2,43.6,14.4,61.7,70.6,32.0,33.3,21.8,22.2,47.6,29.3,33.8,95.5,93.6,95.1,96.9,88.9,98.4,98.7,95.5,93.6,95.1,96.9,88.9,98.4,98.7,268.0,11.0,6.0,17.0,647.0,20.0,49.0,0.0,1018.0,198.0,4.0,3.0,7.0,614.0,15.0,27.0,27.0,2.0,0.0,2.0,76.0,2.0,8.0,91.63,90.94,104.28,127.48,166.49,,,,,,,,,22.54,230.16,0.68,1.51,94.69,0.0,189.78,15.6,20.49,152.31,290.91,189.51,233.33,274.77,251.76,155.22,733.07
2022-02-04,71384,67760.0,884.0,2651.0,1.0,521,256.0,68.0,197.0,126.0,239.0,682.0,3.0,783.0,103987.0,2029.0,812790.0,455.0,205.0,7.0,40.0,24.0,15.0,96.18,0.67,0.67,0.64,19.47,332529.0,307829.0,18896.0,222101.0,3631.0,23923.0,308.0,819.0,664.0,49710.0,1639.0,3567.0,903.0,714.0,7.0,60.0,20.0,1626.0,61.0,118.0,0.0,2.0,2.0,2.0,2.0,2.0,2.0,2.0,16.0,6.0,6.0,6.0,20.0,16.0,16.0,0.85,0.9,1.39,0.85,1.02,13584.0,5159.0,1011.0,39.0,1248.0,128.0,452.0,69.9,64.1,58.2,43.6,14.4,61.7,70.6,32.0,33.3,21.8,22.2,47.6,29.3,33.8,95.5,93.6,95.1,96.9,88.9,98.4,98.7,95.5,93.6,95.1,96.9,88.9,98.4,98.7,273.0,11.0,6.0,17.0,658.0,20.0,50.0,0.0,1035.0,201.0,4.0,3.0,7.0,626.0,15.0,28.0,27.0,2.0,0.0,2.0,76.0,2.0,8.0,87.94,87.9,85.09,115.9,147.3,18402.4,22400.0,51737.2,22133.3,22245.3,27509.2,20505.9,21300.6,21.34,230.95,0.66,0.74,96.18,0.0,174.93,16.09,19.46,154.62,290.91,189.51,233.33,280.14,251.76,160.97,692.58
2022-02-05,71894,68463.0,886.0,2456.0,0.0,510,196.0,107.0,207.0,117.0,243.0,703.0,2.0,867.0,104854.0,1879.0,814669.0,455.0,227.0,7.0,40.0,24.0,15.0,95.82,0.66,0.66,0.64,20.92,332565.0,307893.0,18896.0,222223.0,3648.0,,,,,,,,,,,,,,,,,2.0,2.0,2.0,2.0,2.0,2.0,2.0,17.0,7.0,7.0,7.0,21.0,17.0,17.0,0.9,1.03,1.3,0.69,0.87,13584.0,5159.0,1011.0,39.0,1248.0,128.0,452.0,69.9,64.1,58.2,43.6,14.4,61.7,70.6,32.0,33.3,21.8,22.2,47.6,29.3,33.8,95.5,93.6,95.1,96.9,88.9,98.4,98.7,95.5,93.6,95.1,96.9,88.9,98.4,98.7,273.0,11.0,6.0,17.0,658.0,20.0,50.0,0.0,1035.0,201.0,4.0,3.0,7.0,626.0,15.0,28.0,27.0,2.0,0.0,2.0,76.0,2.0,8.0,63.43,58.25,107.98,106.62,136.61,,,,,,,,,20.08,231.47,0.6,0.98,95.82,0.0,158.65,13.49,18.15,154.62,290.91,189.51,233.33,280.14,251.76,160.97,641.63
2022-02-06,72280,68994.0,886.0,2311.0,0.0,389,173.0,79.0,137.0,90.0,246.0,531.0,0.0,826.0,105680.0,1733.0,816402.0,455.0,258.0,7.0,39.0,23.0,10.0,94.49,0.67,0.68,0.62,17.25,332565.0,307894.0,18896.0,222225.0,3648.0,,,,,,,,,,,,,,,,,2.0,2.0,2.0,2.0,2.0,2.0,2.0,18.0,8.0,8.0,8.0,22.0,18.0,18.0,0.9,1.03,1.3,0.69,0.87,13584.0,5159.0,1011.0,39.0,1248.0,128.0,452.0,69.9,64.1,58.2,43.6,14.4,61.7,70.6,32.0,33.3,21.8,22.2,47.6,29.3,33.8,95.5,93.6,95.1,96.9,88.9,98.4,98.7,95.5,93.6,95.1,96.9,88.9,98.4,98.7,273.0,11.0,6.0,17.0,658.0,20.0,50.0,0.0,1035.0,201.0,4.0,3.0,7.0,626.0,15.0,28.0,27.0,2.0,0.0,2.0,76.0,2.0,8.0,51.96,49.12,74.73,101.71,122.35,,,,,,,,,18.88,231.47,0.54,0.76,94.49,0.0,140.14,10.9,16.27,154.62,290.91,189.51,233.33,280.14,251.76,160.97,603.75
2022-02-07,72591,69353.0,887.0,2260.0,0.0,309,142.0,29.0,138.0,75.0,249.0,359.0,1.0,642.0,106322.0,1673.0,818075.0,455.0,204.0,7.0,39.0,22.0,15.0,95.06,0.65,0.66,0.6,13.99,332919.0,308389.0,18896.0,223045.0,4289.0,24295.0,308.0,836.0,680.0,50396.0,1654.0,3635.0,903.0,646.0,3.0,34.0,23.0,1370.0,26.0,104.0,0.0,2.0,2.0,2.0,2.0,2.0,2.0,2.0,19.0,9.0,9.0,9.0,23.0,19.0,19.0,0.84,0.91,1.35,0.77,0.91,13584.0,5159.0,1011.0,39.0,1248.0,128.0,452.0,69.9,64.1,58.2,43.6,14.4,61.7,70.6,32.0,33.3,21.8,22.2,47.6,29.3,33.8,95.5,93.6,95.1,96.9,88.9,98.4,98.7,95.5,93.6,95.1,96.9,88.9,98.4,98.7,276.0,11.0,6.0,17.0,662.0,20.0,51.0,0.0,1043.0,201.0,4.0,3.0,7.0,628.0,15.0,29.0,27.0,2.0,0.0,2.0,76.0,2.0,8.0,87.17,87.42,97.35,91.89,109.48,18688.6,22400.0,52811.1,22666.7,22552.3,27761.0,20896.8,21607.3,18.2,231.73,0.49,0.79,95.06,0.0,124.02,11.68,14.92,154.62,290.91,189.51,233.33,281.03,251.76,166.71,590.43
2022-02-08,72797,69998.0,887.0,1821.0,0.0,185,123.0,17.0,45.0,79.0,249.0,645.0,0.0,651.0,106973.0,797.0,818872.0,455.0,170.0,7.0,39.0,21.0,12.0,94.16,0.62,0.62,0.64,13.3,333247.0,308977.0,18896.0,223755.0,4824.0,,,,,,,,,,,,,,,,,2.0,2.0,2.0,2.0,2.0,2.0,2.0,20.0,10.0,10.0,10.0,24.0,20.0,20.0,0.84,0.91,1.35,0.77,0.91,10707.0,4053.0,809.0,32.0,1537.0,110.0,272.0,65.0,62.5,62.2,46.9,35.8,40.9,56.2,23.2,22.6,15.2,12.5,28.6,32.9,18.1,96.6,97.5,97.5,94.7,100.0,100.0,99.2,96.6,97.5,97.5,94.7,100.0,100.0,99.2,276.0,11.0,6.0,17.0,662.0,20.0,51.0,0.0,1043.0,201.0,4.0,3.0,7.0,628.0,15.0,29.0,27.0,2.0,0.0,2.0,76.0,2.0,8.0,75.97,70.53,126.83,80.45,106.83,,,,,,,,,17.24,231.73,0.51,0.6,94.16,0.0,114.95,12.14,14.29,154.62,290.91,189.51,233.33,281.03,251.76,166.71,475.74
2022-02-09,73131,70586.0,887.0,1566.0,0.0,286,196.0,33.0,57.0,115.0,250.0,588.0,0.0,669.0,107642.0,1258.0,820130.0,455.0,171.0,7.0,42.0,21.0,11.0,90.76,0.61,0.61,0.64,13.59,333546.0,309448.0,18896.0,224374.0,5173.0,,,,,,,,,,,,,,,,,2.0,3.0,2.0,2.0,2.0,2.0,2.0,21.0,0.0,11.0,11.0,25.0,21.0,21.0,0.84,0.91,1.35,0.77,0.91,10707.0,4053.0,809.0,32.0,1537.0,110.0,272.0,65.0,62.5,62.2,46.9,35.8,40.9,56.2,23.2,22.6,15.2,12.5,28.6,32.9,18.1,96.6,97.5,97.5,94.7,100.0,100.0,99.2,96.6,97.5,97.5,94.7,100.0,100.0,99.2,276.0,11.0,6.0,17.0,662.0,20.0,51.0,0.0,1043.0,201.0,4.0,3.0,7.0,628.0,15.0,29.0,27.0,2.0,0.0,2.0,76.0,2.0,8.0,65.8,64.52,92.49,72.67,98.39,,,,,,,,,16.78,231.73,0.54,1.55,90.76,0.0,108.27,17.19,13.87,154.62,290.91,189.51,233.33,281.03,251.76,166.71,409.12
2022-02-10,73505,71043.0,905.0,1464.0,0.0,349,140.0,69.0,140.0,83.0,256.0,457.0,18.0,715.0,108357.0,2262.0,822392.0,455.0,172.0,7.0,42.0,21.0,12.0,87.69,0.63,0.62,0.69,11.76,333839.0,309898.0,18896.0,224987.0,5417.0,,,,,,,,,,,,,,,,,2.0,3.0,2.0,2.0,2.0,2.0,2.0,22.0,1.0,12.0,12.0,26.0,22.0,22.0,0.84,0.91,1.35,0.77,0.91,10707.0,4053.0,809.0,32.0,1537.0,110.0,272.0,65.0,62.5,62.2,46.9,35.8,40.9,56.2,23.2,22.6,15.2,12.5,28.6,32.9,18.1,96.6,97.5,97.5,94.7,100.0,100.0,99.2,96.6,97.5,97.5,94.7,100.0,100.0,99.2,276.0,11.0,6.0,17.0,662.0,20.0,51.0,0.0,1043.0,201.0,4.0,3.0,7.0,628.0,15.0,29.0,27.0,2.0,0.0,2.0,76.0,2.0,8.0,61.79,60.56,100.63,68.33,97.87,,,,,,,,,15.75,236.43,0.5,1.22,87.69,0.0,95.13,11.61,13.3,154.62,290.91,189.51,233.33,281.03,251.76,166.71,382.47
2022-02-11,73848,71404.0,909.0,1442.0,0.0,342,140.0,66.0,136.0,83.0,257.0,361.0,4.0,704.0,109061.0,1646.0,824038.0,455.0,184.0,7.0,42.0,22.0,13.0,85.67,0.62,0.61,0.72,15.74,334046.0,310227.0,18896.0,225428.0,5648.0,24618.0,310.0,840.0,677.0,51122.0,1694.0,3700.0,903.0,389.0,3.0,15.0,3.0,834.0,39.0,74.0,0.0,2.0,3.0,2.0,2.0,2.0,2.0,2.0,23.0,2.0,13.0,13.0,27.0,23.0,23.0,0.84,0.91,1.35,0.77,0.91,10707.0,4053.0,809.0,32.0,1537.0,110.0,272.0,65.0,62.5,62.2,46.9,35.8,40.9,56.2,23.2,22.6,15.2,12.5,28.6,32.9,18.1,96.6,97.5,97.5,94.7,100.0,100.0,99.2,96.6,97.5,97.5,94.7,100.0,100.0,99.2,281.0,11.0,6.0,18.0,678.0,20.0,52.0,0.0,1066.0,205.0,4.0,3.0,7.0,642.0,16.0,32.0,27.0,2.0,0.0,2.0,76.0,2.0,8.0,46.71,44.93,66.89,62.19,95.27,18937.1,22545.5,53063.8,22566.7,22877.2,28432.4,21270.5,21909.6,15.22,237.48,0.51,0.98,85.67,0.0,88.45,11.79,12.69,157.69,290.91,189.51,233.33,287.3,268.55,183.96,376.72
2022-02-12,74124,71748.0,909.0,1372.0,1.0,256,120.0,60.0,76.0,62.0,260.0,344.0,0.0,605.0,109666.0,1255.0,825293.0,455.0,166.0,7.0,42.0,22.0,11.0,82.97,0.64,0.63,0.75,15.46,334075.0,310282.0,18896.0,225525.0,5674.0,,,,,,,,,,,,,,,,,2.0,3.0,2.0,2.0,2.0,2.0,2.0,24.0,3.0,14.0,14.0,28.0,24.0,24.0,0.83,0.95,1.08,0.61,0.69,10707.0,4053.0,809.0,32.0,1537.0,110.0,272.0,65.0,62.5,62.2,46.9,35.8,40.9,56.2,23.2,22.6,15.2,12.5,28.6,32.9,18.1,96.6,97.5,97.5,94.7,100.0,100.0,99.2,96.6,97.5,97.5,94.7,100.0,100.0,99.2,281.0,11.0,6.0,18.0,678.0,20.0,52.0,0.0,1066.0,205.0,4.0,3.0,7.0,642.0,16.0,32.0,27.0,2.0,0.0,2.0,76.0,2.0,8.0,42.09,36.96,101.16,59.15,94.3,,,,,,,,,14.44,237.48,0.5,0.75,82.97,0.0,78.97,10.25,12.22,157.69,290.91,189.51,233.33,287.3,268.55,183.96,358.44
2022-02-13,74351,72018.0,912.0,1324.0,1.0,209,91.0,53.0,65.0,46.0,259.0,270.0,3.0,455.0,110121.0,1478.0,826771.0,455.0,137.0,7.0,42.0,22.0,14.0,83.12,0.66,0.65,0.79,11.03,334075.0,310282.0,18896.0,225526.0,5674.0,,,,,,,,,,,,,,,,,2.0,3.0,2.0,2.0,2.0,2.0,2.0,25.0,4.0,15.0,15.0,29.0,25.0,25.0,0.83,0.95,1.08,0.61,0.69,10707.0,4053.0,809.0,32.0,1537.0,110.0,272.0,65.0,62.5,62.2,46.9,35.8,40.9,56.2,23.2,22.6,15.2,12.5,28.6,32.9,18.1,96.6,97.5,97.5,94.7,100.0,100.0,99.2,96.6,97.5,97.5,94.7,100.0,100.0,99.2,281.0,11.0,6.0,18.0,678.0,20.0,52.0,0.0,1066.0,205.0,4.0,3.0,7.0,642.0,16.0,32.0,27.0,2.0,0.0,2.0,76.0,2.0,8.0,30.23,25.79,74.34,55.82,94.24,,,,,,,,,13.55,238.26,0.52,0.82,83.12,0.0,72.25,10.11,12.11,157.69,290.91,189.51,233.33,287.3,268.55,183.96,345.9
2022-02-14,74532,72222.0,912.0,1301.0,1.0,172,64.0,7.0,101.0,48.0,260.0,204.0,0.0,400.0,110521.0,1028.0,827799.0,455.0,101.0,7.0,42.0,21.0,13.0,81.14,0.65,0.63,0.81,12.06,334295.0,310718.0,18896.0,226026.0,7130.0,24775.0,310.0,843.0,679.0,51546.0,1713.0,3742.0,903.0,331.0,1.0,9.0,3.0,782.0,30.0,79.0,0.0,2.0,3.0,2.0,2.0,2.0,2.0,2.0,26.0,5.0,16.0,16.0,30.0,26.0,26.0,0.88,0.91,1.38,0.84,1.03,10707.0,4053.0,809.0,32.0,1537.0,110.0,272.0,65.0,62.5,62.2,46.9,35.8,40.9,56.2,23.2,22.6,15.2,12.5,28.6,32.9,18.1,96.6,97.5,97.5,94.7,100.0,100.0,99.2,96.6,97.5,97.5,94.7,100.0,100.0,99.2,282.0,11.0,6.0,18.0,682.0,20.0,54.0,0.0,1073.0,205.0,4.0,3.0,7.0,644.0,16.0,33.0,27.0,2.0,0.0,2.0,76.0,2.0,8.0,54.18,51.32,81.8,50.66,92.02,19057.8,22545.5,53253.3,22633.3,23066.9,28751.3,21511.9,22078.6,13.28,238.26,0.54,0.82,81.14,0.0,67.14,12.0,12.15,157.69,290.91,189.51,233.33,288.19,268.55,189.71,339.89
2022-02-15,74683,72583.0,912.0,1091.0,1.0,150,92.0,39.0,19.0,30.0,262.0,361.0,0.0,394.0,110915.0,484.0,828283.0,455.0,84.0,7.0,42.0,24.0,13.0,81.63,0.66,0.65,0.76,24.79,334585.0,311124.0,18896.0,226591.0,8310.0,,,,,,,,,,,,,,,,,2.0,3.0,2.0,2.0,2.0,2.0,2.0,27.0,6.0,17.0,17.0,31.0,27.0,27.0,0.88,0.91,1.38,0.84,1.03,7993.0,3209.0,632.0,19.0,1428.0,94.0,190.0,69.2,61.5,62.2,84.2,45.0,55.3,53.7,16.5,13.9,10.5,15.4,7.1,19.7,13.8,96.6,96.1,97.8,100.0,100.0,84.6,100.0,96.6,96.1,97.8,100.0,100.0,84.6,100.0,282.0,11.0,6.0,18.0,682.0,20.0,54.0,0.0,1073.0,205.0,4.0,3.0,7.0,644.0,16.0,33.0,27.0,2.0,0.0,2.0,76.0,2.0,8.0,54.38,53.24,60.1,48.19,82.48,,,,,,,,,14.92,238.26,0.57,0.87,81.63,0.0,65.84,7.61,11.51,157.69,290.91,189.51,233.33,288.19,268.55,189.71,285.03
2022-02-16,74866,72897.0,912.0,960.0,1.0,165,106.0,6.0,53.0,58.0,263.0,314.0,0.0,323.0,111238.0,1415.0,829698.0,455.0,104.0,7.0,42.0,25.0,12.0,83.33,0.67,0.66,0.73,7.56,334812.0,311612.0,18896.0,227210.0,9337.0,,,,,,,,,,,,,,,,,3.0,3.0,2.0,3.0,3.0,3.0,3.0,0.0,7.0,18.0,0.0,0.0,0.0,0.0,0.88,0.91,1.38,0.84,1.03,7993.0,3209.0,632.0,19.0,1428.0,94.0,190.0,69.2,61.5,62.2,84.2,45.0,55.3,53.7,16.5,13.9,10.5,15.4,7.1,19.7,13.8,96.6,96.1,97.8,100.0,100.0,84.6,100.0,96.6,96.1,97.8,100.0,100.0,84.6,100.0,282.0,11.0,6.0,18.0,682.0,20.0,54.0,0.0,1073.0,205.0,4.0,3.0,7.0,644.0,16.0,33.0,27.0,2.0,0.0,2.0,76.0,2.0,8.0,44.82,45.42,46.93,45.46,75.98,,,,,,,,,14.06,238.26,0.57,1.1,83.33,0.0,61.32,17.96,11.62,157.69,290.91,189.51,233.33,288.19,268.55,189.71,250.8
2022-02-17,75086,73172.0,918.0,898.0,2.0,220,90.0,51.0,79.0,54.0,267.0,275.0,6.0,673.0,111911.0,1957.0,831655.0,455.0,117.0,7.0,42.0,24.0,11.0,84.01,0.67,0.66,0.71,8.48,335075.0,312053.0,18897.0,227837.0,10158.0,,,,,,,,,,,,,,,,,3.0,3.0,2.0,3.0,3.0,3.0,3.0,1.0,8.0,19.0,1.0,1.0,1.0,1.0,0.88,0.91,1.38,0.84,1.03,7993.0,3209.0,632.0,19.0,1428.0,94.0,190.0,69.2,61.5,62.2,84.2,45.0,55.3,53.7,16.5,13.9,10.5,15.4,7.1,19.7,13.8,96.6,96.1,97.8,100.0,100.0,84.6,100.0,96.6,96.1,97.8,100.0,100.0,84.6,100.0,282.0,11.0,6.0,18.0,682.0,20.0,54.0,0.0,1073.0,205.0,4.0,3.0,7.0,644.0,16.0,33.0,27.0,2.0,0.0,2.0,76.0,2.0,8.0,38.29,38.35,57.01,42.29,69.74,,,,,,,,,13.59,239.83,0.59,1.33,84.01,0.0,56.5,8.02,11.11,157.69,290.91,189.51,233.33,288.19,268.55,189.71,234.6
2022-02-18,75315,73413.0,921.0,880.0,1.0,228,76.0,58.0,94.0,43.0,269.0,241.0,3.0,387.0,112298.0,1821.0,833476.0,455.0,128.0,7.0,42.0,24.0,12.0,84.35,0.68,0.68,0.73,10.16,335358.0,312523.0,18897.0,228460.0,10898.0,24957.0,314.0,850.0,680.0,51979.0,1755.0,3793.0,902.0,207.0,4.0,9.0,4.0,522.0,39.0,54.0,0.0,3.0,3.0,2.0,3.0,3.0,3.0,3.0,2.0,9.0,20.0,2.0,2.0,2.0,2.0,0.88,0.91,1.38,0.84,1.03,7993.0,3209.0,632.0,19.0,1428.0,94.0,190.0,69.2,61.5,62.2,84.2,45.0,55.3,53.7,16.5,13.9,10.5,15.4,7.1,19.7,13.8,96.6,96.1,97.8,100.0,100.0,84.6,100.0,96.6,96.1,97.8,100.0,100.0,84.6,100.0,284.0,11.0,6.0,18.0,692.0,20.0,56.0,0.0,1087.0,206.0,4.0,3.0,7.0,650.0,16.0,35.0,27.0,2.0,0.0,2.0,76.0,2.0,8.0,32.7,31.13,53.15,40.32,67.78,19197.8,22836.4,53695.5,22666.7,23260.7,29456.2,21805.1,22266.5,12.79,240.61,0.59,1.04,84.35,0.0,52.25,11.11,11.01,158.46,290.91,189.51,233.33,290.88,268.55,201.21,229.9
2022-02-19,75503,73596.0,923.0,885.0,0.0,188,84.0,38.0,66.0,37.0,269.0,183.0,2.0,395.0,112693.0,1427.0,834903.0,455.0,126.0,7.0,42.0,22.0,10.0,84.01,0.71,0.7,0.69,10.58,335400.0,312603.0,18897.0,228536.0,10969.0,,,,,,,,,,,,,,,,,3.0,3.0,3.0,3.0,3.0,3.0,3.0,3.0,10.0,0.0,3.0,3.0,3.0,3.0,0.91,1.03,1.28,0.71,0.83,7993.0,3209.0,632.0,19.0,1428.0,94.0,190.0,69.2,61.5,62.2,84.2,45.0,55.3,53.7,16.5,13.9,10.5,15.4,7.1,19.7,13.8,96.6,96.1,97.8,100.0,100.0,84.6,100.0,96.6,96.1,97.8,100.0,100.0,84.6,100.0,284.0,11.0,6.0,18.0,692.0,20.0,56.0,0.0,1087.0,206.0,4.0,3.0,7.0,650.0,16.0,35.0,27.0,2.0,0.0,2.0,76.0,2.0,8.0,32.96,29.71,45.94,39.28,59.89,,,,,,,,,12.1,241.14,0.63,0.82,84.01,0.0,49.71,9.37,10.88,158.46,290.91,189.51,233.33,290.88,268.55,201.21,231.21
2022-02-20,75648,73784.0,929.0,834.0,0.0,138,50.0,61.0,27.0,32.0,270.0,188.0,6.0,478.0,113171.0,1177.0,836080.0,455.0,137.0,7.0,42.0,23.0,11.0,83.33,0.74,0.74,0.68,9.01,335400.0,312603.0,18897.0,228544.0,10974.0,,,,,,,,,,,,,,,,,3.0,3.0,3.0,3.0,3.0,3.0,3.0,4.0,11.0,1.0,4.0,4.0,4.0,4.0,0.91,1.03,1.28,0.71,0.83,7993.0,3209.0,632.0,19.0,1428.0,94.0,190.0,69.2,61.5,62.2,84.2,45.0,55.3,53.7,16.5,13.9,10.5,15.4,7.1,19.7,13.8,96.6,96.1,97.8,100.0,100.0,84.6,100.0,96.6,96.1,97.8,100.0,100.0,84.6,100.0,284.0,11.0,6.0,18.0,692.0,20.0,56.0,0.0,1087.0,206.0,4.0,3.0,7.0,650.0,16.0,35.0,27.0,2.0,0.0,2.0,76.0,2.0,8.0,24.35,23.36,43.02,38.93,55.42,,,,,,,,,11.81,242.7,0.65,0.73,83.33,0.0,47.06,6.69,10.4,158.46,290.91,189.51,233.33,290.88,268.55,201.21,217.88
2022-02-21,75761,73894.0,932.0,834.0,0.0,101,46.0,31.0,24.0,26.0,271.0,110.0,3.0,621.0,113792.0,1188.0,837268.0,367.0,139.0,6.0,42.0,23.0,10.0,82.99,0.74,0.75,0.67,6.31,335768.0,313098.0,18904.0,229226.0,11989.0,25044.0,315.0,857.0,682.0,52265.0,1771.0,3815.0,902.0,194.0,2.0,8.0,4.0,538.0,23.0,42.0,0.0,3.0,3.0,3.0,3.0,3.0,3.0,3.0,5.0,12.0,2.0,5.0,5.0,5.0,5.0,0.87,0.94,1.37,0.77,1.05,7993.0,3209.0,632.0,19.0,1428.0,94.0,190.0,69.2,61.5,62.2,84.2,45.0,55.3,53.7,16.5,13.9,10.5,15.4,7.1,19.7,13.8,96.6,96.1,97.8,100.0,100.0,84.6,100.0,96.6,96.1,97.8,100.0,100.0,84.6,100.0,286.0,11.0,7.0,18.0,700.0,20.0,56.0,0.0,1098.0,211.0,4.0,3.0,7.0,656.0,16.0,35.0,27.0,2.0,0.0,2.0,76.0,2.0,8.0,40.44,38.38,53.32,37.08,51.35,19264.8,22909.1,54137.7,22733.3,23388.7,29724.7,21931.6,22376.4,10.99,243.49,0.66,0.73,82.99,0.0,44.41,4.19,9.28,162.31,290.91,189.51,233.33,293.56,268.55,201.21,217.88
2022-02-22,75896,74095.0,932.0,767.0,0.0,115,63.0,33.0,19.0,19.0,271.0,201.0,0.0,264.0,114056.0,1082.0,838350.0,367.0,125.0,6.0,42.0,23.0,12.0,82.31,0.73,0.74,0.7,8.87,336119.0,313607.0,18908.0,229939.0,12799.0,,,,,,,,,,,,,,,,,3.0,3.0,3.0,3.0,3.0,3.0,3.0,6.0,13.0,3.0,6.0,6.0,6.0,6.0,0.87,0.94,1.37,0.77,1.05,8461.0,2616.0,507.0,16.0,1149.0,55.0,149.0,74.0,65.2,62.7,62.5,38.6,52.7,51.7,11.5,9.3,10.0,0.0,25.0,32.6,26.2,97.2,96.7,96.4,100.0,90.0,86.4,98.2,97.2,96.7,96.4,100.0,90.0,86.4,98.2,286.0,11.0,7.0,18.0,700.0,20.0,56.0,0.0,1098.0,211.0,4.0,3.0,7.0,656.0,16.0,35.0,27.0,2.0,0.0,2.0,76.0,2.0,8.0,37.01,36.58,50.75,34.7,50.02,,,,,,,,,8.71,243.49,0.65,1.14,82.31,0.0,43.11,7.2,9.22,162.31,290.91,189.51,233.33,293.56,268.55,201.21,200.38
2022-02-23,76050,74309.0,932.0,707.0,0.0,149,66.0,27.0,56.0,42.0,274.0,214.0,0.0,933.0,114989.0,1177.0,839527.0,367.0,120.0,6.0,41.0,24.0,11.0,81.92,0.73,0.73,0.76,9.09,336488.0,314087.0,18908.0,230625.0,13527.0,,,,,,,,,,,,,,,,,3.0,3.0,3.0,3.0,3.0,3.0,3.0,7.0,14.0,4.0,7.0,7.0,7.0,7.0,0.87,0.94,1.37,0.77,1.05,8461.0,2616.0,507.0,16.0,1149.0,55.0,149.0,74.0,65.2,62.7,62.5,38.6,52.7,51.7,11.5,9.3,10.0,0.0,25.0,32.6,26.2,97.2,96.7,96.4,100.0,90.0,86.4,98.2,97.2,96.7,96.4,100.0,90.0,86.4,98.2,286.0,11.0,7.0,18.0,700.0,20.0,56.0,0.0,1098.0,211.0,4.0,3.0,7.0,656.0,16.0,35.0,27.0,2.0,0.0,2.0,76.0,2.0,8.0,32.36,30.76,50.05,32.61,50.46,,,,,,,,,8.93,243.49,0.69,1.3,81.92,0.0,42.51,4.5,7.3,162.31,290.91,189.51,233.33,293.56,268.55,201.21,184.7
2022-02-24,76209,74492.0,937.0,677.0,0.0,147,53.0,47.0,47.0,36.0,275.0,183.0,5.0,691.0,115680.0,1430.0,840957.0,367.0,135.0,6.0,41.0,23.0,13.0,82.56,0.73,0.73,0.74,7.76,336859.0,314503.0,18910.0,231254.0,14044.0,,,,,,,,,,,,,,,,,3.0,3.0,3.0,3.0,3.0,3.0,3.0,8.0,15.0,5.0,8.0,8.0,8.0,8.0,0.87,0.94,1.37,0.77,1.05,8461.0,2616.0,507.0,16.0,1149.0,55.0,149.0,74.0,65.2,62.7,62.5,38.6,52.7,51.7,11.5,9.3,10.0,0.0,25.0,32.6,26.2,97.2,96.7,96.4,100.0,90.0,86.4,98.2,97.2,96.7,96.4,100.0,90.0,86.4,98.2,286.0,11.0,7.0,18.0,700.0,20.0,56.0,0.0,1098.0,211.0,4.0,3.0,7.0,656.0,16.0,35.0,27.0,2.0,0.0,2.0,76.0,2.0,8.0,25.3,26.44,30.07,30.91,46.62,,,,,,,,,8.83,244.79,0.7,0.99,82.56,0.0,39.78,5.21,6.9,162.31,290.91,189.51,233.33,293.56,268.55,201.21,176.87
2022-02-25,76336,74648.0,939.0,645.0,0.0,112,60.0,32.0,20.0,39.0,279.0,156.0,2.0,807.0,116487.0,944.0,841901.0,322.0,133.0,5.0,41.0,21.0,13.0,82.16,0.74,0.74,0.71,7.73,337182.0,314883.0,18912.0,231832.0,14531.0,25168.0,315.0,861.0,692.0,52610.0,1796.0,3835.0,902.0,130.0,0.0,8.0,11.0,407.0,24.0,26.0,0.0,3.0,3.0,3.0,3.0,3.0,3.0,3.0,9.0,16.0,6.0,9.0,9.0,9.0,9.0,0.87,0.94,1.37,0.77,1.05,8461.0,2616.0,507.0,16.0,1149.0,55.0,149.0,74.0,65.2,62.7,62.5,38.6,52.7,51.7,11.5,9.3,10.0,0.0,25.0,32.6,26.2,97.2,96.7,96.4,100.0,90.0,86.4,98.2,97.2,96.7,96.4,100.0,90.0,86.4,98.2,288.0,11.0,7.0,18.0,706.0,21.0,57.0,0.0,1108.0,214.0,4.0,4.0,7.0,661.0,16.0,35.0,27.0,2.0,0.0,2.0,76.0,2.0,8.0,24.39,23.43,23.42,29.81,42.37,19360.1,22909.1,54390.4,23066.7,23543.0,30144.3,22046.6,22514.4,8.48,245.32,0.68,0.76,82.16,0.0,35.46,4.83,6.0,164.62,290.91,252.68,233.33,295.8,268.55,201.21,168.51
2022-02-26,76491,74774.0,941.0,671.0,1.0,150,49.0,68.0,33.0,27.0,279.0,126.0,2.0,810.0,117297.0,1386.0,843287.0,322.0,139.0,5.0,41.0,21.0,13.0,83.13,0.74,0.75,0.71,8.87,337239.0,314934.0,18912.0,231899.0,14580.0,,,,,,,,,,,,,,,,,4.0,4.0,3.0,4.0,4.0,3.0,4.0,0.0,0.0,7.0,0.0,0.0,10.0,0.0,0.92,1.03,1.35,0.71,0.95,8461.0,2616.0,507.0,16.0,1149.0,55.0,149.0,74.0,65.2,62.7,62.5,38.6,52.7,51.7,11.5,9.3,10.0,0.0,25.0,32.6,26.2,97.2,96.7,96.4,100.0,90.0,86.4,98.2,97.2,96.7,96.4,100.0,90.0,86.4,98.2,288.0,11.0,7.0,18.0,706.0,21.0,57.0,0.0,1108.0,214.0,4.0,4.0,7.0,661.0,16.0,35.0,27.0,2.0,0.0,2.0,76.0,2.0,8.0,21.45,20.9,27.98,28.55,39.8,,,,,,,,,8.24,245.84,0.68,1.34,83.13,0.0,34.04,3.33,5.14,164.62,290.91,252.68,233.33,295.8,268.55,201.21,175.3
2022-02-27,76578,74898.0,943.0,632.0,0.0,82,26.0,34.0,22.0,20.0,281.0,124.0,2.0,775.0,118072.0,1179.0,844466.0,322.0,139.0,5.0,41.0,20.0,11.0,82.36,0.76,0.77,0.7,5.26,337239.0,314935.0,18912.0,231907.0,14583.0,,,,,,,,,,,,,,,,,4.0,4.0,3.0,4.0,4.0,3.0,4.0,1.0,1.0,8.0,1.0,1.0,11.0,1.0,0.92,1.03,1.35,0.71,0.95,8461.0,2616.0,507.0,16.0,1149.0,55.0,149.0,74.0,65.2,62.7,62.5,38.6,52.7,51.7,11.5,9.3,10.0,0.0,25.0,32.6,26.2,97.2,96.7,96.4,100.0,90.0,86.4,98.2,97.2,96.7,96.4,100.0,90.0,86.4,98.2,288.0,11.0,7.0,18.0,706.0,21.0,57.0,0.0,1108.0,214.0,4.0,4.0,7.0,661.0,16.0,35.0,27.0,2.0,0.0,2.0,76.0,2.0,8.0,18.38,17.86,21.49,27.76,36.73,,,,,,,,,7.7,246.36,0.68,0.55,82.36,0.0,31.95,2.58,4.55,164.62,290.91,252.68,233.33,295.8,268.55,201.21,165.11
2022-02-28,76676,74994.0,943.0,633.0,1.0,91,34.0,29.0,28.0,16.0,281.0,96.0,0.0,910.0,118982.0,1253.0,845719.0,322.0,120.0,5.0,41.0,19.0,13.0,82.29,0.79,0.8,0.73,5.99,337737.0,315431.0,18923.0,232785.0,15493.0,25222.0,315.0,865.0,695.0,52850.0,1802.0,3849.0,901.0,122.0,0.0,8.0,8.0,418.0,12.0,27.0,0.0,4.0,4.0,3.0,4.0,4.0,3.0,4.0,2.0,2.0,9.0,2.0,2.0,12.0,2.0,0.9,0.97,1.38,0.75,0.96,8461.0,2616.0,507.0,16.0,1149.0,55.0,149.0,74.0,65.2,62.7,62.5,38.6,52.7,51.7,11.5,9.3,10.0,0.0,25.0,32.6,26.2,97.2,96.7,96.4,100.0,90.0,86.4,98.2,97.2,96.7,96.4,100.0,90.0,86.4,98.2,291.0,11.0,7.0,18.0,709.0,21.0,57.0,0.0,1114.0,214.0,5.0,4.0,7.0,662.0,16.0,35.0,27.0,2.0,0.0,2.0,76.0,2.0,8.0,38.87,36.74,48.86,27.53,36.09,19401.7,22909.1,54643.1,23166.7,23650.4,30245.0,22127.0,22598.0,7.65,246.36,0.71,1.11,82.29,0.0,31.57,1.76,4.2,164.62,363.64,252.68,233.33,296.25,268.55,201.21,165.37
2022-03-01,76742,75164.0,943.0,529.0,1.0,65,41.0,17.0,7.0,22.0,281.0,170.0,0.0,620.0,119602.0,385.0,846104.0,322.0,119.0,5.0,40.0,19.0,12.0,81.45,0.78,0.79,0.69,11.17,338103.0,315822.0,18929.0,233456.0,16239.0,,,,,,,,,,,,,,,,,4.0,4.0,3.0,4.0,4.0,3.0,4.0,3.0,3.0,10.0,3.0,3.0,13.0,3.0,0.9,0.97,1.38,0.75,0.96,7970.0,2416.0,469.0,9.0,2064.0,69.0,108.0,70.4,57.2,67.0,77.8,7.5,53.6,53.7,8.7,6.5,4.8,0.0,0.0,17.0,5.5,93.2,95.1,90.8,100.0,100.0,100.0,100.0,93.2,95.1,90.8,100.0,100.0,100.0,100.0,291.0,11.0,7.0,18.0,709.0,21.0,57.0,0.0,1114.0,214.0,5.0,4.0,7.0,662.0,16.0,35.0,27.0,2.0,0.0,2.0,76.0,2.0,8.0,25.41,26.44,24.39,26.08,32.32,,,,,,,,,7.98,246.36,0.69,0.71,81.45,0.0,29.71,3.55,3.68,164.62,363.64,252.68,233.33,296.25,268.55,201.21,138.2
2022-03-02,76850,75313.0,943.0,488.0,1.0,90,49.0,19.0,22.0,47.0,283.0,149.0,0.0,1246.0,120848.0,826.0,846930.0,322.0,122.0,5.0,40.0,20.0,13.0,81.05,0.77,0.79,0.66,5.21,338352.0,316050.0,18932.0,233943.0,16935.0,,,,,,,,,,,,,,,,,4.0,4.0,4.0,4.0,4.0,4.0,4.0,4.0,4.0,0.0,4.0,4.0,0.0,4.0,0.9,0.97,1.38,0.75,0.96,7970.0,2416.0,469.0,9.0,2064.0,69.0,108.0,70.4,57.2,67.0,77.8,7.5,53.6,53.7,8.7,6.5,4.8,0.0,0.0,17.0,5.5,93.2,95.1,90.8,100.0,100.0,100.0,100.0,93.2,95.1,90.8,100.0,100.0,100.0,100.0,291.0,11.0,7.0,18.0,709.0,21.0,57.0,0.0,1114.0,214.0,5.0,4.0,7.0,662.0,16.0,35.0,27.0,2.0,0.0,2.0,76.0,2.0,8.0,22.06,23.92,26.12,25.1,28.9,,,,,,,,,7.43,246.36,0.65,1.38,81.05,0.0,27.51,3.77,3.58,164.62,363.64,252.68,233.33,296.25,268.55,201.21,127.49
2022-03-03,77014,75442.0,948.0,518.0,0.0,159,48.0,67.0,44.0,32.0,284.0,129.0,5.0,709.0,121557.0,1695.0,848625.0,322.0,130.0,5.0,40.0,20.0,11.0,79.57,0.8,0.81,0.68,7.49,338586.0,316304.0,18937.0,234389.0,17555.0,,,,,,,,,,,,,,,,,4.0,4.0,4.0,4.0,4.0,4.0,4.0,5.0,5.0,1.0,5.0,5.0,1.0,5.0,0.9,0.97,1.38,0.75,0.96,7970.0,2416.0,469.0,9.0,2064.0,69.0,108.0,70.4,57.2,67.0,77.8,7.5,53.6,53.7,8.7,6.5,4.8,0.0,0.0,17.0,5.5,93.2,95.1,90.8,100.0,100.0,100.0,100.0,93.2,95.1,90.8,100.0,100.0,100.0,100.0,291.0,11.0,7.0,18.0,709.0,21.0,57.0,0.0,1114.0,214.0,5.0,4.0,7.0,662.0,16.0,35.0,27.0,2.0,0.0,2.0,76.0,2.0,8.0,23.21,22.72,19.57,24.57,27.4,,,,,,,,,7.39,247.67,0.7,1.77,79.57,0.0,27.95,4.51,3.48,164.62,363.64,252.68,233.33,296.25,268.55,201.21,135.33
2022-03-04,77116,75546.0,949.0,515.0,2.0,96,48.0,31.0,17.0,28.0,286.0,104.0,1.0,1058.0,122615.0,1485.0,850110.0,322.0,122.0,5.0,41.0,18.0,11.0,77.83,0.83,0.84,0.8,4.58,338795.0,316628.0,18950.0,234979.0,18072.0,25326.0,315.0,869.0,699.0,53100.0,1809.0,3871.0,901.0,112.0,0.0,7.0,5.0,313.0,7.0,22.0,0.0,4.0,4.0,4.0,4.0,4.0,4.0,4.0,6.0,6.0,2.0,6.0,6.0,2.0,6.0,0.9,0.97,1.38,0.75,0.96,7970.0,2416.0,469.0,9.0,2064.0,69.0,108.0,70.4,57.2,67.0,77.8,7.5,53.6,53.7,8.7,6.5,4.8,0.0,0.0,17.0,5.5,93.2,95.1,90.8,100.0,100.0,100.0,100.0,93.2,95.1,90.8,100.0,100.0,100.0,100.0,294.0,11.0,7.0,18.0,712.0,21.0,59.0,0.0,1122.0,214.0,5.0,4.0,7.0,666.0,16.0,36.0,27.0,2.0,0.0,2.0,76.0,2.0,8.0,25.12,22.87,42.8,24.49,30.17,19481.7,22909.1,54895.8,23300.0,23762.3,30362.5,22253.5,22700.1,6.94,247.93,0.77,0.6,77.83,0.0,27.36,2.65,3.16,164.62,363.64,252.68,233.33,298.04,268.55,206.96,134.54
2022-03-05,77211,75638.0,950.0,516.0,1.0,92,36.0,36.0,20.0,24.0,288.0,92.0,1.0,788.0,123403.0,1215.0,851325.0,322.0,123.0,5.0,41.0,18.0,11.0,76.09,0.84,0.85,0.81,5.6,338833.0,316696.0,18950.0,235101.0,18143.0,,,,,,,,,,,,,,,,,4.0,4.0,4.0,4.0,4.0,4.0,4.0,7.0,7.0,3.0,7.0,7.0,3.0,7.0,0.94,1.04,1.39,0.78,0.87,7970.0,2416.0,469.0,9.0,2064.0,69.0,108.0,70.4,57.2,67.0,77.8,7.5,53.6,53.7,8.7,6.5,4.8,0.0,0.0,17.0,5.5,93.2,95.1,90.8,100.0,100.0,100.0,100.0,93.2,95.1,90.8,100.0,100.0,100.0,100.0,294.0,11.0,7.0,18.0,712.0,21.0,59.0,0.0,1122.0,214.0,5.0,4.0,7.0,666.0,16.0,36.0,27.0,2.0,0.0,2.0,76.0,2.0,8.0,17.31,17.21,22.21,23.97,29.35,,,,,,,,,6.47,248.19,0.74,0.96,76.09,0.0,25.19,3.05,3.12,164.62,363.64,252.68,233.33,298.04,268.55,206.96,134.81
2022-03-06,77328,75734.0,950.0,538.0,0.0,111,42.0,32.0,37.0,38.0,289.0,96.0,0.0,1032.0,124435.0,1146.0,852471.0,322.0,177.0,5.0,40.0,17.0,12.0,75.64,0.85,0.86,0.87,6.37,338833.0,316696.0,18950.0,235101.0,18143.0,,,,,,,,,,,,,,,,,4.0,4.0,4.0,4.0,4.0,4.0,4.0,8.0,8.0,4.0,8.0,8.0,4.0,8.0,0.94,1.04,1.39,0.78,0.87,7970.0,2416.0,469.0,9.0,2064.0,69.0,108.0,70.4,57.2,67.0,77.8,7.5,53.6,53.7,8.7,6.5,4.8,0.0,0.0,17.0,5.5,93.2,95.1,90.8,100.0,100.0,100.0,100.0,93.2,95.1,90.8,100.0,100.0,100.0,100.0,294.0,11.0,7.0,18.0,712.0,21.0,59.0,0.0,1122.0,214.0,5.0,4.0,7.0,666.0,16.0,36.0,27.0,2.0,0.0,2.0,76.0,2.0,8.0,15.08,14.98,27.65,23.55,30.23,,,,,,,,,6.63,248.19,0.82,1.21,75.64,0.0,26.27,3.68,3.28,164.62,363.64,252.68,233.33,298.04,268.55,206.96,140.55
2022-03-07,77405,75815.0,950.0,533.0,0.0,76,36.0,26.0,14.0,16.0,289.0,81.0,0.0,898.0,125333.0,1133.0,853604.0,322.0,153.0,5.0,40.0,14.0,19.0,76.28,0.82,0.83,0.81,5.3,338997.0,316992.0,18953.0,235611.0,18972.0,25382.0,315.0,886.0,698.0,53281.0,1814.0,3877.0,901.0,120.0,0.0,21.0,1.0,325.0,8.0,17.0,0.0,4.0,4.0,4.0,4.0,4.0,4.0,4.0,9.0,9.0,5.0,9.0,9.0,5.0,9.0,0.96,0.99,1.4,0.74,0.88,7970.0,2416.0,469.0,9.0,2064.0,69.0,108.0,70.4,57.2,67.0,77.8,7.5,53.6,53.7,8.7,6.5,4.8,0.0,0.0,17.0,5.5,93.2,95.1,90.8,100.0,100.0,100.0,100.0,93.2,95.1,90.8,100.0,100.0,100.0,100.0,295.0,11.0,7.0,18.0,713.0,21.0,59.0,0.0,1124.0,214.0,5.0,4.0,7.0,668.0,16.0,36.0,27.0,2.0,0.0,2.0,76.0,2.0,8.0,27.1,27.26,27.05,22.2,27.11,19524.8,22909.1,55969.7,23266.7,23843.3,30446.5,22288.0,22769.1,6.53,248.19,0.81,0.68,76.28,0.0,25.71,1.78,3.28,164.62,363.64,252.68,233.33,298.93,268.55,206.96,139.25
2022-03-08,77474,75990.0,950.0,428.0,0.0,61,34.0,13.0,14.0,20.0,289.0,175.0,0.0,775.0,126108.0,715.0,854319.0,322.0,144.0,5.0,40.0,17.0,20.0,78.42,0.83,0.84,0.9,5.73,339118.0,317200.0,18955.0,236045.0,19565.0,,,,,,,,,,,,,,,,,4.0,4.0,4.0,4.0,4.0,4.0,4.0,10.0,10.0,6.0,10.0,10.0,6.0,10.0,0.96,0.99,1.4,0.74,0.88,8439.0,2264.0,450.0,14.0,2082.0,36.0,135.0,64.9,56.9,71.6,71.4,15.8,38.9,62.2,7.2,5.9,2.2,0.0,100.0,8.7,2.6,91.9,96.3,96.0,100.0,100.0,100.0,96.8,91.9,96.3,96.0,100.0,100.0,100.0,96.8,295.0,11.0,7.0,18.0,713.0,21.0,59.0,0.0,1124.0,214.0,5.0,4.0,7.0,668.0,16.0,36.0,27.0,2.0,0.0,2.0,76.0,2.0,8.0,23.13,21.85,38.45,21.55,29.12,,,,,,,,,5.75,248.19,0.86,0.8,78.42,0.0,25.57,2.58,3.15,164.62,363.64,252.68,233.33,298.93,268.55,206.96,111.82
2022-03-09,77541,76166.0,950.0,395.0,2.0,67,37.0,8.0,22.0,24.0,290.0,176.0,0.0,819.0,126927.0,1518.0,855837.0,322.0,136.0,5.0,42.0,17.0,23.0,80.24,0.84,0.83,0.92,2.83,339222.0,317402.0,18955.0,236439.0,20193.0,,,,,,,,,,,,,,,,,4.0,4.0,4.0,4.0,4.0,4.0,4.0,11.0,11.0,7.0,11.0,11.0,7.0,11.0,0.96,0.99,1.4,0.74,0.88,8439.0,2264.0,450.0,14.0,2082.0,36.0,135.0,64.9,56.9,71.6,71.4,15.8,38.9,62.2,7.2,5.9,2.2,0.0,100.0,8.7,2.6,91.9,96.3,96.0,100.0,100.0,100.0,96.8,91.9,96.3,96.0,100.0,100.0,100.0,96.8,295.0,11.0,7.0,18.0,713.0,21.0,59.0,0.0,1124.0,214.0,5.0,4.0,7.0,668.0,16.0,36.0,27.0,2.0,0.0,2.0,76.0,2.0,8.0,17.84,17.66,25.76,20.65,29.07,,,,,,,,,5.41,248.19,0.9,1.1,80.24,0.0,24.71,2.93,3.03,164.62,363.64,252.68,233.33,298.93,268.55,206.96,103.19
2022-03-10,77643,76178.0,951.0,406.0,0.0,103,51.0,35.0,17.0,26.0,294.0,12.0,1.0,790.0,127717.0,1376.0,857213.0,322.0,142.0,5.0,42.0,15.0,21.0,81.42,0.85,0.84,0.97,5.6,339321.0,317584.0,18955.0,236804.0,20694.0,,,,,,,,,,,,,,,,,4.0,4.0,4.0,4.0,4.0,4.0,4.0,12.0,12.0,8.0,12.0,12.0,8.0,12.0,0.96,0.99,1.4,0.74,0.88,8439.0,2264.0,450.0,14.0,2082.0,36.0,135.0,64.9,56.9,71.6,71.4,15.8,38.9,62.2,7.2,5.9,2.2,0.0,100.0,8.7,2.6,91.9,96.3,96.0,100.0,100.0,100.0,96.8,91.9,96.3,96.0,100.0,100.0,100.0,96.8,295.0,11.0,7.0,18.0,713.0,21.0,59.0,0.0,1124.0,214.0,5.0,4.0,7.0,668.0,16.0,36.0,27.0,2.0,0.0,2.0,76.0,2.0,8.0,21.12,19.26,28.15,20.16,30.3,,,,,,,,,5.14,248.45,0.81,1.54,81.42,0.0,22.62,3.29,2.85,164.62,363.64,252.68,233.33,298.93,268.55,206.96,106.07
2022-03-11,77752,76264.0,955.0,424.0,0.0,96,53.0,22.0,21.0,23.0,294.0,86.0,4.0,884.0,128601.0,1403.0,858616.0,322.0,105.0,5.0,42.0,15.0,19.0,82.88,0.84,0.83,0.84,5.2,339538.0,317845.0,18955.0,237453.0,21121.0,25455.0,315.0,893.0,698.0,53490.0,1825.0,3890.0,901.0,92.0,0.0,25.0,0.0,253.0,11.0,15.0,0.0,4.0,4.0,4.0,4.0,4.0,4.0,4.0,13.0,13.0,9.0,13.0,13.0,9.0,13.0,0.96,0.99,1.4,0.74,0.88,8439.0,2264.0,450.0,14.0,2082.0,36.0,135.0,64.9,56.9,71.6,71.4,15.8,38.9,62.2,7.2,5.9,2.2,0.0,100.0,8.7,2.6,91.9,96.3,96.0,100.0,100.0,100.0,96.8,91.9,96.3,96.0,100.0,100.0,100.0,96.8,298.0,11.0,7.0,18.0,719.0,21.0,59.0,0.0,1133.0,217.0,5.0,4.0,7.0,670.0,16.0,36.0,27.0,2.0,0.0,2.0,76.0,2.0,8.0,18.25,17.31,12.71,19.36,26.0,19580.9,22909.1,56411.9,23266.7,23936.8,30631.1,22362.7,22850.9,5.23,249.5,0.83,0.93,82.88,0.0,22.62,2.6,2.84,166.92,363.64,252.68,233.33,299.83,268.55,206.96,110.77
2022-03-12,77817,76376.0,955.0,376.0,0.0,65,32.0,20.0,13.0,20.0,298.0,112.0,0.0,830.0,129431.0,938.0,859554.0,322.0,103.0,5.0,42.0,14.0,21.0,84.68,0.85,0.84,0.83,4.8,339572.0,317895.0,18955.0,237576.0,21201.0,,,,,,,,,,,,,,,,,4.0,4.0,4.0,4.0,4.0,4.0,4.0,14.0,14.0,10.0,14.0,14.0,10.0,14.0,0.93,1.04,1.35,0.65,0.81,8439.0,2264.0,450.0,14.0,2082.0,36.0,135.0,64.9,56.9,71.6,71.4,15.8,38.9,62.2,7.2,5.9,2.2,0.0,100.0,8.7,2.6,91.9,96.3,96.0,100.0,100.0,100.0,96.8,91.9,96.3,96.0,100.0,100.0,100.0,96.8,298.0,11.0,7.0,18.0,719.0,21.0,59.0,0.0,1133.0,217.0,5.0,4.0,7.0,670.0,16.0,36.0,27.0,2.0,0.0,2.0,76.0,2.0,8.0,14.38,14.49,13.9,18.97,24.81,,,,,,,,,5.12,249.5,0.86,0.68,84.68,0.0,21.61,2.41,2.75,166.92,363.64,252.68,233.33,299.83,268.55,206.96,98.23
2022-03-13,77891,76445.0,956.0,379.0,0.0,72,47.0,12.0,13.0,21.0,299.0,69.0,1.0,1029.0,130460.0,1202.0,860756.0,322.0,94.0,5.0,42.0,15.0,20.0,86.22,0.85,0.85,0.77,4.24,339572.0,317896.0,18955.0,237580.0,21206.0,,,,,,,,,,,,,,,,,4.0,4.0,4.0,4.0,4.0,4.0,4.0,15.0,15.0,11.0,15.0,15.0,11.0,15.0,0.93,1.04,1.35,0.65,0.81,8439.0,2264.0,450.0,14.0,2082.0,36.0,135.0,64.9,56.9,71.6,71.4,15.8,38.9,62.2,7.2,5.9,2.2,0.0,100.0,8.7,2.6,91.9,96.3,96.0,100.0,100.0,100.0,96.8,91.9,96.3,96.0,100.0,100.0,100.0,96.8,298.0,11.0,7.0,18.0,719.0,21.0,59.0,0.0,1133.0,217.0,5.0,4.0,7.0,670.0,16.0,36.0,27.0,2.0,0.0,2.0,76.0,2.0,8.0,11.89,12.3,8.34,18.59,22.05,,,,,,,,,4.81,249.76,0.77,1.11,86.22,0.0,20.15,2.04,2.52,166.92,363.64,252.68,233.33,299.83,268.55,206.96,99.01
2022-03-14,77951,76502.0,956.0,381.0,0.0,59,25.0,22.0,12.0,10.0,299.0,57.0,0.0,752.0,131212.0,1194.0,861950.0,322.0,84.0,5.0,42.0,17.0,16.0,85.66,0.86,0.86,0.74,4.1,339733.0,318083.0,18956.0,238029.0,21827.0,25488.0,315.0,893.0,698.0,53630.0,1838.0,3898.0,901.0,118.0,0.0,25.0,0.0,351.0,25.0,22.0,0.0,4.0,4.0,4.0,4.0,4.0,4.0,4.0,16.0,16.0,12.0,16.0,16.0,12.0,16.0,0.92,0.99,1.32,0.84,0.81,8439.0,2264.0,450.0,14.0,2082.0,36.0,135.0,64.9,56.9,71.6,71.4,15.8,38.9,62.2,7.2,5.9,2.2,0.0,100.0,8.7,2.6,91.9,96.3,96.0,100.0,100.0,100.0,96.8,91.9,96.3,96.0,100.0,100.0,100.0,96.8,299.0,11.0,7.0,18.0,722.0,21.0,59.0,0.0,1137.0,218.0,5.0,4.0,7.0,670.0,16.0,36.0,27.0,2.0,0.0,2.0,76.0,2.0,8.0,24.24,24.14,14.36,18.14,20.24,19606.3,22909.1,56411.9,23266.7,23999.5,30849.3,22408.7,22901.6,4.64,249.76,0.76,0.82,85.66,0.0,19.52,1.33,2.45,167.69,363.64,252.68,233.33,299.83,268.55,206.96,99.54
2022-03-15,78026,76620.0,956.0,338.0,1.0,67,42.0,9.0,16.0,10.0,301.0,118.0,0.0,868.0,132080.0,1057.0,863007.0,322.0,76.0,5.0,42.0,14.0,19.0,83.67,0.85,0.86,0.64,5.39,339916.0,318333.0,18956.0,238636.0,22370.0,,,,,,,,,,,,,,,,,4.0,4.0,4.0,4.0,4.0,4.0,4.0,17.0,17.0,13.0,17.0,17.0,13.0,17.0,0.92,0.99,1.32,0.84,0.81,7768.0,2466.0,422.0,9.0,2135.0,49.0,171.0,63.1,52.8,49.8,66.7,9.5,40.8,32.2,5.3,4.9,5.0,0.0,9.1,4.5,4.3,95.9,96.5,95.4,100.0,100.0,100.0,100.0,95.9,96.5,95.4,100.0,100.0,100.0,100.0,299.0,11.0,7.0,18.0,722.0,21.0,59.0,0.0,1137.0,218.0,5.0,4.0,7.0,670.0,16.0,36.0,27.0,2.0,0.0,2.0,76.0,2.0,8.0,17.41,18.24,11.14,17.63,16.34,,,,,,,,,4.6,249.76,0.77,1.14,83.67,0.0,19.74,1.15,2.25,167.69,363.64,252.68,233.33,299.83,268.55,206.96,88.3
2022-03-16,78084,76715.0,956.0,301.0,0.0,57,29.0,5.0,23.0,22.0,305.0,95.0,0.0,1031.0,133111.0,1637.0,864644.0,322.0,74.0,5.0,42.0,14.0,22.0,82.31,0.87,0.88,0.6,2.14,339993.0,318503.0,18956.0,239002.0,22906.0,,,,,,,,,,,,,,,,,4.0,4.0,4.0,4.0,4.0,4.0,4.0,18.0,18.0,14.0,18.0,18.0,14.0,18.0,0.92,0.99,1.32,0.84,0.81,7768.0,2466.0,422.0,9.0,2135.0,49.0,171.0,63.1,52.8,49.8,66.7,9.5,40.8,32.2,5.3,4.9,5.0,0.0,9.1,4.5,4.3,95.9,96.5,95.4,100.0,100.0,100.0,100.0,95.9,96.5,95.4,100.0,100.0,100.0,100.0,299.0,11.0,7.0,18.0,722.0,21.0,59.0,0.0,1137.0,218.0,5.0,4.0,7.0,670.0,16.0,36.0,27.0,2.0,0.0,2.0,76.0,2.0,8.0,17.35,17.81,10.88,17.65,14.21,,,,,,,,,4.5,249.76,0.78,0.85,82.31,0.0,19.37,2.13,2.14,167.69,363.64,252.68,233.33,299.83,268.55,206.96,78.64
2022-03-17,78168,76780.0,956.0,318.0,0.0,85,34.0,32.0,19.0,18.0,307.0,65.0,0.0,1116.0,134227.0,1591.0,866235.0,322.0,84.0,5.0,42.0,15.0,19.0,81.63,0.84,0.87,0.54,4.21,340072.0,318629.0,18956.0,239349.0,23435.0,,,,,,,,,,,,,,,,,4.0,4.0,4.0,4.0,4.0,4.0,4.0,19.0,19.0,15.0,19.0,19.0,15.0,19.0,0.92,0.99,1.32,0.84,0.81,7768.0,2466.0,422.0,9.0,2135.0,49.0,171.0,63.1,52.8,49.8,66.7,9.5,40.8,32.2,5.3,4.9,5.0,0.0,9.1,4.5,4.3,95.9,96.5,95.4,100.0,100.0,100.0,100.0,95.9,96.5,95.4,100.0,100.0,100.0,100.0,299.0,11.0,7.0,18.0,722.0,21.0,59.0,0.0,1137.0,218.0,5.0,4.0,7.0,670.0,16.0,36.0,27.0,2.0,0.0,2.0,76.0,2.0,8.0,13.42,13.87,9.5,16.88,11.55,,,,,,,,,4.3,249.76,0.83,1.49,81.63,0.0,18.7,1.61,1.9,167.69,363.64,252.68,233.33,299.83,268.55,206.96,83.08
2022-03-18,78239,76864.0,956.0,303.0,0.0,69,34.0,19.0,16.0,15.0,307.0,84.0,0.0,819.0,135046.0,1511.0,867746.0,322.0,89.0,5.0,42.0,14.0,23.0,82.65,0.83,0.86,0.58,3.57,340179.0,318827.0,18956.0,239855.0,23982.0,25547.0,315.0,894.0,698.0,53823.0,1847.0,3903.0,901.0,61.0,0.0,1.0,0.0,211.0,8.0,5.0,0.0,4.0,4.0,4.0,4.0,4.0,4.0,4.0,20.0,20.0,16.0,20.0,20.0,16.0,20.0,0.92,0.99,1.32,0.84,0.81,7768.0,2466.0,422.0,9.0,2135.0,49.0,171.0,63.1,52.8,49.8,66.7,9.5,40.8,32.2,5.3,4.9,5.0,0.0,9.1,4.5,4.3,95.9,96.5,95.4,100.0,100.0,100.0,100.0,95.9,96.5,95.4,100.0,100.0,100.0,100.0,299.0,11.0,7.0,18.0,726.0,21.0,59.0,0.0,1141.0,218.0,5.0,4.0,7.0,670.0,16.0,36.0,27.0,2.0,0.0,2.0,76.0,2.0,8.0,13.4,13.47,9.5,16.33,11.09,19651.7,22909.1,56475.0,23266.7,24085.9,31000.3,22437.5,22971.3,4.07,249.76,0.78,0.81,82.65,0.0,17.69,1.83,1.79,167.69,363.64,252.68,233.33,299.83,268.55,206.96,79.16
2022-03-19,78307,76932.0,956.0,303.0,0.0,69,32.0,20.0,17.0,16.0,308.0,68.0,0.0,852.0,135898.0,1289.0,869035.0,322.0,95.0,5.0,42.0,13.0,20.0,81.97,0.82,0.85,0.61,4.11,340199.0,318895.0,18956.0,239973.0,24080.0,,,,,,,,,,,,,,,,,4.0,4.0,4.0,4.0,4.0,4.0,4.0,21.0,21.0,17.0,21.0,21.0,17.0,21.0,1.01,1.06,1.48,0.65,0.99,7768.0,2466.0,422.0,9.0,2135.0,49.0,171.0,63.1,52.8,49.8,66.7,9.5,40.8,32.2,5.3,4.9,5.0,0.0,9.1,4.5,4.3,95.9,96.5,95.4,100.0,100.0,100.0,100.0,95.9,96.5,95.4,100.0,100.0,100.0,100.0,299.0,11.0,7.0,18.0,726.0,21.0,59.0,0.0,1141.0,218.0,5.0,4.0,7.0,670.0,16.0,36.0,27.0,2.0,0.0,2.0,76.0,2.0,8.0,9.42,10.35,10.61,15.74,10.62,,,,,,,,,3.97,249.76,0.83,1.0,81.97,0.0,17.84,1.88,1.71,167.69,363.64,252.68,233.33,299.83,268.55,206.96,79.16
2022-03-20,78360,76978.0,956.0,307.0,0.0,54,34.0,8.0,12.0,11.0,308.0,46.0,0.0,706.0,136604.0,1338.0,870373.0,322.0,116.0,5.0,42.0,13.0,17.0,80.27,0.84,0.87,0.67,3.21,340200.0,318896.0,18956.0,239980.0,24082.0,,,,,,,,,,,,,,,,,4.0,4.0,4.0,4.0,4.0,4.0,4.0,22.0,22.0,18.0,22.0,22.0,18.0,22.0,1.01,1.06,1.48,0.65,0.99,7768.0,2466.0,422.0,9.0,2135.0,49.0,171.0,63.1,52.8,49.8,66.7,9.5,40.8,32.2,5.3,4.9,5.0,0.0,9.1,4.5,4.3,95.9,96.5,95.4,100.0,100.0,100.0,100.0,95.9,96.5,95.4,100.0,100.0,100.0,100.0,299.0,11.0,7.0,18.0,726.0,21.0,59.0,0.0,1141.0,218.0,5.0,4.0,7.0,670.0,16.0,36.0,27.0,2.0,0.0,2.0,76.0,2.0,8.0,10.38,10.83,8.9,15.53,10.7,,,,,,,,,3.82,249.76,0.85,0.78,80.27,0.0,17.17,1.56,1.64,167.69,363.64,252.68,233.33,299.83,268.55,206.96,80.2
2022-03-21,78412,77024.0,1074.0,312.0,0.0,50,24.0,16.0,10.0,8.0,309.0,46.0,118.0,648.0,137252.0,1327.0,871700.0,322.0,85.0,5.0,42.0,13.0,18.0,79.59,0.82,0.85,0.71,3.17,340333.0,319066.0,18956.0,240466.0,24707.0,25590.0,315.0,896.0,698.0,53936.0,1849.0,3907.0,901.0,72.0,0.0,3.0,0.0,213.0,7.0,4.0,0.0,4.0,4.0,4.0,4.0,4.0,4.0,4.0,23.0,23.0,19.0,23.0,23.0,19.0,23.0,0.94,1.0,1.37,0.72,0.84,7768.0,2466.0,422.0,9.0,2135.0,49.0,171.0,63.1,52.8,49.8,66.7,9.5,40.8,32.2,5.3,4.9,5.0,0.0,9.1,4.5,4.3,95.9,96.5,95.4,100.0,100.0,100.0,100.0,95.9,96.5,95.4,100.0,100.0,100.0,100.0,299.0,11.0,7.0,18.0,730.0,21.0,59.0,0.0,1145.0,218.0,5.0,4.0,7.0,671.0,16.0,36.0,27.0,2.0,0.0,2.0,76.0,2.0,8.0,17.93,18.59,13.95,14.74,10.64,19684.8,22909.1,56601.4,23266.7,24136.4,31033.9,22460.5,23014.2,3.69,280.58,0.86,0.93,79.59,0.0,16.83,1.23,1.63,167.69,363.64,252.68,233.33,300.27,268.55,206.96,81.51
2022-03-22,78451,77122.0,1074.0,253.0,0.0,34,19.0,7.0,8.0,10.0,310.0,98.0,0.0,516.0,137768.0,861.0,872561.0,322.0,67.0,5.0,42.0,15.0,20.0,80.27,0.81,0.84,0.77,2.79,340417.0,319219.0,18956.0,240842.0,25319.0,,,,,,,,,,,,,,,,,4.0,4.0,4.0,4.0,4.0,4.0,4.0,24.0,24.0,20.0,24.0,24.0,20.0,24.0,0.94,1.0,1.37,0.72,0.84,8927.0,3060.0,604.0,13.0,1451.0,62.0,305.0,67.7,58.4,56.0,69.2,92.2,58.1,26.6,4.6,3.7,0.3,0.0,0.0,9.3,11.5,94.7,94.8,95.5,100.0,100.0,78.3,98.0,94.7,94.8,95.5,100.0,100.0,78.3,98.0,299.0,11.0,7.0,18.0,730.0,21.0,59.0,0.0,1145.0,218.0,5.0,4.0,7.0,671.0,16.0,36.0,27.0,2.0,0.0,2.0,76.0,2.0,8.0,13.57,14.66,11.99,14.22,10.76,,,,,,,,,3.31,280.58,0.79,0.68,80.27,0.0,15.6,1.94,1.74,167.69,363.64,252.68,233.33,300.27,268.55,206.96,66.1
2022-03-23,78523,77201.0,1074.0,246.0,0.0,58,18.0,4.0,36.0,9.0,310.0,79.0,0.0,1063.0,138831.0,1517.0,874078.0,322.0,86.0,5.0,40.0,14.0,20.0,80.17,0.82,0.83,1.0,3.23,340498.0,319400.0,18956.0,241193.0,25957.0,,,,,,,,,,,,,,,,,4.0,4.0,4.0,4.0,4.0,4.0,4.0,25.0,25.0,21.0,25.0,25.0,21.0,25.0,0.94,1.0,1.37,0.72,0.84,8927.0,3060.0,604.0,13.0,1451.0,62.0,305.0,67.7,58.4,56.0,69.2,92.2,58.1,26.6,4.6,3.7,0.3,0.0,0.0,9.3,11.5,94.7,94.8,95.5,100.0,100.0,78.3,98.0,94.7,94.8,95.5,100.0,100.0,78.3,98.0,299.0,11.0,7.0,18.0,730.0,21.0,59.0,0.0,1145.0,218.0,5.0,4.0,7.0,671.0,16.0,36.0,27.0,2.0,0.0,2.0,76.0,2.0,8.0,14.86,13.5,28.5,13.61,13.28,,,,,,,,,3.47,280.58,0.81,1.71,80.17,0.0,15.64,0.85,1.56,167.69,363.64,252.68,233.33,300.27,268.55,206.96,64.27
2022-03-24,78592,77275.0,1075.0,240.0,1.0,68,33.0,11.0,24.0,21.0,310.0,74.0,1.0,1097.0,139928.0,1734.0,875812.0,322.0,96.0,5.0,42.0,15.0,18.0,79.83,0.83,0.84,1.07,2.71,340603.0,319576.0,18956.0,241557.0,26566.0,,,,,,,,,,,,,,,,,4.0,4.0,4.0,4.0,4.0,4.0,4.0,26.0,26.0,22.0,26.0,26.0,22.0,26.0,0.94,1.0,1.37,0.72,0.84,8927.0,3060.0,604.0,13.0,1451.0,62.0,305.0,67.7,58.4,56.0,69.2,92.2,58.1,26.6,4.6,3.7,0.3,0.0,0.0,9.3,11.5,94.7,94.8,95.5,100.0,100.0,78.3,98.0,94.7,94.8,95.5,100.0,100.0,78.3,98.0,299.0,11.0,7.0,18.0,730.0,21.0,59.0,0.0,1145.0,218.0,5.0,4.0,7.0,671.0,16.0,36.0,27.0,2.0,0.0,2.0,76.0,2.0,8.0,10.83,10.91,15.27,13.19,14.1,,,,,,,,,3.26,280.85,0.8,1.17,79.83,0.0,15.0,1.91,1.6,167.69,363.64,252.68,233.33,300.27,268.55,206.96,62.7
2022-03-25,78636,77324.0,1076.0,233.0,1.0,44,23.0,9.0,12.0,10.0,310.0,49.0,1.0,919.0,140847.0,1981.0,877793.0,322.0,90.0,5.0,42.0,12.0,20.0,78.13,0.85,0.84,1.12,1.72,340735.0,319784.0,18956.0,241993.0,27181.0,25635.0,315.0,898.0,698.0,54097.0,1852.0,3910.0,901.0,45.0,0.0,4.0,0.0,170.0,4.0,4.0,0.0,4.0,4.0,4.0,4.0,4.0,4.0,4.0,27.0,27.0,23.0,27.0,27.0,23.0,27.0,0.94,1.0,1.37,0.72,0.84,8927.0,3060.0,604.0,13.0,1451.0,62.0,305.0,67.7,58.4,56.0,69.2,92.2,58.1,26.6,4.6,3.7,0.3,0.0,0.0,9.3,11.5,94.7,94.8,95.5,100.0,100.0,78.3,98.0,94.7,94.8,95.5,100.0,100.0,78.3,98.0,301.0,11.0,7.0,18.0,731.0,21.0,59.0,0.0,1148.0,219.0,5.0,4.0,7.0,672.0,16.0,36.0,27.0,2.0,0.0,2.0,76.0,2.0,8.0,11.76,11.37,14.74,12.89,14.85,19719.4,22909.1,56727.7,23266.7,24208.5,31084.3,22477.7,23070.1,2.99,281.11,0.8,0.65,78.13,0.0,14.07,1.09,1.49,168.46,363.64,252.68,233.33,300.72,268.55,206.96,60.87
2022-03-26,78711,77379.0,1078.0,248.0,1.0,75,28.0,20.0,27.0,10.0,310.0,55.0,2.0,1088.0,141935.0,1239.0,879032.0,263.0,84.0,4.0,42.0,11.0,19.0,77.11,0.85,0.85,1.14,5.25,340770.0,319842.0,18956.0,242114.0,27300.0,,,,,,,,,,,,,,,,,4.0,4.0,4.0,4.0,4.0,4.0,4.0,28.0,28.0,24.0,28.0,28.0,24.0,28.0,0.93,1.04,1.27,0.64,0.78,8927.0,3060.0,604.0,13.0,1451.0,62.0,305.0,67.7,58.4,56.0,69.2,92.2,58.1,26.6,4.6,3.7,0.3,0.0,0.0,9.3,11.5,94.7,94.8,95.5,100.0,100.0,78.3,98.0,94.7,94.8,95.5,100.0,100.0,78.3,98.0,301.0,11.0,7.0,18.0,731.0,21.0,59.0,0.0,1148.0,219.0,5.0,4.0,7.0,672.0,16.0,36.0,27.0,2.0,0.0,2.0,76.0,2.0,8.0,7.49,8.16,13.94,12.57,15.33,,,,,,,,,3.15,281.63,0.8,1.7,77.11,0.0,14.29,0.92,1.36,168.46,363.64,252.68,233.33,300.72,268.55,206.96,64.79
2022-03-27,78769,77410.0,1080.0,272.0,1.0,56,33.0,13.0,10.0,18.0,312.0,31.0,2.0,950.0,142885.0,1261.0,880293.0,263.0,89.0,4.0,42.0,10.0,18.0,76.43,0.86,0.84,1.19,3.01,340770.0,319842.0,18956.0,242116.0,27300.0,,,,,,,,,,,,,,,,,4.0,4.0,4.0,4.0,4.0,4.0,4.0,29.0,29.0,25.0,29.0,29.0,25.0,29.0,0.93,1.04,1.27,0.64,0.78,8927.0,3060.0,604.0,13.0,1451.0,62.0,305.0,67.7,58.4,56.0,69.2,92.2,58.1,26.6,4.6,3.7,0.3,0.0,0.0,9.3,11.5,94.7,94.8,95.5,100.0,100.0,78.3,98.0,94.7,94.8,95.5,100.0,100.0,78.3,98.0,301.0,11.0,7.0,18.0,731.0,21.0,59.0,0.0,1148.0,219.0,5.0,4.0,7.0,672.0,16.0,36.0,27.0,2.0,0.0,2.0,76.0,2.0,8.0,8.03,7.36,15.92,12.08,16.33,,,,,,,,,3.12,282.15,0.84,0.75,76.43,0.0,14.37,1.89,1.41,168.46,363.64,252.68,233.33,300.72,268.55,206.96,71.06
2022-03-28,78809,77446.0,1081.0,273.0,1.0,34,18.0,9.0,7.0,14.0,315.0,36.0,1.0,991.0,143876.0,1009.0,881302.0,263.0,78.0,4.0,42.0,10.0,19.0,75.75,0.83,0.81,1.2,1.98,340894.0,320088.0,18956.0,242520.0,27853.0,25669.0,315.0,900.0,699.0,54205.0,1852.0,3931.0,900.0,54.0,0.0,3.0,1.0,182.0,1.0,21.0,0.0,4.0,4.0,4.0,4.0,4.0,4.0,4.0,30.0,30.0,26.0,30.0,30.0,26.0,30.0,0.95,1.01,1.35,0.77,0.86,8927.0,3060.0,604.0,13.0,1451.0,62.0,305.0,67.7,58.4,56.0,69.2,92.2,58.1,26.6,4.6,3.7,0.3,0.0,0.0,9.3,11.5,94.7,94.8,95.5,100.0,100.0,78.3,98.0,94.7,94.8,95.5,100.0,100.0,78.3,98.0,307.0,11.0,7.0,18.0,736.0,21.0,59.0,0.0,1159.0,221.0,5.0,4.0,7.0,674.0,16.0,36.0,28.0,2.0,0.0,2.0,76.0,2.0,8.0,12.64,12.68,18.25,11.23,16.94,19745.5,22909.1,56854.1,23300.0,24256.8,31084.3,22598.4,23113.2,2.96,282.41,0.82,0.61,75.75,0.0,13.77,1.41,1.43,170.0,363.64,252.68,233.33,301.62,268.55,206.96,71.32
2022-03-29,78833,77521.0,1081.0,222.0,0.0,22,15.0,7.0,0.0,6.0,315.0,75.0,0.0,966.0,144842.0,421.0,881723.0,263.0,66.0,4.0,42.0,11.0,19.0,74.05,0.81,0.78,1.21,3.8,340989.0,320303.0,18956.0,242889.0,28316.0,,,,,,,,,,,,,,,,,4.0,4.0,4.0,4.0,4.0,4.0,4.0,31.0,31.0,27.0,31.0,31.0,27.0,31.0,0.95,1.01,1.35,0.77,0.86,9126.0,2935.0,708.0,39.0,1721.0,48.0,264.0,68.9,52.8,41.5,20.5,99.5,39.6,23.9,3.7,2.8,5.0,0.0,18.2,6.7,7.4,93.5,94.1,93.7,100.0,80.0,94.7,99.4,93.5,94.1,93.7,100.0,80.0,94.7,99.4,307.0,11.0,7.0,18.0,736.0,21.0,59.0,0.0,1159.0,221.0,5.0,4.0,7.0,674.0,16.0,36.0,28.0,2.0,0.0,2.0,76.0,2.0,8.0,9.06,8.4,17.02,10.34,17.66,,,,,,,,,3.1,282.41,0.85,0.65,74.05,0.0,13.32,0.62,1.24,170.0,363.64,252.68,233.33,301.62,268.55,206.96,58.0
2022-03-30,78865,77570.0,1081.0,205.0,0.0,29,13.0,8.0,8.0,12.0,315.0,49.0,0.0,1247.0,146089.0,1124.0,882847.0,263.0,70.0,4.0,42.0,9.0,18.0,71.09,0.77,0.75,1.02,1.51,341150.0,320523.0,18956.0,243353.0,28740.0,,,,,,,,,,,,,,,,,4.0,4.0,4.0,4.0,4.0,4.0,4.0,32.0,32.0,28.0,32.0,32.0,28.0,32.0,0.95,1.01,1.35,0.77,0.86,9126.0,2935.0,708.0,39.0,1721.0,48.0,264.0,68.9,52.8,41.5,20.5,99.5,39.6,23.9,3.7,2.8,5.0,0.0,18.2,6.7,7.4,93.5,94.1,93.7,100.0,80.0,94.7,99.4,93.5,94.1,93.7,100.0,80.0,94.7,99.4,307.0,11.0,7.0,18.0,736.0,21.0,59.0,0.0,1159.0,221.0,5.0,4.0,7.0,674.0,16.0,36.0,28.0,2.0,0.0,2.0,76.0,2.0,8.0,8.4,7.77,12.32,9.52,15.35,,,,,,,,,2.85,282.41,0.78,1.32,71.09,0.0,12.24,0.96,1.26,170.0,363.64,252.68,233.33,301.62,268.55,206.96,53.56
2022-03-31,78911,77637.0,1083.0,179.0,0.0,43,23.0,14.0,6.0,8.0,316.0,67.0,2.0,1193.0,147282.0,1637.0,884484.0,263.0,75.0,4.0,42.0,8.0,18.0,68.71,0.77,0.74,0.99,2.14,341242.0,320688.0,18956.0,243781.0,29060.0,,,,,,,,,,,,,,,,,5.0,5.0,5.0,5.0,5.0,5.0,5.0,0.0,0.0,0.0,0.0,0.0,0.0,0.0,0.95,1.01,1.35,0.77,0.86,9126.0,2935.0,708.0,39.0,1721.0,48.0,264.0,68.9,52.8,41.5,20.5,99.5,39.6,23.9,3.7,2.8,5.0,0.0,18.2,6.7,7.4,93.5,94.1,93.7,100.0,80.0,94.7,99.4,93.5,94.1,93.7,100.0,80.0,94.7,99.4,307.0,11.0,7.0,18.0,736.0,21.0,59.0,0.0,1159.0,221.0,5.0,4.0,7.0,674.0,16.0,36.0,28.0,2.0,0.0,2.0,76.0,2.0,8.0,7.84,7.02,13.49,8.96,15.1,,,,,,,,,2.77,282.94,0.75,1.48,68.71,0.0,11.31,0.67,1.08,170.0,363.64,252.68,233.33,301.62,268.55,206.96,46.76
2022-04-01,78965,77681.0,1083.0,188.0,0.0,53,25.0,20.0,8.0,18.0,316.0,44.0,0.0,949.0,148231.0,1453.0,885937.0,263.0,67.0,4.0,42.0,8.0,21.0,67.69,0.76,0.72,0.98,2.41,341358.0,320898.0,18956.0,244238.0,29459.0,25692.0,315.0,901.0,699.0,54304.0,1854.0,3947.0,900.0,27.0,0.0,2.0,0.0,130.0,2.0,18.0,0.0,5.0,5.0,5.0,5.0,5.0,5.0,5.0,1.0,1.0,1.0,1.0,1.0,1.0,1.0,0.95,1.01,1.35,0.77,0.86,9126.0,2935.0,708.0,39.0,1721.0,48.0,264.0,68.9,52.8,41.5,20.5,99.5,39.6,23.9,3.7,2.8,5.0,0.0,18.2,6.7,7.4,93.5,94.1,93.7,100.0,80.0,94.7,99.4,93.5,94.1,93.7,100.0,80.0,94.7,99.4,307.0,11.0,7.0,18.0,741.0,22.0,59.0,0.0,1165.0,221.0,5.0,4.0,7.0,675.0,17.0,36.0,28.0,2.0,0.0,2.0,76.0,2.0,8.0,7.69,6.56,12.66,8.28,14.8,19763.2,22909.1,56917.2,23300.0,24301.1,31117.8,22690.4,23150.0,2.87,282.94,0.83,1.23,67.69,0.0,11.64,1.9,1.2,170.0,363.64,252.68,233.33,302.06,285.33,206.96,49.12
2022-04-02,78991,77725.0,1083.0,168.0,0.0,25,17.0,5.0,3.0,3.0,317.0,44.0,0.0,965.0,149196.0,942.0,886879.0,263.0,66.0,4.0,42.0,8.0,23.0,68.03,0.79,0.74,0.98,2.34,341375.0,320954.0,18956.0,244355.0,29526.0,,,,,,,,,,,,,,,,,5.0,5.0,5.0,5.0,5.0,5.0,5.0,2.0,2.0,2.0,2.0,2.0,2.0,2.0,1.06,1.11,1.44,0.69,1.11,9126.0,2935.0,708.0,39.0,1721.0,48.0,264.0,68.9,52.8,41.5,20.5,99.5,39.6,23.9,3.7,2.8,5.0,0.0,18.2,6.7,7.4,93.5,94.1,93.7,100.0,80.0,94.7,99.4,93.5,94.1,93.7,100.0,80.0,94.7,99.4,307.0,11.0,7.0,18.0,741.0,22.0,59.0,0.0,1165.0,221.0,5.0,4.0,7.0,675.0,17.0,36.0,28.0,2.0,0.0,2.0,76.0,2.0,8.0,6.71,5.88,13.03,7.95,14.67,,,,,,,,,2.46,282.94,0.68,0.47,68.03,0.0,9.78,0.31,1.11,170.0,363.64,252.68,233.33,302.06,285.33,206.96,43.89
2022-04-03,79018,77752.0,1083.0,167.0,1.0,24,13.0,6.0,5.0,6.0,317.0,27.0,0.0,736.0,149932.0,1508.0,888387.0,263.0,66.0,4.0,30.0,4.0,9.0,64.69,0.8,0.75,0.95,1.19,341375.0,320954.0,18956.0,244356.0,29526.0,,,,,,,,,,,,,,,,,5.0,5.0,5.0,5.0,5.0,5.0,5.0,3.0,3.0,3.0,3.0,3.0,3.0,3.0,1.06,1.11,1.44,0.69,1.11,9126.0,2935.0,708.0,39.0,1721.0,48.0,264.0,68.9,52.8,41.5,20.5,99.5,39.6,23.9,3.7,2.8,5.0,0.0,18.2,6.7,7.4,93.5,94.1,93.7,100.0,80.0,94.7,99.4,93.5,94.1,93.7,100.0,80.0,94.7,99.4,307.0,11.0,7.0,18.0,741.0,22.0,59.0,0.0,1165.0,221.0,5.0,4.0,7.0,675.0,17.0,36.0,28.0,2.0,0.0,2.0,76.0,2.0,8.0,6.12,5.19,11.79,7.64,14.08,,,,,,,,,2.2,282.94,0.6,0.96,64.69,0.0,8.58,0.82,0.96,170.0,363.64,252.68,233.33,302.06,285.33,206.96,43.63
2022-04-04,79049,77786.0,1084.0,162.0,1.0,29,17.0,5.0,7.0,11.0,317.0,34.0,1.0,758.0,150690.0,1916.0,890303.0,263.0,39.0,4.0,30.0,3.0,9.0,60.54,0.78,0.72,0.95,0.94,341459.0,321116.0,18956.0,244679.0,30073.0,25710.0,315.0,901.0,699.0,54362.0,1855.0,3955.0,900.0,30.0,0.0,1.0,0.0,106.0,2.0,17.0,0.0,5.0,5.0,5.0,5.0,5.0,5.0,5.0,4.0,4.0,4.0,4.0,4.0,4.0,4.0,1.06,1.05,1.52,0.77,1.33,9126.0,2935.0,708.0,39.0,1721.0,48.0,264.0,68.9,52.8,41.5,20.5,99.5,39.6,23.9,3.7,2.8,5.0,0.0,18.2,6.7,7.4,93.5,94.1,93.7,100.0,80.0,94.7,99.4,93.5,94.1,93.7,100.0,80.0,94.7,99.4,309.0,11.0,7.0,18.0,745.0,22.0,59.0,0.0,1171.0,221.0,5.0,4.0,7.0,676.0,17.0,36.0,28.0,2.0,0.0,2.0,76.0,2.0,8.0,8.9,7.71,16.68,6.93,13.86,19777.1,22909.1,56917.2,23300.0,24327.1,31134.6,22736.4,23172.2,2.05,283.2,0.61,1.21,60.54,0.0,8.4,1.45,0.96,170.0,363.64,252.68,233.33,302.51,285.33,206.96,42.32
2022-04-05,79078,77845.0,1084.0,132.0,1.0,28,19.0,8.0,1.0,11.0,317.0,59.0,0.0,531.0,151221.0,604.0,890907.0,263.0,41.0,4.0,30.0,3.0,13.0,57.96,0.78,0.73,0.98,2.81,341567.0,321280.0,18956.0,245003.0,30551.0,,,,,,,,,,,,,,,,,5.0,5.0,5.0,5.0,5.0,5.0,5.0,5.0,5.0,5.0,5.0,5.0,5.0,5.0,1.06,1.05,1.52,0.77,1.33,8933.0,2761.0,659.0,28.0,1725.0,31.0,182.0,71.0,53.4,51.0,35.7,93.9,38.7,29.1,2.3,1.8,3.9,0.0,14.3,0.0,0.0,91.6,94.9,93.8,100.0,100.0,93.8,98.8,91.6,94.9,93.8,100.0,100.0,93.8,98.8,309.0,11.0,7.0,18.0,745.0,22.0,59.0,0.0,1171.0,221.0,5.0,4.0,7.0,676.0,17.0,36.0,28.0,2.0,0.0,2.0,76.0,2.0,8.0,6.9,6.59,17.52,6.67,13.93,,,,,,,,,1.91,283.2,0.65,0.97,57.96,0.0,8.62,2.07,1.17,170.0,363.64,252.68,233.33,302.51,285.33,206.96,34.49
2022-04-06,79112,77879.0,1084.0,132.0,1.0,32,24.0,6.0,2.0,23.0,319.0,34.0,0.0,871.0,152092.0,947.0,891854.0,263.0,44.0,4.0,30.0,3.0,14.0,56.87,0.79,0.75,0.98,0.95,341702.0,321432.0,18956.0,245304.0,31070.0,,,,,,,,,,,,,,,,,5.0,5.0,5.0,5.0,5.0,5.0,5.0,6.0,6.0,6.0,6.0,6.0,6.0,6.0,1.06,1.05,1.52,0.77,1.33,8933.0,2761.0,659.0,28.0,1725.0,31.0,182.0,71.0,53.4,51.0,35.7,93.9,38.7,29.1,2.3,1.8,3.9,0.0,14.3,0.0,0.0,91.6,94.9,93.8,100.0,100.0,93.8,98.8,91.6,94.9,93.8,100.0,100.0,93.8,98.8,309.0,11.0,7.0,18.0,745.0,22.0,59.0,0.0,1171.0,221.0,5.0,4.0,7.0,676.0,17.0,36.0,28.0,2.0,0.0,2.0,76.0,2.0,8.0,6.73,6.34,11.91,6.47,13.87,,,,,,,,,1.83,283.2,0.71,1.14,56.87,0.0,8.73,2.64,1.41,170.0,363.64,252.68,233.33,302.51,285.33,206.96,34.49
2022-04-07,79141,77903.0,1084.0,134.0,1.0,27,9.0,11.0,7.0,6.0,319.0,24.0,0.0,903.0,152995.0,1612.0,893466.0,263.0,49.0,4.0,30.0,3.0,13.0,55.65,0.8,0.76,1.01,1.3,341789.0,321572.0,18956.0,245634.0,31467.0,,,,,,,,,,,,,,,,,5.0,5.0,5.0,5.0,5.0,5.0,5.0,7.0,7.0,7.0,7.0,7.0,7.0,7.0,1.06,1.05,1.52,0.77,1.33,8933.0,2761.0,659.0,28.0,1725.0,31.0,182.0,71.0,53.4,51.0,35.7,93.9,38.7,29.1,2.3,1.8,3.9,0.0,14.3,0.0,0.0,91.6,94.9,93.8,100.0,100.0,93.8,98.8,91.6,94.9,93.8,100.0,100.0,93.8,98.8,309.0,11.0,7.0,18.0,745.0,22.0,59.0,0.0,1171.0,221.0,5.0,4.0,7.0,676.0,17.0,36.0,28.0,2.0,0.0,2.0,76.0,2.0,8.0,5.9,5.18,16.15,6.21,14.25,,,,,,,,,1.71,283.2,0.72,0.84,55.65,0.0,8.14,0.66,1.41,170.0,363.64,252.68,233.33,302.51,285.33,206.96,35.01
2022-04-08,79175,77929.0,1084.0,141.0,0.0,34,19.0,8.0,7.0,8.0,319.0,26.0,0.0,910.0,153905.0,1327.0,894793.0,263.0,57.0,4.0,23.0,3.0,10.0,53.86,0.79,0.77,0.98,1.96,341927.0,321782.0,18960.0,246103.0,31877.0,25746.0,315.0,901.0,699.0,54427.0,1857.0,3973.0,900.0,39.0,0.0,0.0,0.0,75.0,2.0,20.0,0.0,5.0,5.0,5.0,5.0,5.0,5.0,5.0,8.0,8.0,8.0,8.0,8.0,8.0,8.0,1.06,1.05,1.52,0.77,1.33,8933.0,2761.0,659.0,28.0,1725.0,31.0,182.0,71.0,53.4,51.0,35.7,93.9,38.7,29.1,2.3,1.8,3.9,0.0,14.3,0.0,0.0,91.6,94.9,93.8,100.0,100.0,93.8,98.8,91.6,94.9,93.8,100.0,100.0,93.8,98.8,311.0,11.0,7.0,18.0,747.0,22.0,59.0,0.0,1175.0,221.0,5.0,4.0,7.0,676.0,17.0,36.0,28.0,2.0,0.0,2.0,76.0,2.0,8.0,5.53,5.15,8.46,6.0,13.65,19804.8,22909.1,56917.2,23300.0,24356.2,31168.2,22839.9,23203.8,1.64,283.2,0.64,1.26,53.86,0.0,7.43,0.88,1.26,170.0,363.64,252.68,233.33,302.51,285.33,206.96,36.84
2022-04-09,79193,77955.0,1084.0,132.0,1.0,17,7.0,6.0,4.0,8.0,320.0,26.0,0.0,754.0,154659.0,784.0,895577.0,147.0,55.0,2.0,24.0,3.0,10.0,51.05,0.78,0.78,0.93,1.15,341954.0,321824.0,18960.0,246215.0,31960.0,,,,,,,,,,,,,,,,,5.0,5.0,5.0,5.0,5.0,5.0,5.0,9.0,9.0,9.0,9.0,9.0,9.0,9.0,1.0,1.07,1.42,0.72,1.03,8933.0,2761.0,659.0,28.0,1725.0,31.0,182.0,71.0,53.4,51.0,35.7,93.9,38.7,29.1,2.3,1.8,3.9,0.0,14.3,0.0,0.0,91.6,94.9,93.8,100.0,100.0,93.8,98.8,91.6,94.9,93.8,100.0,100.0,93.8,98.8,311.0,11.0,7.0,18.0,747.0,22.0,59.0,0.0,1175.0,221.0,5.0,4.0,7.0,676.0,17.0,36.0,28.0,2.0,0.0,2.0,76.0,2.0,8.0,4.1,4.13,7.45,5.76,12.85,,,,,,,,,1.47,283.2,0.73,0.5,51.05,0.0,7.13,1.06,1.37,170.0,363.64,252.68,233.33,302.51,285.33,206.96,34.49
2022-04-10,79213,77984.0,1084.0,122.0,0.0,20,17.0,2.0,1.0,10.0,320.0,29.0,0.0,762.0,155421.0,1037.0,896614.0,147.0,55.0,2.0,24.0,3.0,10.0,52.6,0.77,0.78,0.88,0.96,341956.0,321826.0,18960.0,246219.0,31964.0,,,,,,,,,,,,,,,,,5.0,5.0,5.0,5.0,5.0,5.0,5.0,10.0,10.0,10.0,10.0,10.0,10.0,10.0,1.0,1.07,1.42,0.72,1.03,8933.0,2761.0,659.0,28.0,1725.0,31.0,182.0,71.0,53.4,51.0,35.7,93.9,38.7,29.1,2.3,1.8,3.9,0.0,14.3,0.0,0.0,91.6,94.9,93.8,100.0,100.0,93.8,98.8,91.6,94.9,93.8,100.0,100.0,93.8,98.8,311.0,11.0,7.0,18.0,747.0,22.0,59.0,0.0,1175.0,221.0,5.0,4.0,7.0,676.0,17.0,36.0,28.0,2.0,0.0,2.0,76.0,2.0,8.0,3.51,3.46,5.46,5.51,11.95,,,,,,,,,1.44,283.2,0.81,1.18,52.6,0.0,6.98,1.31,1.44,170.0,363.64,252.68,233.33,302.51,285.33,206.96,31.87
2022-04-11,79232,78006.0,1084.0,118.0,0.0,20,12.0,5.0,3.0,6.0,320.0,22.0,0.0,519.0,155940.0,1283.0,897897.0,147.0,47.0,2.0,23.0,3.0,11.0,55.58,0.75,0.77,0.81,1.09,342087.0,322021.0,18960.0,246637.0,32771.0,25749.0,315.0,902.0,699.0,54463.0,1859.0,3983.0,900.0,20.0,0.0,1.0,0.0,65.0,4.0,19.0,0.0,5.0,5.0,5.0,5.0,5.0,5.0,5.0,11.0,11.0,11.0,11.0,11.0,11.0,11.0,0.94,1.02,1.3,0.79,0.83,8933.0,2761.0,659.0,28.0,1725.0,31.0,182.0,71.0,53.4,51.0,35.7,93.9,38.7,29.1,2.3,1.8,3.9,0.0,14.3,0.0,0.0,91.6,94.9,93.8,100.0,100.0,93.8,98.8,91.6,94.9,93.8,100.0,100.0,93.8,98.8,312.0,11.0,7.0,18.0,749.0,22.0,59.0,0.0,1178.0,221.0,5.0,4.0,7.0,676.0,17.0,36.0,28.0,2.0,0.0,2.0,76.0,2.0,8.0,5.66,5.52,6.96,5.19,10.56,19807.1,22909.1,56980.4,23300.0,24372.3,31201.7,22897.4,23217.4,1.46,283.2,0.79,1.0,55.58,0.0,6.64,1.16,1.4,170.0,363.64,252.68,233.33,302.51,285.33,206.96,30.83
2022-04-12,79251,78042.0,1084.0,101.0,0.0,18,13.0,2.0,3.0,4.0,320.0,36.0,0.0,747.0,156687.0,1333.0,899230.0,147.0,37.0,2.0,20.0,3.0,11.0,57.96,0.76,0.78,0.74,1.05,342203.0,322185.0,18960.0,247095.0,33480.0,,,,,,,,,,,,,,,,,5.0,5.0,5.0,5.0,5.0,5.0,5.0,12.0,12.0,12.0,12.0,12.0,12.0,12.0,0.94,1.02,1.3,0.79,0.83,7151.0,2400.0,481.0,42.0,1350.0,20.0,170.0,68.8,56.6,46.6,33.3,99.2,55.0,22.9,1.9,1.9,2.6,0.0,0.0,0.0,1.7,91.6,91.5,95.2,96.2,100.0,55.6,98.3,91.6,91.5,95.2,96.2,100.0,55.6,98.3,312.0,11.0,7.0,18.0,749.0,22.0,59.0,0.0,1178.0,221.0,5.0,4.0,7.0,676.0,17.0,36.0,28.0,2.0,0.0,2.0,76.0,2.0,8.0,5.4,5.25,7.27,5.0,9.09,,,,,,,,,1.21,283.2,0.73,0.9,57.96,0.0,6.27,0.54,1.18,170.0,363.64,252.68,233.33,302.51,285.33,206.96,26.39
2022-04-13,79271,78068.0,1084.0,95.0,0.0,20,15.0,2.0,3.0,7.0,320.0,26.0,0.0,1044.0,157731.0,951.0,900181.0,147.0,43.0,2.0,22.0,3.0,12.0,59.61,0.75,0.79,0.72,1.37,342282.0,322296.0,18960.0,247523.0,34309.0,,,,,,,,,,,,,,,,,5.0,5.0,5.0,5.0,5.0,5.0,5.0,13.0,13.0,13.0,13.0,13.0,13.0,13.0,0.94,1.02,1.3,0.79,0.83,7151.0,2400.0,481.0,42.0,1350.0,20.0,170.0,68.8,56.6,46.6,33.3,99.2,55.0,22.9,1.9,1.9,2.6,0.0,0.0,0.0,1.7,91.6,91.5,95.2,96.2,100.0,55.6,98.3,91.6,91.5,95.2,96.2,100.0,55.6,98.3,312.0,11.0,7.0,18.0,749.0,22.0,59.0,0.0,1178.0,221.0,5.0,4.0,7.0,676.0,17.0,36.0,28.0,2.0,0.0,2.0,76.0,2.0,8.0,4.72,4.98,6.38,4.81,8.31,,,,,,,,,1.27,283.2,0.67,1.11,59.61,0.0,5.82,0.67,0.9,170.0,363.64,252.68,233.33,302.51,285.33,206.96,24.82
2022-04-14,79296,78096.0,1085.0,89.0,0.0,25,17.0,5.0,3.0,5.0,320.0,28.0,1.0,1035.0,158766.0,1962.0,902143.0,147.0,43.0,2.0,24.0,3.0,11.0,60.32,0.77,0.81,0.63,1.02,342375.0,322449.0,18960.0,248005.0,35264.0,,,,,,,,,,,,,,,,,,,,,,,,0.0,0.0,0.0,0.0,0.0,0.0,0.0,0.94,1.02,1.3,0.79,0.83,7151.0,2400.0,481.0,42.0,1350.0,20.0,170.0,68.8,56.6,46.6,33.3,99.2,55.0,22.9,1.9,1.9,2.6,0.0,0.0,0.0,1.7,91.6,91.5,95.2,96.2,100.0,55.6,98.3,91.6,91.5,95.2,96.2,100.0,55.6,98.3,312.0,11.0,7.0,18.0,749.0,22.0,59.0,0.0,1178.0,221.0,5.0,4.0,7.0,676.0,17.0,36.0,28.0,2.0,0.0,2.0,76.0,2.0,8.0,4.62,4.66,5.25,4.74,6.75,,,,,,,,,1.23,283.46,0.71,1.25,60.32,0.0,5.75,0.48,0.87,170.0,363.64,252.68,233.33,302.51,285.33,206.96,23.25
2022-04-15,79322,78120.0,1085.0,90.0,0.0,26,11.0,3.0,12.0,7.0,320.0,24.0,0.0,904.0,159670.0,1093.0,903236.0,147.0,43.0,2.0,22.0,3.0,10.0,60.69,0.77,0.81,0.65,1.74,342377.0,322449.0,18960.0,248007.0,35271.0,25765.0,315.0,902.0,699.0,54528.0,1860.0,3988.0,900.0,16.0,0.0,0.0,0.0,65.0,2.0,6.0,0.0,,,,,,,,1.0,1.0,1.0,1.0,1.0,1.0,1.0,0.94,1.02,1.3,0.79,0.83,7151.0,2400.0,481.0,42.0,1350.0,20.0,170.0,68.8,56.6,46.6,33.3,99.2,55.0,22.9,1.9,1.9,2.6,0.0,0.0,0.0,1.7,91.6,91.5,95.2,96.2,100.0,55.6,98.3,91.6,91.5,95.2,96.2,100.0,55.6,98.3,312.0,11.0,7.0,18.0,753.0,22.0,59.0,0.0,1182.0,221.0,5.0,4.0,7.0,677.0,17.0,36.0,28.0,2.0,0.0,2.0,76.0,2.0,8.0,3.89,3.91,5.22,4.56,6.28,19819.4,22909.1,56980.4,23300.0,24401.4,31218.5,22926.1,23240.1,1.2,283.46,0.73,1.04,60.69,0.0,5.45,0.77,0.86,170.0,363.64,252.68,233.33,302.96,285.33,206.96,23.51
2022-04-16,79341,78145.0,1085.0,83.0,0.0,19,15.0,3.0,1.0,6.0,320.0,25.0,0.0,987.0,160657.0,1120.0,904356.0,147.0,37.0,2.0,24.0,3.0,10.0,60.69,0.8,0.84,0.66,1.16,342377.0,322449.0,18960.0,248009.0,35272.0,,,,,,,,,,,,,,,,,,,,,,,,2.0,2.0,2.0,2.0,2.0,2.0,2.0,0.9,1.03,1.28,0.59,0.71,7151.0,2400.0,481.0,42.0,1350.0,20.0,170.0,68.8,56.6,46.6,33.3,99.2,55.0,22.9,1.9,1.9,2.6,0.0,0.0,0.0,1.7,91.6,91.5,95.2,96.2,100.0,55.6,98.3,91.6,91.5,95.2,96.2,100.0,55.6,98.3,312.0,11.0,7.0,18.0,753.0,22.0,59.0,0.0,1182.0,221.0,5.0,4.0,7.0,677.0,17.0,36.0,28.0,2.0,0.0,2.0,76.0,2.0,8.0,4.01,3.91,4.4,4.53,5.85,,,,,,,,,1.2,283.46,0.77,0.73,60.69,0.0,5.52,0.61,0.79,170.0,363.64,252.68,233.33,302.96,285.33,206.96,21.68
2022-04-17,79357,78165.0,1086.0,79.0,0.0,16,6.0,3.0,7.0,6.0,320.0,20.0,1.0,707.0,161364.0,799.0,905155.0,147.0,35.0,2.0,24.0,4.0,7.0,59.5,0.83,0.86,0.7,1.25,342377.0,322449.0,18960.0,248009.0,35272.0,,,,,,,,,,,,,,,,,,,,,,,,3.0,3.0,3.0,3.0,3.0,3.0,3.0,0.9,1.03,1.28,0.59,0.71,7151.0,2400.0,481.0,42.0,1350.0,20.0,170.0,68.8,56.6,46.6,33.3,99.2,55.0,22.9,1.9,1.9,2.6,0.0,0.0,0.0,1.7,91.6,91.5,95.2,96.2,100.0,55.6,98.3,91.6,91.5,95.2,96.2,100.0,55.6,98.3,312.0,11.0,7.0,18.0,753.0,22.0,59.0,0.0,1182.0,221.0,5.0,4.0,7.0,677.0,17.0,36.0,28.0,2.0,0.0,2.0,76.0,2.0,8.0,3.44,3.3,4.61,4.5,5.73,,,,,,,,,1.24,283.72,0.77,0.84,59.5,0.0,5.37,0.85,0.73,170.0,363.64,252.68,233.33,302.96,285.33,206.96,20.64
2022-04-18,79371,78179.0,1086.0,79.0,0.0,14,10.0,1.0,3.0,6.0,321.0,14.0,0.0,872.0,162236.0,1037.0,906192.0,147.0,26.0,2.0,24.0,4.0,8.0,57.94,0.85,0.88,0.73,0.77,342482.0,322605.0,18960.0,248435.0,37102.0,25776.0,315.0,902.0,699.0,54562.0,1860.0,3991.0,900.0,19.0,0.0,0.0,0.0,58.0,0.0,4.0,0.0,,,,,,,,4.0,4.0,4.0,4.0,4.0,4.0,4.0,0.93,1.0,1.4,0.73,0.81,7151.0,2400.0,481.0,42.0,1350.0,20.0,170.0,68.8,56.6,46.6,33.3,99.2,55.0,22.9,1.9,1.9,2.6,0.0,0.0,0.0,1.7,91.6,91.5,95.2,96.2,100.0,55.6,98.3,91.6,91.5,95.2,96.2,100.0,55.6,98.3,312.0,11.0,7.0,18.0,754.0,22.0,59.0,0.0,1183.0,221.0,5.0,5.0,7.0,677.0,17.0,36.0,28.0,2.0,0.0,2.0,76.0,2.0,8.0,5.28,5.22,5.83,4.46,5.57,19827.8,22909.1,56980.4,23300.0,24416.6,31218.5,22943.4,23252.7,1.19,283.72,0.78,0.88,57.94,0.0,5.15,0.69,0.66,170.0,363.64,315.86,233.33,302.96,285.33,206.96,20.64
2022-04-19,79383,78193.0,1086.0,76.0,0.0,11,8.0,3.0,0.0,3.0,321.0,14.0,0.0,648.0,162884.0,547.0,906739.0,147.0,22.0,2.0,22.0,4.0,9.0,56.39,0.88,0.91,0.75,1.46,342573.0,322738.0,18960.0,248921.0,38914.0,,,,,,,,,,,,,,,,,,,,,,,,5.0,5.0,5.0,5.0,5.0,5.0,5.0,0.93,1.0,1.4,0.73,0.81,6511.0,2238.0,432.0,10.0,2033.0,20.0,212.0,67.0,49.2,53.7,10.0,100.0,40.0,40.6,2.0,1.3,1.1,0.0,0.0,13.3,4.1,89.3,89.8,93.9,77.8,100.0,62.5,98.8,89.3,89.8,93.9,77.8,100.0,62.5,98.8,312.0,11.0,7.0,18.0,754.0,22.0,59.0,0.0,1183.0,221.0,5.0,5.0,7.0,677.0,17.0,36.0,28.0,2.0,0.0,2.0,76.0,2.0,8.0,5.34,5.32,5.36,4.47,5.29,,,,,,,,,1.25,283.72,0.78,0.79,56.39,0.0,4.89,0.46,0.65,170.0,363.64,315.86,233.33,302.96,285.33,206.96,19.86
2022-04-20,79393,78214.0,1086.0,65.0,2.0,10,9.0,0.0,1.0,9.0,321.0,21.0,0.0,1001.0,163885.0,1642.0,908381.0,147.0,18.0,2.0,24.0,5.0,13.0,57.36,0.91,0.94,0.77,0.06,342674.0,322867.0,18960.0,249334.0,40653.0,,,,,,,,,,,,,,,,,,,,,,,,6.0,6.0,6.0,6.0,6.0,6.0,6.0,0.93,1.0,1.4,0.73,0.81,6511.0,2238.0,432.0,10.0,2033.0,20.0,212.0,67.0,49.2,53.7,10.0,100.0,40.0,40.6,2.0,1.3,1.1,0.0,0.0,13.3,4.1,89.3,89.8,93.9,77.8,100.0,62.5,98.8,89.3,89.8,93.9,77.8,100.0,62.5,98.8,312.0,11.0,7.0,18.0,754.0,22.0,59.0,0.0,1183.0,221.0,5.0,5.0,7.0,677.0,17.0,36.0,28.0,2.0,0.0,2.0,76.0,2.0,8.0,4.94,5.61,4.86,4.56,5.08,,,,,,,,,1.07,283.72,0.78,0.91,57.36,0.0,4.52,0.9,0.68,170.0,363.64,315.86,233.33,302.96,285.33,206.96,16.98
2022-04-21,79419,78230.0,1086.0,70.0,1.0,26,14.0,7.0,5.0,11.0,321.0,16.0,0.0,879.0,164764.0,1565.0,909946.0,147.0,22.0,2.0,24.0,4.0,14.0,59.74,0.92,0.97,0.8,0.96,342774.0,322982.0,18960.0,249686.0,42204.0,,,,,,,,,,,,,,,,,,,,,,,,0.0,7.0,7.0,7.0,0.0,7.0,7.0,0.93,1.0,1.4,0.73,0.81,6511.0,2238.0,432.0,10.0,2033.0,20.0,212.0,67.0,49.2,53.7,10.0,100.0,40.0,40.6,2.0,1.3,1.1,0.0,0.0,13.3,4.1,89.3,89.8,93.9,77.8,100.0,62.5,98.8,89.3,89.8,93.9,77.8,100.0,62.5,98.8,312.0,11.0,7.0,18.0,754.0,22.0,59.0,0.0,1183.0,221.0,5.0,5.0,7.0,677.0,17.0,36.0,28.0,2.0,0.0,2.0,76.0,2.0,8.0,4.42,4.99,4.47,4.61,4.96,,,,,,,,,1.06,283.72,0.79,2.6,59.74,0.0,4.55,1.25,0.79,170.0,363.64,315.86,233.33,302.96,285.33,206.96,18.29
2022-04-22,79437,78246.0,1086.0,72.0,1.0,18,10.0,5.0,3.0,7.0,322.0,16.0,0.0,871.0,165635.0,1245.0,911191.0,147.0,36.0,2.0,24.0,5.0,12.0,61.42,0.97,1.0,0.84,0.88,342867.0,323108.0,18965.0,250197.0,44161.0,25788.0,316.0,902.0,699.0,54604.0,1867.0,3993.0,900.0,10.0,1.0,0.0,0.0,46.0,7.0,4.0,0.0,,,,,,,,1.0,8.0,8.0,8.0,1.0,8.0,8.0,0.93,1.0,1.4,0.73,0.81,6511.0,2238.0,432.0,10.0,2033.0,20.0,212.0,67.0,49.2,53.7,10.0,100.0,40.0,40.6,2.0,1.3,1.1,0.0,0.0,13.3,4.1,89.3,89.8,93.9,77.8,100.0,62.5,98.8,89.3,89.8,93.9,77.8,100.0,62.5,98.8,313.0,11.0,7.0,18.0,759.0,22.0,59.0,0.0,1189.0,221.0,5.0,5.0,7.0,677.0,17.0,36.0,28.0,2.0,0.0,2.0,76.0,2.0,8.0,4.85,4.95,5.02,4.76,4.93,19837.1,22981.8,56980.4,23300.0,24435.4,31336.0,22954.9,23269.4,0.94,283.72,0.78,0.69,61.42,0.0,4.25,0.8,0.79,170.0,363.64,315.86,233.33,302.96,285.33,206.96,18.81
2022-04-23,79459,78256.0,1086.0,82.0,0.0,22,10.0,9.0,3.0,8.0,322.0,10.0,0.0,747.0,166382.0,898.0,912089.0,147.0,40.0,2.0,24.0,3.0,13.0,63.2,0.98,1.02,0.87,1.56,342890.0,323134.0,18965.0,250282.0,44380.0,,,,,,,,,,,,,,,,,,,,,,,,2.0,9.0,9.0,9.0,2.0,9.0,9.0,0.93,1.05,1.27,0.67,0.86,6511.0,2238.0,432.0,10.0,2033.0,20.0,212.0,67.0,49.2,53.7,10.0,100.0,40.0,40.6,2.0,1.3,1.1,0.0,0.0,13.3,4.1,89.3,89.8,93.9,77.8,100.0,62.5,98.8,89.3,89.8,93.9,77.8,100.0,62.5,98.8,313.0,11.0,7.0,18.0,759.0,22.0,59.0,0.0,1189.0,221.0,5.0,5.0,7.0,677.0,17.0,36.0,28.0,2.0,0.0,2.0,76.0,2.0,8.0,4.31,4.35,4.21,4.82,4.91,,,,,,,,,0.99,283.72,0.79,1.22,63.2,0.0,4.37,1.07,0.86,170.0,363.64,315.86,233.33,302.96,285.33,206.96,21.42
2022-04-24,79485,78274.0,1086.0,90.0,1.0,26,17.0,6.0,3.0,2.0,322.0,18.0,0.0,543.0,166925.0,1412.0,913501.0,147.0,41.0,2.0,23.0,3.0,12.0,65.97,1.01,1.03,0.89,1.7,342890.0,323134.0,18965.0,250282.0,44381.0,,,,,,,,,,,,,,,,,,,,,,,,3.0,10.0,10.0,10.0,3.0,10.0,10.0,0.93,1.05,1.27,0.67,0.86,6511.0,2238.0,432.0,10.0,2033.0,20.0,212.0,67.0,49.2,53.7,10.0,100.0,40.0,40.6,2.0,1.3,1.1,0.0,0.0,13.3,4.1,89.3,89.8,93.9,77.8,100.0,62.5,98.8,89.3,89.8,93.9,77.8,100.0,62.5,98.8,313.0,11.0,7.0,18.0,759.0,22.0,59.0,0.0,1189.0,221.0,5.0,5.0,7.0,677.0,17.0,36.0,28.0,2.0,0.0,2.0,76.0,2.0,8.0,4.21,3.86,3.94,4.9,4.81,,,,,,,,,1.06,283.72,0.88,1.18,65.97,0.0,4.74,0.37,0.79,170.0,363.64,315.86,233.33,302.96,285.33,206.96,23.51
2022-04-25,79500,78291.0,1086.0,88.0,0.0,14,5.0,4.0,5.0,5.0,322.0,17.0,0.0,583.0,167508.0,937.0,914438.0,147.0,36.0,2.0,24.0,3.0,11.0,67.16,1.05,1.06,1.0,0.96,342972.0,323283.0,18972.0,250715.0,46225.0,25801.0,316.0,902.0,699.0,54651.0,1867.0,3994.0,900.0,18.0,0.0,0.0,0.0,63.0,4.0,1.0,0.0,,,,,,,,4.0,11.0,11.0,11.0,4.0,11.0,11.0,0.93,1.0,1.28,0.75,0.77,6511.0,2238.0,432.0,10.0,2033.0,20.0,212.0,67.0,49.2,53.7,10.0,100.0,40.0,40.6,2.0,1.3,1.1,0.0,0.0,13.3,4.1,89.3,89.8,93.9,77.8,100.0,62.5,98.8,89.3,89.8,93.9,77.8,100.0,62.5,98.8,313.0,11.0,7.0,18.0,761.0,22.0,59.0,0.0,1191.0,221.0,5.0,5.0,7.0,677.0,17.0,36.0,28.0,2.0,0.0,2.0,76.0,2.0,8.0,6.76,6.38,8.27,5.07,5.16,19847.1,22981.8,56980.4,23300.0,24456.4,31336.0,22960.6,23285.3,1.08,283.72,0.92,0.54,67.16,0.0,4.74,0.86,0.82,170.0,363.64,315.86,233.33,302.96,285.33,206.96,22.99
2022-04-26,79514,78309.0,1086.0,84.0,0.0,11,8.0,2.0,1.0,4.0,323.0,18.0,0.0,446.0,167954.0,1253.0,915691.0,147.0,33.0,2.0,24.0,3.0,14.0,68.84,1.08,1.08,1.11,0.56,343066.0,323416.0,18979.0,251119.0,47908.0,,,,,,,,,,,,,,,,,,,,,,,,5.0,12.0,12.0,12.0,5.0,12.0,12.0,0.93,1.0,1.28,0.75,0.77,7326.0,2892.0,438.0,25.0,1432.0,27.0,286.0,66.1,51.2,52.3,52.0,99.5,51.9,47.6,1.5,1.1,0.4,0.0,0.0,0.0,6.2,89.8,94.6,92.4,76.9,100.0,71.4,99.0,89.8,94.6,92.4,76.9,100.0,71.4,99.0,313.0,11.0,7.0,18.0,761.0,22.0,59.0,0.0,1191.0,221.0,5.0,5.0,7.0,677.0,17.0,36.0,28.0,2.0,0.0,2.0,76.0,2.0,8.0,6.58,6.43,8.82,5.22,5.66,,,,,,,,,0.95,283.72,0.97,0.79,68.84,0.0,4.74,0.9,0.88,170.0,363.64,315.86,233.33,302.96,285.33,206.96,21.95
2022-04-27,79535,78324.0,1086.0,87.0,0.0,19,14.0,3.0,2.0,11.0,324.0,15.0,0.0,809.0,168763.0,1224.0,916915.0,147.0,31.0,2.0,24.0,4.0,14.0,68.84,1.09,1.05,1.28,0.65,343149.0,323594.0,18984.0,251584.0,49436.0,,,,,,,,,,,,,,,,,,,,,,,,6.0,13.0,13.0,13.0,6.0,13.0,13.0,0.93,1.0,1.28,0.75,0.77,7326.0,2892.0,438.0,25.0,1432.0,27.0,286.0,66.1,51.2,52.3,52.0,99.5,51.9,47.6,1.5,1.1,0.4,0.0,0.0,0.0,6.2,89.8,94.6,92.4,76.9,100.0,71.4,99.0,89.8,94.6,92.4,76.9,100.0,71.4,99.0,313.0,11.0,7.0,18.0,761.0,22.0,59.0,0.0,1191.0,221.0,5.0,5.0,7.0,677.0,17.0,36.0,28.0,2.0,0.0,2.0,76.0,2.0,8.0,5.59,5.1,10.85,5.15,6.51,,,,,,,,,1.04,283.72,1.12,1.73,68.84,0.0,5.08,1.36,0.94,170.0,363.64,315.86,233.33,302.96,285.33,206.96,22.73
2022-04-28,79567,78345.0,1086.0,96.0,0.0,32,13.0,10.0,9.0,10.0,324.0,21.0,0.0,675.0,169438.0,1726.0,918641.0,77.0,26.0,1.0,24.0,3.0,14.0,68.25,1.11,1.05,1.37,1.27,343217.0,323715.0,18988.0,251921.0,50909.0,,,,,,,,,,,,,,,,,,,,,,,,7.0,14.0,14.0,14.0,7.0,14.0,14.0,0.93,1.0,1.28,0.75,0.77,7326.0,2892.0,438.0,25.0,1432.0,27.0,286.0,66.1,51.2,52.3,52.0,99.5,51.9,47.6,1.5,1.1,0.4,0.0,0.0,0.0,6.2,89.8,94.6,92.4,76.9,100.0,71.4,99.0,89.8,94.6,92.4,76.9,100.0,71.4,99.0,313.0,11.0,7.0,18.0,761.0,22.0,59.0,0.0,1191.0,221.0,5.0,5.0,7.0,677.0,17.0,36.0,28.0,2.0,0.0,2.0,76.0,2.0,8.0,5.88,5.27,9.28,5.19,7.2,,,,,,,,,1.08,283.72,1.16,1.68,68.25,0.0,5.3,1.48,0.98,170.0,363.64,315.86,233.33,302.96,285.33,206.96,25.08
2022-04-29,79591,78367.0,1086.0,97.0,0.0,24,12.0,6.0,6.0,11.0,324.0,22.0,0.0,788.0,170226.0,1088.0,919729.0,77.0,37.0,1.0,23.0,3.0,14.0,68.69,1.1,1.03,1.39,1.19,343319.0,323845.0,18991.0,252460.0,52723.0,25823.0,316.0,904.0,699.0,54704.0,1868.0,3998.0,900.0,24.0,0.0,2.0,0.0,59.0,1.0,5.0,0.0,,,,,,,,8.0,15.0,15.0,15.0,8.0,15.0,15.0,0.93,1.0,1.28,0.75,0.77,7326.0,2892.0,438.0,25.0,1432.0,27.0,286.0,66.1,51.2,52.3,52.0,99.5,51.9,47.6,1.5,1.1,0.4,0.0,0.0,0.0,6.2,89.8,94.6,92.4,76.9,100.0,71.4,99.0,89.8,94.6,92.4,76.9,100.0,71.4,99.0,315.0,11.0,7.0,18.0,764.0,23.0,59.0,0.0,1197.0,221.0,5.0,5.0,7.0,677.0,17.0,36.0,28.0,2.0,0.0,2.0,76.0,2.0,8.0,5.34,4.78,8.84,5.17,7.74,19864.0,22981.8,57106.8,23300.0,24480.1,31352.8,22983.6,23306.8,1.13,283.72,1.3,0.75,68.69,0.0,5.52,1.4,1.06,170.0,363.64,315.86,233.33,302.96,285.33,206.96,25.34
2022-04-30,79623,78385.0,1086.0,111.0,0.0,31,21.0,4.0,6.0,18.0,324.0,18.0,0.0,639.0,170865.0,1051.0,920780.0,77.0,44.0,1.0,24.0,3.0,13.0,68.69,1.1,1.04,1.41,1.24,343349.0,323885.0,18991.0,252615.0,53135.0,,,,,,,,,,,,,,,,,,,,,,,,9.0,16.0,16.0,16.0,9.0,16.0,16.0,1.0,1.1,1.45,0.74,0.9,7326.0,2892.0,438.0,25.0,1432.0,27.0,286.0,66.1,51.2,52.3,52.0,99.5,51.9,47.6,1.5,1.1,0.4,0.0,0.0,0.0,6.2,89.8,94.6,92.4,76.9,100.0,71.4,99.0,89.8,94.6,92.4,76.9,100.0,71.4,99.0,315.0,11.0,7.0,18.0,764.0,23.0,59.0,0.0,1197.0,221.0,5.0,5.0,7.0,677.0,17.0,36.0,28.0,2.0,0.0,2.0,76.0,2.0,8.0,5.02,4.78,8.9,5.23,8.41,,,,,,,,,1.08,283.72,1.34,1.29,68.69,0.0,5.86,2.82,1.31,170.0,363.64,315.86,233.33,302.96,285.33,206.96,29.0
2022-05-01,79644,78408.0,1086.0,109.0,0.0,21,12.0,4.0,5.0,11.0,325.0,23.0,0.0,596.0,171461.0,1111.0,921891.0,77.0,52.0,1.0,24.0,3.0,13.0,68.89,1.09,1.06,1.4,0.9,343349.0,323885.0,18991.0,252615.0,53137.0,,,,,,,,,,,,,,,,,,,,,,,,10.0,17.0,17.0,17.0,10.0,17.0,17.0,1.0,1.1,1.45,0.74,0.9,7326.0,2892.0,438.0,25.0,1432.0,27.0,286.0,66.1,51.2,52.3,52.0,99.5,51.9,47.6,1.5,1.1,0.4,0.0,0.0,0.0,6.2,89.8,94.6,92.4,76.9,100.0,71.4,99.0,89.8,94.6,92.4,76.9,100.0,71.4,99.0,315.0,11.0,7.0,18.0,764.0,23.0,59.0,0.0,1197.0,221.0,5.0,5.0,7.0,677.0,17.0,36.0,28.0,2.0,0.0,2.0,76.0,2.0,8.0,4.76,4.75,7.22,5.35,8.88,,,,,,,,,0.97,283.72,1.2,0.68,68.89,0.0,5.67,1.85,1.52,170.0,363.64,315.86,233.33,302.96,285.33,206.96,28.48
2022-05-02,79658,78418.0,1086.0,113.0,0.0,13,8.0,2.0,3.0,4.0,325.0,10.0,0.0,548.0,172009.0,684.0,922575.0,77.0,47.0,1.0,24.0,3.0,13.0,70.08,1.13,1.09,1.41,1.32,343434.0,324021.0,18994.0,253121.0,55133.0,25842.0,316.0,905.0,699.0,54743.0,1868.0,4006.0,900.0,33.0,0.0,3.0,0.0,61.0,0.0,11.0,0.0,,,,,,,,11.0,18.0,18.0,18.0,11.0,18.0,18.0,0.92,0.99,1.32,0.71,0.81,7326.0,2892.0,438.0,25.0,1432.0,27.0,286.0,66.1,51.2,52.3,52.0,99.5,51.9,47.6,1.5,1.1,0.4,0.0,0.0,0.0,6.2,89.8,94.6,92.4,76.9,100.0,71.4,99.0,89.8,94.6,92.4,76.9,100.0,71.4,99.0,316.0,11.0,7.0,18.0,764.0,23.0,59.0,0.0,1198.0,221.0,5.0,5.0,7.0,677.0,17.0,36.0,28.0,2.0,0.0,2.0,76.0,2.0,8.0,8.78,8.06,12.91,5.6,9.55,19878.6,22981.8,57169.9,23300.0,24497.6,31352.8,23029.6,23324.3,1.02,283.72,1.19,0.62,70.08,0.0,5.64,0.73,1.5,170.0,363.64,315.86,233.33,302.96,285.33,206.96,29.52
2022-05-03,79671,78445.0,1086.0,99.0,0.0,10,3.0,5.0,2.0,4.0,325.0,27.0,0.0,507.0,172516.0,726.0,923301.0,77.0,46.0,1.0,24.0,3.0,15.0,70.68,1.08,1.07,1.28,0.83,343531.0,324158.0,18999.0,253642.0,57097.0,,,,,,,,,,,,,,,,,,,,,,,,12.0,19.0,19.0,19.0,12.0,19.0,19.0,0.92,0.99,1.32,0.71,0.81,7163.0,2648.0,560.0,5.0,1237.0,18.0,166.0,70.0,54.8,61.8,60.0,99.4,72.2,42.2,1.2,1.8,0.3,0.0,0.0,0.0,6.6,88.4,92.9,96.1,30.0,100.0,75.0,94.0,88.4,92.9,96.1,30.0,100.0,75.0,94.0,316.0,11.0,7.0,18.0,764.0,23.0,59.0,0.0,1198.0,221.0,5.0,5.0,7.0,677.0,17.0,36.0,28.0,2.0,0.0,2.0,76.0,2.0,8.0,5.56,6.35,6.98,5.58,9.28,,,,,,,,,1.06,283.72,1.18,0.77,70.68,0.0,5.6,0.79,1.49,170.0,363.64,315.86,233.33,302.96,285.33,206.96,25.86
2022-05-04,79705,78478.0,1086.0,100.0,0.0,34,14.0,12.0,8.0,15.0,325.0,33.0,0.0,601.0,173117.0,1735.0,925036.0,77.0,54.0,1.0,24.0,3.0,18.0,72.46,1.07,1.08,1.16,1.1,343640.0,324300.0,19005.0,254221.0,58885.0,,,,,,,,,,,,,,,,,,,,,,,,13.0,20.0,20.0,20.0,13.0,20.0,20.0,0.92,0.99,1.32,0.71,0.81,7163.0,2648.0,560.0,5.0,1237.0,18.0,166.0,70.0,54.8,61.8,60.0,99.4,72.2,42.2,1.2,1.8,0.3,0.0,0.0,0.0,6.6,88.4,92.9,96.1,30.0,100.0,75.0,94.0,88.4,92.9,96.1,30.0,100.0,75.0,94.0,316.0,11.0,7.0,18.0,764.0,23.0,59.0,0.0,1198.0,221.0,5.0,5.0,7.0,677.0,17.0,36.0,28.0,2.0,0.0,2.0,76.0,2.0,8.0,5.91,6.01,7.25,5.72,8.77,,,,,,,,,1.12,283.72,1.21,3.4,72.46,0.0,6.16,2.5,1.65,170.0,363.64,315.86,233.33,302.96,285.33,206.96,26.13
2022-05-05,79734,78496.0,1086.0,109.0,1.0,27,13.0,10.0,4.0,8.0,325.0,18.0,0.0,820.0,173937.0,1788.0,926824.0,77.0,61.0,1.0,24.0,3.0,15.0,73.06,1.04,1.08,1.06,1.06,343760.0,324466.0,19011.0,254791.0,60393.0,,,,,,,,,,,,,,,,,,,,,,,,14.0,21.0,21.0,21.0,14.0,21.0,21.0,0.92,0.99,1.32,0.71,0.81,7163.0,2648.0,560.0,5.0,1237.0,18.0,166.0,70.0,54.8,61.8,60.0,99.4,72.2,42.2,1.2,1.8,0.3,0.0,0.0,0.0,6.6,88.4,92.9,96.1,30.0,100.0,75.0,94.0,88.4,92.9,96.1,30.0,100.0,75.0,94.0,316.0,11.0,7.0,18.0,764.0,23.0,59.0,0.0,1198.0,221.0,5.0,5.0,7.0,677.0,17.0,36.0,28.0,2.0,0.0,2.0,76.0,2.0,8.0,5.39,5.59,5.25,5.76,8.19,,,,,,,,,1.09,283.72,1.13,0.79,73.06,0.0,5.97,0.98,1.58,170.0,363.64,315.86,233.33,302.96,285.33,206.96,28.48
2022-05-06,79775,78521.0,1086.0,123.0,0.0,40,20.0,14.0,6.0,11.0,326.0,25.0,0.0,803.0,174740.0,1357.0,928181.0,77.0,56.0,1.0,24.0,1.0,19.0,74.4,1.06,1.1,0.98,2.14,343874.0,324615.0,19017.0,255415.0,61972.0,25854.0,316.0,905.0,699.0,54824.0,1875.0,4016.0,900.0,19.0,0.0,1.0,0.0,84.0,7.0,9.0,0.0,,,,,,,,15.0,0.0,0.0,0.0,15.0,0.0,0.0,0.92,0.99,1.32,0.71,0.81,7163.0,2648.0,560.0,5.0,1237.0,18.0,166.0,70.0,54.8,61.8,60.0,99.4,72.2,42.2,1.2,1.8,0.3,0.0,0.0,0.0,6.6,88.4,92.9,96.1,30.0,100.0,75.0,94.0,88.4,92.9,96.1,30.0,100.0,75.0,94.0,318.0,11.0,7.0,18.0,766.0,23.0,59.0,0.0,1202.0,221.0,5.0,5.0,7.0,677.0,17.0,36.0,28.0,2.0,0.0,2.0,76.0,2.0,8.0,6.5,6.21,4.96,5.97,7.64,19887.8,22981.8,57169.9,23300.0,24533.8,31470.3,23087.1,23353.0,1.22,283.72,1.19,1.48,74.4,0.0,6.57,1.37,1.57,170.0,363.64,315.86,233.33,302.96,285.33,206.96,32.13
2022-05-07,79797,78536.0,1086.0,127.0,1.0,21,12.0,5.0,4.0,2.0,327.0,15.0,0.0,776.0,175516.0,697.0,928878.0,77.0,55.0,1.0,23.0,1.0,16.0,75.44,1.07,1.12,0.91,2.73,343895.0,324638.0,19017.0,255590.0,62294.0,,,,,,,,,,,,,,,,,,,,,,,,16.0,1.0,1.0,1.0,16.0,1.0,1.0,0.96,1.07,1.33,0.66,0.86,7163.0,2648.0,560.0,5.0,1237.0,18.0,166.0,70.0,54.8,61.8,60.0,99.4,72.2,42.2,1.2,1.8,0.3,0.0,0.0,0.0,6.6,88.4,92.9,96.1,30.0,100.0,75.0,94.0,88.4,92.9,96.1,30.0,100.0,75.0,94.0,318.0,11.0,7.0,18.0,766.0,23.0,59.0,0.0,1202.0,221.0,5.0,5.0,7.0,677.0,17.0,36.0,28.0,2.0,0.0,2.0,76.0,2.0,8.0,5.85,6.19,3.91,6.17,6.93,,,,,,,,,1.44,283.72,1.06,0.52,75.44,0.0,6.2,0.26,1.21,170.0,363.64,315.86,233.33,302.96,285.33,206.96,33.18
2022-05-08,79814,78550.0,1086.0,129.0,0.0,18,6.0,5.0,7.0,6.0,327.0,14.0,0.0,793.0,176309.0,1073.0,929951.0,77.0,47.0,1.0,24.0,1.0,17.0,76.63,1.09,1.13,0.89,1.12,343895.0,324638.0,19017.0,255591.0,62313.0,,,,,,,,,,,,,,,,,,,,,,,,17.0,2.0,2.0,2.0,17.0,2.0,2.0,0.96,1.07,1.33,0.66,0.86,7163.0,2648.0,560.0,5.0,1237.0,18.0,166.0,70.0,54.8,61.8,60.0,99.4,72.2,42.2,1.2,1.8,0.3,0.0,0.0,0.0,6.6,88.4,92.9,96.1,30.0,100.0,75.0,94.0,88.4,92.9,96.1,30.0,100.0,75.0,94.0,318.0,11.0,7.0,18.0,766.0,23.0,59.0,0.0,1202.0,221.0,5.0,5.0,7.0,677.0,17.0,36.0,28.0,2.0,0.0,2.0,76.0,2.0,8.0,6.08,6.29,4.88,6.39,6.59,,,,,,,,,1.47,283.72,1.07,0.86,76.63,0.0,6.08,0.76,1.05,170.0,363.64,315.86,233.33,302.96,285.33,206.96,33.7
2022-05-09,79832,78574.0,1086.0,123.0,0.0,20,10.0,6.0,4.0,8.0,327.0,24.0,0.0,600.0,176909.0,812.0,930763.0,77.0,35.0,1.0,24.0,1.0,16.0,77.23,1.13,1.2,0.81,1.48,343971.0,324773.0,19020.0,256058.0,63821.0,25859.0,316.0,905.0,699.0,54869.0,1875.0,4016.0,900.0,15.0,0.0,0.0,0.0,88.0,5.0,3.0,0.0,,,,,,,,18.0,3.0,3.0,3.0,18.0,3.0,3.0,0.94,1.01,1.3,0.71,0.77,7163.0,2648.0,560.0,5.0,1237.0,18.0,166.0,70.0,54.8,61.8,60.0,99.4,72.2,42.2,1.2,1.8,0.3,0.0,0.0,0.0,6.6,88.4,92.9,96.1,30.0,100.0,75.0,94.0,88.4,92.9,96.1,30.0,100.0,75.0,94.0,318.0,11.0,7.0,18.0,769.0,23.0,60.0,0.0,1206.0,221.0,5.0,5.0,7.0,677.0,17.0,36.0,28.0,2.0,0.0,2.0,76.0,2.0,8.0,11.04,11.95,6.6,6.94,5.69,19891.7,22981.8,57169.9,23300.0,24554.0,31470.3,23087.1,23366.1,1.49,283.72,1.13,1.11,77.23,0.0,6.34,1.33,1.14,170.0,363.64,315.86,233.33,302.96,285.33,206.96,32.13
2022-05-10,79842,78615.0,1086.0,92.0,0.0,8,3.0,2.0,3.0,2.0,327.0,41.0,0.0,660.0,177569.0,1066.0,931829.0,77.0,31.0,1.0,24.0,1.0,18.0,77.82,1.22,1.26,0.85,0.56,344092.0,324910.0,19020.0,256561.0,65338.0,,,,,,,,,,,,,,,,,,,,,,,,19.0,4.0,4.0,4.0,19.0,4.0,4.0,0.94,1.01,1.3,0.71,0.77,7195.0,2972.0,400.0,15.0,1315.0,21.0,162.0,63.2,50.9,41.5,53.3,97.4,57.1,42.6,1.8,1.2,3.1,0.0,0.0,0.0,3.1,88.3,89.8,96.1,100.0,100.0,50.0,98.7,88.3,89.8,96.1,100.0,100.0,50.0,98.7,318.0,11.0,7.0,18.0,769.0,23.0,60.0,0.0,1206.0,221.0,5.0,5.0,7.0,677.0,17.0,36.0,28.0,2.0,0.0,2.0,76.0,2.0,8.0,10.63,10.79,6.45,7.58,5.61,,,,,,,,,1.45,283.72,1.12,0.4,77.82,0.0,6.27,0.3,1.07,170.0,363.64,315.86,233.33,302.96,285.33,206.96,24.04
2022-05-11,79868,78631.0,1086.0,102.0,0.0,27,10.0,12.0,5.0,12.0,327.0,16.0,0.0,1074.0,178643.0,1286.0,933115.0,77.0,48.0,1.0,24.0,1.0,17.0,76.04,1.22,1.26,0.89,1.17,344194.0,325047.0,19020.0,257225.0,67935.0,,,,,,,,,,,,,,,,,,,,,,,,20.0,5.0,5.0,5.0,20.0,5.0,5.0,0.94,1.01,1.3,0.71,0.77,7195.0,2972.0,400.0,15.0,1315.0,21.0,162.0,63.2,50.9,41.5,53.3,97.4,57.1,42.6,1.8,1.2,3.1,0.0,0.0,0.0,3.1,88.3,89.8,96.1,100.0,100.0,50.0,98.7,88.3,89.8,96.1,100.0,100.0,50.0,98.7,318.0,11.0,7.0,18.0,769.0,23.0,60.0,0.0,1206.0,221.0,5.0,5.0,7.0,677.0,17.0,36.0,28.0,2.0,0.0,2.0,76.0,2.0,8.0,7.74,8.21,7.15,7.89,5.6,,,,,,,,,1.46,283.72,0.98,3.38,76.04,0.0,6.01,1.12,0.87,170.0,363.64,315.86,233.33,302.96,285.33,206.96,26.65
2022-05-12,79912,78654.0,1086.0,119.0,0.0,43,17.0,18.0,8.0,10.0,328.0,23.0,0.0,987.0,179630.0,1866.0,934981.0,77.0,46.0,1.0,24.0,1.0,18.0,76.63,1.22,1.24,1.01,1.77,344348.0,325182.0,19020.0,257757.0,70760.0,,,,,,,,,,,,,,,,,,,,,,,,21.0,6.0,6.0,6.0,21.0,6.0,6.0,0.94,1.01,1.3,0.71,0.77,7195.0,2972.0,400.0,15.0,1315.0,21.0,162.0,63.2,50.9,41.5,53.3,97.4,57.1,42.6,1.8,1.2,3.1,0.0,0.0,0.0,3.1,88.3,89.8,96.1,100.0,100.0,50.0,98.7,88.3,89.8,96.1,100.0,100.0,50.0,98.7,318.0,11.0,7.0,18.0,769.0,23.0,60.0,0.0,1206.0,221.0,5.0,5.0,7.0,677.0,17.0,36.0,28.0,2.0,0.0,2.0,76.0,2.0,8.0,7.62,7.73,9.33,8.19,6.18,,,,,,,,,1.57,283.72,1.11,1.59,76.63,0.0,6.61,1.01,0.88,170.0,363.64,315.86,233.33,302.96,285.33,206.96,31.09
2022-05-13,79957,78671.0,1086.0,146.0,1.0,44,28.0,10.0,6.0,14.0,329.0,17.0,0.0,800.0,180430.0,1572.0,936553.0,77.0,51.0,1.0,24.0,1.0,18.0,76.04,1.2,1.21,1.14,1.91,344475.0,325318.0,19020.0,258504.0,73704.0,25881.0,316.0,905.0,699.0,54970.0,1876.0,4019.0,899.0,27.0,0.0,0.0,0.0,114.0,1.0,3.0,0.0,,,,,,,,22.0,7.0,7.0,7.0,22.0,7.0,7.0,0.94,1.01,1.3,0.71,0.77,7195.0,2972.0,400.0,15.0,1315.0,21.0,162.0,63.2,50.9,41.5,53.3,97.4,57.1,42.6,1.8,1.2,3.1,0.0,0.0,0.0,3.1,88.3,89.8,96.1,100.0,100.0,50.0,98.7,88.3,89.8,96.1,100.0,100.0,50.0,98.7,318.0,11.0,7.0,18.0,772.0,23.0,62.0,0.0,1211.0,221.0,5.0,5.0,7.0,677.0,17.0,36.0,28.0,2.0,0.0,2.0,76.0,2.0,8.0,8.13,7.47,10.27,8.37,6.94,19908.6,22981.8,57169.9,23300.0,24599.2,31487.1,23104.3,23399.0,1.53,283.72,1.03,1.02,76.04,0.0,6.76,1.75,0.93,170.0,363.64,315.86,233.33,302.96,285.33,206.96,38.14
2022-05-14,79985,78695.0,1086.0,149.0,0.0,28,11.0,12.0,5.0,11.0,330.0,24.0,0.0,763.0,181193.0,1198.0,937751.0,143.0,70.0,2.0,22.0,1.0,18.0,77.81,1.21,1.18,1.28,1.42,344503.0,325355.0,19020.0,258766.0,74417.0,,,,,,,,,,,,,,,,,,,,,,,,23.0,8.0,8.0,8.0,23.0,8.0,8.0,0.95,1.05,1.3,0.62,0.78,7195.0,2972.0,400.0,15.0,1315.0,21.0,162.0,63.2,50.9,41.5,53.3,97.4,57.1,42.6,1.8,1.2,3.1,0.0,0.0,0.0,3.1,88.3,89.8,96.1,100.0,100.0,50.0,98.7,88.3,89.8,96.1,100.0,100.0,50.0,98.7,318.0,11.0,7.0,18.0,772.0,23.0,62.0,0.0,1211.0,221.0,5.0,5.0,7.0,677.0,17.0,36.0,28.0,2.0,0.0,2.0,76.0,2.0,8.0,8.42,7.13,10.82,8.51,7.93,,,,,,,,,1.35,283.72,1.13,0.64,77.81,0.0,7.02,1.44,1.1,170.0,363.64,315.86,233.33,302.96,285.33,206.96,38.93
2022-05-15,80014,78717.0,1086.0,155.0,0.0,29,19.0,5.0,5.0,2.0,330.0,22.0,0.0,664.0,181857.0,1097.0,938848.0,143.0,91.0,2.0,24.0,1.0,18.0,78.41,1.17,1.14,1.26,2.46,344503.0,325355.0,19020.0,258767.0,74428.0,,,,,,,,,,,,,,,,,,,,,,,,24.0,9.0,9.0,9.0,24.0,9.0,9.0,0.95,1.05,1.3,0.62,0.78,7195.0,2972.0,400.0,15.0,1315.0,21.0,162.0,63.2,50.9,41.5,53.3,97.4,57.1,42.6,1.8,1.2,3.1,0.0,0.0,0.0,3.1,88.3,89.8,96.1,100.0,100.0,50.0,98.7,88.3,89.8,96.1,100.0,100.0,50.0,98.7,318.0,11.0,7.0,18.0,772.0,23.0,62.0,0.0,1211.0,221.0,5.0,5.0,7.0,677.0,17.0,36.0,28.0,2.0,0.0,2.0,76.0,2.0,8.0,6.62,6.22,6.43,8.5,8.15,,,,,,,,,1.54,283.72,1.22,1.04,78.41,0.0,7.43,0.3,1.04,170.0,363.64,315.86,233.33,302.96,285.33,206.96,40.49
2022-05-16,80039,78740.0,1086.0,156.0,0.0,23,12.0,7.0,4.0,12.0,330.0,23.0,0.0,735.0,182592.0,1626.0,940474.0,143.0,57.0,2.0,24.0,1.0,20.0,80.79,1.09,1.05,1.21,0.68,344661.0,325520.0,19020.0,259585.0,77490.0,25900.0,316.0,907.0,700.0,55026.0,1876.0,4020.0,899.0,34.0,0.0,2.0,1.0,114.0,1.0,2.0,0.0,,,,,,,,25.0,10.0,10.0,10.0,25.0,10.0,10.0,0.99,1.01,1.34,0.76,0.8,7195.0,2972.0,400.0,15.0,1315.0,21.0,162.0,63.2,50.9,41.5,53.3,97.4,57.1,42.6,1.8,1.2,3.1,0.0,0.0,0.0,3.1,88.3,89.8,96.1,100.0,100.0,50.0,98.7,88.3,89.8,96.1,100.0,100.0,50.0,98.7,319.0,11.0,7.0,18.0,776.0,23.0,62.0,0.0,1216.0,221.0,5.0,5.0,7.0,677.0,17.0,36.0,28.0,2.0,0.0,2.0,76.0,2.0,8.0,8.73,8.89,6.69,8.06,8.16,19923.2,22981.8,57296.3,23333.3,24624.2,31487.1,23110.1,23419.6,1.42,283.72,1.19,0.79,80.79,0.0,7.54,1.63,1.08,170.0,363.64,315.86,233.33,302.96,285.33,206.96,40.76
2022-05-17,80057,78792.0,1086.0,122.0,0.0,18,9.0,7.0,2.0,8.0,330.0,52.0,0.0,488.0,183080.0,802.0,941276.0,143.0,61.0,2.0,23.0,1.0,17.0,80.66,1.03,1.0,1.18,1.25,344818.0,325679.0,19020.0,260390.0,80314.0,,,,,,,,,,,,,,,,,,,,,,,,26.0,11.0,11.0,11.0,26.0,11.0,11.0,0.99,1.01,1.34,0.76,0.8,7828.0,3216.0,386.0,6.0,1113.0,24.0,284.0,66.7,47.7,51.0,66.7,98.8,58.3,64.8,2.2,1.6,2.2,0.0,16.7,4.5,4.0,89.3,88.9,92.8,83.3,100.0,66.7,98.0,89.3,88.9,92.8,83.3,100.0,66.7,98.0,319.0,11.0,7.0,18.0,776.0,23.0,62.0,0.0,1216.0,221.0,5.0,5.0,7.0,677.0,17.0,36.0,28.0,2.0,0.0,2.0,76.0,2.0,8.0,8.21,8.65,6.55,7.76,8.18,,,,,,,,,1.52,283.72,1.26,0.78,80.66,0.0,7.91,1.64,1.27,170.0,363.64,315.86,233.33,302.96,285.33,206.96,31.87
2022-05-18,80101,78832.0,1087.0,126.0,0.0,43,36.0,5.0,2.0,24.0,330.0,40.0,1.0,782.0,183862.0,1368.0,942644.0,143.0,75.0,2.0,23.0,1.0,17.0,81.13,1.03,1.01,1.13,1.39,344981.0,325823.0,19020.0,261128.0,83007.0,,,,,,,,,,,,,,,,,,,,,,,,27.0,12.0,12.0,12.0,27.0,12.0,12.0,0.99,1.01,1.34,0.76,0.8,7828.0,3216.0,386.0,6.0,1113.0,24.0,284.0,66.7,47.7,51.0,66.7,98.8,58.3,64.8,2.2,1.6,2.2,0.0,16.7,4.5,4.0,89.3,88.9,92.8,83.3,100.0,66.7,98.0,89.3,88.9,92.8,83.3,100.0,66.7,98.0,319.0,11.0,7.0,18.0,776.0,23.0,62.0,0.0,1216.0,221.0,5.0,5.0,7.0,677.0,17.0,36.0,28.0,2.0,0.0,2.0,76.0,2.0,8.0,8.36,8.63,5.61,7.82,7.96,,,,,,,,,1.55,283.98,1.42,2.39,81.13,0.0,8.51,3.07,1.55,170.0,363.64,315.86,233.33,302.96,285.33,206.96,32.92
2022-05-19,80140,78855.0,1087.0,140.0,0.0,38,22.0,5.0,11.0,16.0,330.0,23.0,0.0,800.0,184662.0,1953.0,944597.0,143.0,80.0,2.0,24.0,1.0,18.0,81.13,1.02,1.01,1.06,1.13,345120.0,325974.0,19020.0,261939.0,85337.0,,,,,,,,,,,,,,,,,,,,,,,,28.0,13.0,13.0,13.0,28.0,13.0,13.0,0.99,1.01,1.34,0.76,0.8,7828.0,3216.0,386.0,6.0,1113.0,24.0,284.0,66.7,47.7,51.0,66.7,98.8,58.3,64.8,2.2,1.6,2.2,0.0,16.7,4.5,4.0,89.3,88.9,92.8,83.3,100.0,66.7,98.0,89.3,88.9,92.8,83.3,100.0,66.7,98.0,319.0,11.0,7.0,18.0,776.0,23.0,62.0,0.0,1216.0,221.0,5.0,5.0,7.0,677.0,17.0,36.0,28.0,2.0,0.0,2.0,76.0,2.0,8.0,7.35,7.64,5.71,7.8,7.44,,,,,,,,,1.46,283.98,1.26,0.88,81.13,0.0,8.32,2.0,1.69,170.0,363.64,315.86,233.33,302.96,285.33,206.96,36.58
2022-05-20,80175,78885.0,1088.0,145.0,0.0,36,17.0,10.0,9.0,17.0,331.0,30.0,1.0,919.0,185581.0,1418.0,946015.0,143.0,74.0,2.0,24.0,2.0,18.0,81.72,1.02,1.02,0.95,1.34,345293.0,326156.0,19020.0,262836.0,87975.0,25931.0,316.0,907.0,700.0,55116.0,1882.0,4033.0,899.0,33.0,0.0,1.0,0.0,97.0,6.0,12.0,0.0,,,,,,,,29.0,14.0,14.0,14.0,29.0,14.0,14.0,0.99,1.01,1.34,0.76,0.8,7828.0,3216.0,386.0,6.0,1113.0,24.0,284.0,66.7,47.7,51.0,66.7,98.8,58.3,64.8,2.2,1.6,2.2,0.0,16.7,4.5,4.0,89.3,88.9,92.8,83.3,100.0,66.7,98.0,89.3,88.9,92.8,83.3,100.0,66.7,98.0,320.0,11.0,7.0,18.0,777.0,23.0,62.0,0.0,1218.0,222.0,5.0,5.0,7.0,677.0,17.0,36.0,28.0,2.0,0.0,2.0,76.0,2.0,8.0,8.44,8.46,4.81,7.95,6.66,19947.1,22981.8,57296.3,23333.3,24664.5,31587.8,23184.8,23456.2,1.38,284.24,1.19,0.95,81.72,0.0,8.02,1.85,1.7,170.77,363.64,315.86,233.33,302.96,285.33,206.96,37.88
2022-05-21,80207,78914.0,1088.0,146.0,0.0,32,16.0,7.0,9.0,7.0,331.0,29.0,0.0,558.0,186139.0,964.0,946979.0,143.0,62.0,2.0,24.0,2.0,17.0,80.69,0.99,1.02,0.86,2.59,345294.0,326164.0,19020.0,262882.0,88190.0,,,,,,,,,,,,,,,,,,,,,,,,30.0,15.0,15.0,15.0,30.0,15.0,15.0,1.05,1.01,1.42,0.95,0.84,7828.0,3216.0,386.0,6.0,1113.0,24.0,284.0,66.7,47.7,51.0,66.7,98.8,58.3,64.8,2.2,1.6,2.2,0.0,16.7,4.5,4.0,89.3,88.9,92.8,83.3,100.0,66.7,98.0,89.3,88.9,92.8,83.3,100.0,66.7,98.0,320.0,11.0,7.0,18.0,777.0,23.0,62.0,0.0,1218.0,222.0,5.0,5.0,7.0,677.0,17.0,36.0,28.0,2.0,0.0,2.0,76.0,2.0,8.0,7.01,6.98,4.78,7.92,5.8,,,,,,,,,1.55,284.24,1.16,0.89,80.69,0.0,8.17,1.25,1.68,170.77,363.64,315.86,233.33,302.96,285.33,206.96,38.14
2022-05-22,80233,78951.0,1088.0,135.0,0.0,26,5.0,13.0,8.0,9.0,331.0,37.0,0.0,702.0,186841.0,1432.0,948411.0,143.0,59.0,2.0,24.0,2.0,17.0,80.69,1.01,1.03,0.88,1.19,345294.0,326164.0,19020.0,262883.0,88222.0,,,,,,,,,,,,,,,,,,,,,,,,31.0,16.0,16.0,16.0,31.0,16.0,16.0,1.05,1.01,1.42,0.95,0.84,7828.0,3216.0,386.0,6.0,1113.0,24.0,284.0,66.7,47.7,51.0,66.7,98.8,58.3,64.8,2.2,1.6,2.2,0.0,16.7,4.5,4.0,89.3,88.9,92.8,83.3,100.0,66.7,98.0,89.3,88.9,92.8,83.3,100.0,66.7,98.0,320.0,11.0,7.0,18.0,777.0,23.0,62.0,0.0,1218.0,222.0,5.0,5.0,7.0,677.0,17.0,36.0,28.0,2.0,0.0,2.0,76.0,2.0,8.0,7.5,7.11,5.92,8.05,5.72,,,,,,,,,1.37,284.24,1.09,0.81,80.69,0.0,8.06,1.28,1.82,170.77,363.64,315.86,233.33,302.96,285.33,206.96,35.27
2022-05-23,80251,78977.0,1088.0,126.0,0.0,18,11.0,6.0,1.0,6.0,331.0,26.0,0.0,671.0,187512.0,1606.0,950017.0,143.0,52.0,2.0,24.0,2.0,20.0,81.29,1.08,1.09,0.98,0.75,345438.0,326317.0,19020.0,263759.0,91023.0,25948.0,316.0,907.0,700.0,55169.0,1882.0,4034.0,899.0,27.0,0.0,0.0,0.0,94.0,1.0,2.0,0.0,,,,,,,,32.0,17.0,17.0,17.0,32.0,17.0,17.0,1.03,1.04,1.42,0.78,0.88,7828.0,3216.0,386.0,6.0,1113.0,24.0,284.0,66.7,47.7,51.0,66.7,98.8,58.3,64.8,2.2,1.6,2.2,0.0,16.7,4.5,4.0,89.3,88.9,92.8,83.3,100.0,66.7,98.0,89.3,88.9,92.8,83.3,100.0,66.7,98.0,320.0,11.0,7.0,18.0,778.0,23.0,64.0,0.0,1221.0,222.0,5.0,5.0,7.0,678.0,17.0,36.0,28.0,2.0,0.0,2.0,76.0,2.0,8.0,12.56,12.56,9.48,8.58,6.12,19960.2,22981.8,57296.3,23333.3,24688.2,31587.8,23190.6,23474.7,1.38,284.24,1.04,0.69,81.29,0.0,7.87,0.89,1.71,170.77,363.64,315.86,233.33,303.41,285.33,206.96,32.92
2022-05-24,80270,79001.0,1088.0,121.0,2.0,19,13.0,2.0,4.0,6.0,331.0,24.0,0.0,648.0,188160.0,1294.0,951311.0,143.0,49.0,2.0,24.0,2.0,19.0,82.61,1.15,1.15,1.05,1.0,345557.0,326475.0,19020.0,264601.0,93527.0,,,,,,,,,,,,,,,,,,,,,,,,33.0,18.0,18.0,18.0,33.0,18.0,18.0,1.03,1.04,1.42,0.78,0.88,7901.0,2857.0,514.0,17.0,956.0,23.0,245.0,64.5,41.1,43.8,76.5,98.6,39.1,56.7,1.9,1.5,1.2,0.0,0.0,0.0,1.7,86.6,91.3,94.9,85.7,100.0,77.8,97.4,86.6,91.3,94.9,85.7,100.0,77.8,97.4,320.0,11.0,7.0,18.0,778.0,23.0,64.0,0.0,1221.0,222.0,5.0,5.0,7.0,678.0,17.0,36.0,28.0,2.0,0.0,2.0,76.0,2.0,8.0,12.96,12.59,9.38,9.14,6.53,,,,,,,,,1.34,284.24,1.0,1.06,82.61,0.0,7.91,0.93,1.61,170.77,363.64,315.86,233.33,303.41,285.33,206.96,31.61
2022-05-25,80313,79029.0,1089.0,136.0,1.0,41,20.0,11.0,10.0,25.0,331.0,28.0,1.0,716.0,188876.0,1224.0,952535.0,143.0,53.0,2.0,24.0,2.0,18.0,83.33,1.18,1.19,1.16,1.31,345675.0,326606.0,19020.0,265250.0,95847.0,,,,,,,,,,,,,,,,,,,,,,,,34.0,19.0,19.0,19.0,34.0,19.0,19.0,1.03,1.04,1.42,0.78,0.88,7901.0,2857.0,514.0,17.0,956.0,23.0,245.0,64.5,41.1,43.8,76.5,98.6,39.1,56.7,1.9,1.5,1.2,0.0,0.0,0.0,1.7,86.6,91.3,94.9,85.7,100.0,77.8,97.4,86.6,91.3,94.9,85.7,100.0,77.8,97.4,320.0,11.0,7.0,18.0,778.0,23.0,64.0,0.0,1221.0,222.0,5.0,5.0,7.0,678.0,17.0,36.0,28.0,2.0,0.0,2.0,76.0,2.0,8.0,11.93,12.67,10.85,9.72,7.28,,,,,,,,,1.33,284.5,0.92,2.16,83.33,0.0,7.84,3.49,1.67,170.77,363.64,315.86,233.33,303.41,285.33,206.96,35.53
2022-05-26,80380,79067.0,1089.0,160.0,2.0,58,27.0,20.0,11.0,15.0,332.0,38.0,0.0,715.0,189591.0,1913.0,954448.0,143.0,68.0,2.0,24.0,1.0,18.0,83.33,1.19,1.2,1.22,2.25,345862.0,326801.0,19020.0,265993.0,97984.0,,,,,,,,,,,,,,,,,,,,,,,,35.0,20.0,20.0,20.0,35.0,20.0,20.0,1.03,1.04,1.42,0.78,0.88,7901.0,2857.0,514.0,17.0,956.0,23.0,245.0,64.5,41.1,43.8,76.5,98.6,39.1,56.7,1.9,1.5,1.2,0.0,0.0,0.0,1.7,86.6,91.3,94.9,85.7,100.0,77.8,97.4,86.6,91.3,94.9,85.7,100.0,77.8,97.4,320.0,11.0,7.0,18.0,778.0,23.0,64.0,0.0,1221.0,222.0,5.0,5.0,7.0,678.0,17.0,36.0,28.0,2.0,0.0,2.0,76.0,2.0,8.0,10.1,10.64,9.31,10.15,7.79,,,,,,,,,1.49,284.5,1.03,1.41,83.33,0.0,8.58,2.1,1.69,170.77,363.64,315.86,233.33,303.41,285.33,206.96,41.8
2022-05-27,80433,79095.0,1089.0,184.0,1.0,47,18.0,5.0,24.0,13.0,332.0,28.0,0.0,749.0,190340.0,1387.0,955835.0,143.0,65.0,2.0,24.0,1.0,18.0,82.74,1.2,1.18,1.4,2.45,345973.0,326942.0,19020.0,266937.0,100672.0,25980.0,316.0,907.0,700.0,55300.0,1886.0,4040.0,899.0,31.0,0.0,0.0,0.0,135.0,4.0,5.0,0.0,,,,,,,,36.0,21.0,21.0,21.0,36.0,21.0,21.0,1.03,1.04,1.42,0.78,0.88,7901.0,2857.0,514.0,17.0,956.0,23.0,245.0,64.5,41.1,43.8,76.5,98.6,39.1,56.7,1.9,1.5,1.2,0.0,0.0,0.0,1.7,86.6,91.3,94.9,85.7,100.0,77.8,97.4,86.6,91.3,94.9,85.7,100.0,77.8,97.4,321.0,11.0,7.0,19.0,782.0,23.0,65.0,0.0,1228.0,223.0,5.0,5.0,7.0,678.0,17.0,36.0,28.0,2.0,0.0,2.0,76.0,2.0,8.0,11.48,10.16,15.4,10.39,9.3,19984.8,22981.8,57296.3,23333.3,24746.8,31654.9,23225.1,23519.9,1.65,284.5,1.12,0.81,82.74,0.0,8.99,1.74,1.67,171.54,363.64,315.86,233.33,303.41,285.33,206.96,48.07
2022-05-28,80499,79138.0,1090.0,206.0,1.0,60,28.0,20.0,12.0,17.0,332.0,43.0,1.0,737.0,191077.0,1091.0,956926.0,143.0,71.0,2.0,24.0,1.0,17.0,82.14,1.21,1.19,1.45,3.94,346025.0,326998.0,19020.0,267303.0,101970.0,,,,,,,,,,,,,,,,,,,,,,,,37.0,22.0,22.0,22.0,37.0,22.0,22.0,0.95,1.07,1.3,0.74,0.86,7901.0,2857.0,514.0,17.0,956.0,23.0,245.0,64.5,41.1,43.8,76.5,98.6,39.1,56.7,1.9,1.5,1.2,0.0,0.0,0.0,1.7,86.6,91.3,94.9,85.7,100.0,77.8,97.4,86.6,91.3,94.9,85.7,100.0,77.8,97.4,321.0,11.0,7.0,19.0,782.0,23.0,65.0,0.0,1228.0,223.0,5.0,5.0,7.0,678.0,17.0,36.0,28.0,2.0,0.0,2.0,76.0,2.0,8.0,10.59,9.99,11.36,10.82,10.24,,,,,,,,,1.84,284.76,1.23,1.28,82.14,0.0,10.04,2.31,1.82,171.54,363.64,315.86,233.33,303.41,285.33,206.96,53.82
2022-05-29,80558,79168.0,1090.0,233.0,0.0,50,20.0,19.0,11.0,21.0,333.0,30.0,0.0,1088.0,192165.0,1377.0,958303.0,143.0,78.0,2.0,24.0,1.0,16.0,80.95,1.19,1.17,1.45,2.11,346025.0,326998.0,19020.0,267308.0,102017.0,,,,,,,,,,,,,,,,,,,,,,,,38.0,23.0,23.0,23.0,38.0,23.0,23.0,0.95,1.07,1.3,0.74,0.86,7901.0,2857.0,514.0,17.0,956.0,23.0,245.0,64.5,41.1,43.8,76.5,98.6,39.1,56.7,1.9,1.5,1.2,0.0,0.0,0.0,1.7,86.6,91.3,94.9,85.7,100.0,77.8,97.4,86.6,91.3,94.9,85.7,100.0,77.8,97.4,321.0,11.0,7.0,19.0,782.0,23.0,65.0,0.0,1228.0,223.0,5.0,5.0,7.0,678.0,17.0,36.0,28.0,2.0,0.0,2.0,76.0,2.0,8.0,8.96,8.35,11.8,10.99,11.09,,,,,,,,,1.97,284.76,1.36,0.83,80.95,0.0,10.94,1.93,1.91,171.54,363.64,315.86,233.33,303.41,285.33,206.96,60.87
2022-05-30,80596,79207.0,1090.0,231.0,0.0,28,13.0,7.0,8.0,11.0,333.0,39.0,0.0,731.0,192896.0,1356.0,959659.0,143.0,70.0,2.0,24.0,1.0,16.0,77.98,1.26,1.22,1.58,1.25,346163.0,327156.0,19020.0,268268.0,105858.0,26014.0,316.0,907.0,700.0,55416.0,1890.0,4043.0,899.0,42.0,0.0,0.0,0.0,161.0,8.0,6.0,0.0,,,,,,,,39.0,24.0,24.0,24.0,39.0,24.0,24.0,,,,,,7901.0,2857.0,514.0,17.0,956.0,23.0,245.0,64.5,41.1,43.8,76.5,98.6,39.1,56.7,1.9,1.5,1.2,0.0,0.0,0.0,1.7,86.6,91.3,94.9,85.7,100.0,77.8,97.4,86.6,91.3,94.9,85.7,100.0,77.8,97.4,321.0,11.0,7.0,19.0,786.0,24.0,65.0,0.0,1233.0,223.0,5.0,5.0,7.0,679.0,17.0,36.0,28.0,2.0,0.0,2.0,76.0,2.0,8.0,20.39,18.47,22.43,11.84,12.94,20010.9,22981.8,57296.3,23333.3,24798.7,31722.1,23242.3,23561.0,2.04,284.76,1.44,0.56,77.98,0.0,11.31,1.5,2.0,171.54,363.64,315.86,233.33,303.85,285.33,206.96,60.35
2022-05-31,80628,79262.0,1090.0,208.0,0.0,27,11.0,13.0,3.0,13.0,333.0,55.0,0.0,521.0,193417.0,1473.0,961132.0,143.0,74.0,2.0,24.0,1.0,18.0,76.79,1.26,1.23,1.53,0.95,346279.0,327326.0,19020.0,269258.0,110279.0,,,,,,,,,,,,,,,,,,,,,,,,40.0,25.0,25.0,25.0,40.0,25.0,25.0,,,,,,8540.0,2820.0,504.0,11.0,738.0,28.0,201.0,68.5,44.9,53.2,72.7,98.9,67.9,44.8,3.0,2.5,0.3,11.1,50.0,5.6,7.9,89.0,91.6,92.8,100.0,100.0,66.7,96.6,89.0,91.6,92.8,100.0,100.0,66.7,96.6,321.0,11.0,7.0,19.0,786.0,24.0,65.0,0.0,1233.0,223.0,5.0,5.0,7.0,679.0,17.0,36.0,28.0,2.0,0.0,2.0,76.0,2.0,8.0,17.67,16.82,14.93,12.44,13.73,,,,,,,,,2.04,284.76,1.47,0.96,76.79,0.0,11.61,2.5,2.22,171.54,363.64,315.86,233.33,303.85,285.33,206.96,54.34
2022-06-01,80685,79312.0,1090.0,215.0,0.0,55,18.0,18.0,19.0,26.0,335.0,50.0,0.0,939.0,194356.0,1552.0,962684.0,143.0,62.0,2.0,24.0,1.0,17.0,75.6,1.25,1.21,1.5,1.87,346479.0,327530.0,19020.0,270145.0,113519.0,,,,,,,,,,,,,,,,,,,,,,,,41.0,26.0,26.0,26.0,41.0,26.0,26.0,,,,,,8540.0,2820.0,504.0,11.0,738.0,28.0,201.0,68.5,44.9,53.2,72.7,98.9,67.9,44.8,3.0,2.5,0.3,11.1,50.0,5.6,7.9,89.0,91.6,92.8,100.0,100.0,66.7,96.6,89.0,91.6,92.8,100.0,100.0,66.7,96.6,321.0,11.0,7.0,19.0,786.0,24.0,65.0,0.0,1233.0,223.0,5.0,5.0,7.0,679.0,17.0,36.0,28.0,2.0,0.0,2.0,76.0,2.0,8.0,15.27,14.93,17.86,12.76,14.73,,,,,,,,,2.12,284.76,1.55,2.04,75.6,0.0,12.13,2.77,2.12,171.54,363.64,315.86,233.33,303.85,285.33,206.96,56.17
2022-06-02,80780,79378.0,1090.0,243.0,0.0,82,33.0,31.0,18.0,25.0,336.0,66.0,0.0,896.0,195252.0,2197.0,964881.0,143.0,66.0,2.0,24.0,1.0,15.0,73.81,1.22,1.18,1.43,2.59,346615.0,327686.0,19020.0,271020.0,116195.0,,,,,,,,,,,,,,,,,,,,,,,,42.0,27.0,27.0,27.0,42.0,27.0,27.0,,,,,,8540.0,2820.0,504.0,11.0,738.0,28.0,201.0,68.5,44.9,53.2,72.7,98.9,67.9,44.8,3.0,2.5,0.3,11.1,50.0,5.6,7.9,89.0,91.6,92.8,100.0,100.0,66.7,96.6,89.0,91.6,92.8,100.0,100.0,66.7,96.6,321.0,11.0,7.0,19.0,786.0,24.0,65.0,0.0,1233.0,223.0,5.0,5.0,7.0,679.0,17.0,36.0,28.0,2.0,0.0,2.0,76.0,2.0,8.0,12.74,12.65,12.81,13.05,15.23,,,,,,,,,2.17,284.76,1.52,1.49,73.81,0.0,13.03,2.79,2.22,171.54,363.64,315.86,233.33,303.85,285.33,206.96,63.48
2022-06-03,80852,79417.0,1091.0,275.0,0.0,70,20.0,39.0,11.0,20.0,336.0,39.0,1.0,857.0,196109.0,1958.0,966839.0,143.0,71.0,2.0,24.0,1.0,17.0,73.21,1.2,1.18,1.33,2.55,346781.0,327861.0,19020.0,271899.0,118719.0,26070.0,316.0,912.0,702.0,55581.0,1896.0,4051.0,899.0,54.0,0.0,5.0,2.0,182.0,6.0,11.0,0.0,,,,,,,,43.0,28.0,28.0,28.0,43.0,28.0,28.0,,,,,,8540.0,2820.0,504.0,11.0,738.0,28.0,201.0,68.5,44.9,53.2,72.7,98.9,67.9,44.8,3.0,2.5,0.3,11.1,50.0,5.6,7.9,89.0,91.6,92.8,100.0,100.0,66.7,96.6,89.0,91.6,92.8,100.0,100.0,66.7,96.6,321.0,11.0,7.0,19.0,788.0,24.0,65.0,0.0,1235.0,223.0,5.0,5.0,7.0,680.0,17.0,36.0,28.0,2.0,0.0,2.0,76.0,2.0,8.0,13.62,13.49,15.34,13.53,15.22,20054.0,22981.8,57612.1,23400.0,24872.6,31822.8,23288.3,23624.2,2.18,285.03,1.54,0.85,73.21,0.0,13.88,2.33,2.3,171.54,363.64,315.86,233.33,304.3,285.33,206.96,71.84
2022-06-04,80906,79462.0,1091.0,283.0,0.0,53,28.0,12.0,13.0,24.0,336.0,45.0,0.0,939.0,197048.0,1022.0,967861.0,143.0,64.0,2.0,24.0,1.0,15.0,72.02,1.15,1.14,1.32,2.84,346803.0,327898.0,19020.0,272099.0,119390.0,,,,,,,,,,,,,,,,,,,,,,,,44.0,29.0,29.0,29.0,44.0,29.0,29.0,,,,,,8540.0,2820.0,504.0,11.0,738.0,28.0,201.0,68.5,44.9,53.2,72.7,98.9,67.9,44.8,3.0,2.5,0.3,11.1,50.0,5.6,7.9,89.0,91.6,92.8,100.0,100.0,66.7,96.6,89.0,91.6,92.8,100.0,100.0,66.7,96.6,321.0,11.0,7.0,19.0,788.0,24.0,65.0,0.0,1235.0,223.0,5.0,5.0,7.0,680.0,17.0,36.0,28.0,2.0,0.0,2.0,76.0,2.0,8.0,10.47,9.96,17.59,13.52,16.11,,,,,,,,,2.02,285.03,1.36,0.76,72.02,0.0,13.62,2.56,2.34,171.54,363.64,315.86,233.33,304.3,285.33,206.96,73.93
2022-06-05,80955,79502.0,1091.0,290.0,1.0,48,16.0,20.0,12.0,21.0,336.0,40.0,0.0,1069.0,198117.0,1298.0,969159.0,143.0,71.0,2.0,24.0,1.0,13.0,70.24,1.13,1.12,1.29,2.08,346804.0,327900.0,19020.0,272134.0,119527.0,,,,,,,,,,,,,,,,,,,,,,,,45.0,30.0,30.0,30.0,45.0,30.0,30.0,,,,,,8540.0,2820.0,504.0,11.0,738.0,28.0,201.0,68.5,44.9,53.2,72.7,98.9,67.9,44.8,3.0,2.5,0.3,11.1,50.0,5.6,7.9,89.0,91.6,92.8,100.0,100.0,66.7,96.6,89.0,91.6,92.8,100.0,100.0,66.7,96.6,321.0,11.0,7.0,19.0,788.0,24.0,65.0,0.0,1235.0,223.0,5.0,5.0,7.0,680.0,17.0,36.0,28.0,2.0,0.0,2.0,76.0,2.0,8.0,10.23,9.26,14.86,13.65,16.54,,,,,,,,,2.02,285.03,1.24,0.91,70.24,0.0,13.55,1.96,2.34,171.54,363.64,315.86,233.33,304.3,285.33,206.96,75.76
2022-06-06,81010,79541.0,1091.0,305.0,1.0,47,29.0,14.0,4.0,23.0,336.0,39.0,0.0,464.0,198581.0,1296.0,970455.0,143.0,73.0,2.0,24.0,1.0,13.0,68.45,1.09,1.1,1.25,1.85,346972.0,328079.0,19020.0,272994.0,122288.0,26113.0,316.0,914.0,704.0,55681.0,1899.0,4056.0,899.0,80.0,0.0,6.0,3.0,197.0,3.0,10.0,0.0,,,,,,,,46.0,31.0,31.0,31.0,46.0,31.0,31.0,,,,,,8540.0,2820.0,504.0,11.0,738.0,28.0,201.0,68.5,44.9,53.2,72.7,98.9,67.9,44.8,3.0,2.5,0.3,11.1,50.0,5.6,7.9,89.0,91.6,92.8,100.0,100.0,66.7,96.6,89.0,91.6,92.8,100.0,100.0,66.7,96.6,322.0,11.0,7.0,19.0,790.0,25.0,66.0,0.0,1240.0,223.0,5.0,5.0,7.0,680.0,17.0,36.0,28.0,2.0,0.0,2.0,76.0,2.0,8.0,19.57,19.19,25.28,13.76,16.95,20087.1,22981.8,57738.5,23466.7,24917.3,31873.1,23317.0,23664.7,2.11,285.03,1.26,0.98,68.45,0.0,14.26,4.96,2.84,171.54,363.64,315.86,233.33,304.3,285.33,206.96,79.68
2022-06-07,81044,79626.0,1091.0,254.0,1.0,30,15.0,14.0,1.0,13.0,336.0,85.0,0.0,574.0,199155.0,1545.0,972000.0,143.0,77.0,2.0,24.0,1.0,14.0,66.07,1.06,1.07,1.26,1.1,347084.0,328218.0,19020.0,273717.0,124541.0,,,,,,,,,,,,,,,,,,,,,,,,47.0,32.0,32.0,32.0,47.0,32.0,32.0,,,,,,9600.0,3002.0,575.0,20.0,983.0,61.0,232.0,72.4,44.1,46.3,55.0,98.6,73.8,52.2,3.1,3.6,0.5,0.0,0.0,4.0,8.6,87.9,94.1,94.9,85.7,88.9,40.0,100.0,87.9,94.1,94.9,85.7,88.9,40.0,100.0,322.0,11.0,7.0,19.0,790.0,25.0,66.0,0.0,1240.0,223.0,5.0,5.0,7.0,680.0,17.0,36.0,28.0,2.0,0.0,2.0,76.0,2.0,8.0,16.26,15.48,21.44,13.57,17.88,,,,,,,,,2.13,285.03,1.24,0.64,66.07,0.0,14.37,2.26,2.8,171.54,363.64,315.86,233.33,304.3,285.33,206.96,66.36
2022-06-08,81118,79708.0,1091.0,246.0,0.0,66,29.0,20.0,17.0,31.0,336.0,82.0,0.0,799.0,199954.0,1547.0,973547.0,143.0,66.0,2.0,24.0,1.0,15.0,64.88,1.05,1.06,1.23,2.26,347201.0,328344.0,19020.0,274475.0,126590.0,,,,,,,,,,,,,,,,,,,,,,,,48.0,33.0,33.0,33.0,48.0,33.0,33.0,,,,,,9600.0,3002.0,575.0,20.0,983.0,61.0,232.0,72.4,44.1,46.3,55.0,98.6,73.8,52.2,3.1,3.6,0.5,0.0,0.0,4.0,8.6,87.9,94.1,94.9,85.7,88.9,40.0,100.0,87.9,94.1,94.9,85.7,88.9,40.0,100.0,322.0,11.0,7.0,19.0,790.0,25.0,66.0,0.0,1240.0,223.0,5.0,5.0,7.0,680.0,17.0,36.0,28.0,2.0,0.0,2.0,76.0,2.0,8.0,15.87,15.3,20.03,13.62,18.19,,,,,,,,,2.18,285.03,1.22,2.2,64.88,0.0,14.78,3.88,2.96,171.54,363.64,315.86,233.33,304.3,285.33,206.96,64.27
2022-06-09,81196,79769.0,1092.0,262.0,0.0,77,33.0,23.0,21.0,29.0,336.0,61.0,1.0,818.0,200772.0,1945.0,975492.0,143.0,72.0,2.0,24.0,1.0,14.0,64.29,1.07,1.08,1.26,2.47,347405.0,328460.0,19020.0,275007.0,128394.0,,,,,,,,,,,,,,,,,,,,,,,,49.0,34.0,34.0,34.0,49.0,34.0,34.0,,,,,,9600.0,3002.0,575.0,20.0,983.0,61.0,232.0,72.4,44.1,46.3,55.0,98.6,73.8,52.2,3.1,3.6,0.5,0.0,0.0,4.0,8.6,87.9,94.1,94.9,85.7,88.9,40.0,100.0,87.9,94.1,94.9,85.7,88.9,40.0,100.0,322.0,11.0,7.0,19.0,790.0,25.0,66.0,0.0,1240.0,223.0,5.0,5.0,7.0,680.0,17.0,36.0,28.0,2.0,0.0,2.0,76.0,2.0,8.0,15.77,15.72,21.46,14.06,19.43,,,,,,,,,2.16,285.29,1.12,1.17,64.29,0.0,14.59,3.55,3.07,171.54,363.64,315.86,233.33,304.3,285.33,206.96,68.45
2022-06-10,81259,79812.0,1092.0,280.0,0.0,56,17.0,30.0,9.0,29.0,337.0,43.0,0.0,798.0,201570.0,1335.0,976827.0,143.0,87.0,2.0,24.0,1.0,14.0,62.5,1.1,1.1,1.32,2.02,347542.0,328590.0,19020.0,275809.0,130468.0,26145.0,316.0,917.0,704.0,55840.0,1904.0,4075.0,899.0,48.0,0.0,4.0,0.0,179.0,5.0,20.0,0.0,,,,,,,,50.0,35.0,35.0,35.0,50.0,35.0,35.0,,,,,,9600.0,3002.0,575.0,20.0,983.0,61.0,232.0,72.4,44.1,46.3,55.0,98.6,73.8,52.2,3.1,3.6,0.5,0.0,0.0,4.0,8.6,87.9,94.1,94.9,85.7,88.9,40.0,100.0,87.9,94.1,94.9,85.7,88.9,40.0,100.0,322.0,11.0,7.0,19.0,792.0,25.0,67.0,0.0,1243.0,223.0,5.0,5.0,7.0,681.0,17.0,36.0,28.0,2.0,0.0,2.0,76.0,2.0,8.0,17.62,16.84,28.93,14.54,21.37,20111.7,22981.8,57928.0,23466.7,24988.5,31957.0,23426.3,23721.6,2.09,285.29,1.01,0.73,62.5,0.0,14.07,3.63,3.26,171.54,363.64,315.86,233.33,304.75,285.33,206.96,73.15
2022-06-11,81338,79878.0,1092.0,292.0,0.0,74,30.0,18.0,26.0,15.0,338.0,66.0,0.0,542.0,202112.0,1389.0,978216.0,143.0,87.0,2.0,24.0,1.0,15.0,62.5,1.15,1.14,1.43,4.25,347563.0,328618.0,19020.0,275988.0,131016.0,,,,,,,,,,,,,,,,,,,,,,,,51.0,36.0,36.0,36.0,51.0,36.0,36.0,,,,,,9600.0,3002.0,575.0,20.0,983.0,61.0,232.0,72.4,44.1,46.3,55.0,98.6,73.8,52.2,3.1,3.6,0.5,0.0,0.0,4.0,8.6,87.9,94.1,94.9,85.7,88.9,40.0,100.0,87.9,94.1,94.9,85.7,88.9,40.0,100.0,322.0,11.0,7.0,19.0,792.0,25.0,67.0,0.0,1243.0,223.0,5.0,5.0,7.0,681.0,17.0,36.0,28.0,2.0,0.0,2.0,76.0,2.0,8.0,17.8,15.26,38.6,15.29,24.37,,,,,,,,,2.29,285.29,1.09,1.32,62.5,0.0,14.85,2.77,3.29,171.54,363.64,315.86,233.33,304.75,285.33,206.96,76.29
2022-06-12,81394,79921.0,1092.0,304.0,0.0,51,15.0,30.0,6.0,24.0,339.0,43.0,0.0,782.0,202894.0,1879.0,980095.0,143.0,93.0,2.0,24.0,1.0,17.0,64.88,1.15,1.15,1.42,1.44,347567.0,328623.0,19020.0,276024.0,131180.0,,,,,,,,,,,,,,,,,,,,,,,,52.0,37.0,37.0,37.0,52.0,37.0,37.0,,,,,,9600.0,3002.0,575.0,20.0,983.0,61.0,232.0,72.4,44.1,46.3,55.0,98.6,73.8,52.2,3.1,3.6,0.5,0.0,0.0,4.0,8.6,87.9,94.1,94.9,85.7,88.9,40.0,100.0,87.9,94.1,94.9,85.7,88.9,40.0,100.0,322.0,11.0,7.0,19.0,792.0,25.0,67.0,0.0,1243.0,223.0,5.0,5.0,7.0,681.0,17.0,36.0,28.0,2.0,0.0,2.0,76.0,2.0,8.0,13.21,13.4,26.71,15.88,26.07,,,,,,,,,2.2,285.29,1.1,0.69,64.88,0.0,14.97,3.07,3.45,171.54,363.64,315.86,233.33,304.75,285.33,206.96,79.42
2022-06-13,81451,79956.0,1092.0,324.0,0.0,55,22.0,25.0,8.0,23.0,341.0,35.0,0.0,396.0,203290.0,1816.0,981911.0,143.0,81.0,2.0,24.0,1.0,18.0,67.86,1.17,1.17,1.42,1.76,347660.0,328735.0,19020.0,276619.0,133511.0,26189.0,316.0,922.0,706.0,55960.0,1907.0,4080.0,899.0,64.0,0.0,7.0,1.0,208.0,4.0,16.0,0.0,,,,,,,,53.0,38.0,38.0,38.0,53.0,38.0,38.0,,,,,,9600.0,3002.0,575.0,20.0,983.0,61.0,232.0,72.4,44.1,46.3,55.0,98.6,73.8,52.2,3.1,3.6,0.5,0.0,0.0,4.0,8.6,87.9,94.1,94.9,85.7,88.9,40.0,100.0,87.9,94.1,94.9,85.7,88.9,40.0,100.0,322.0,11.0,7.0,19.0,795.0,25.0,68.0,0.0,1247.0,223.0,5.0,5.0,7.0,681.0,17.0,36.0,28.0,2.0,0.0,2.0,76.0,2.0,8.0,24.6,24.21,38.62,16.6,27.97,20145.5,22981.8,58243.8,23533.3,25042.2,32007.4,23455.0,23768.4,2.19,285.29,1.07,1.08,67.86,0.0,15.26,5.81,3.57,171.54,363.64,315.86,233.33,304.75,285.33,206.96,84.65
2022-06-14,81518,80049.0,1092.0,298.0,0.0,62,29.0,21.0,12.0,17.0,344.0,93.0,0.0,521.0,203811.0,1370.0,983281.0,143.0,87.0,2.0,24.0,1.0,17.0,69.64,1.21,1.2,1.43,3.28,347744.0,328850.0,19020.0,277149.0,135456.0,,,,,,,,,,,,,,,,,,,,,,,,54.0,39.0,39.0,39.0,54.0,39.0,39.0,,,,,,9664.0,3131.0,667.0,25.0,815.0,45.0,255.0,70.7,44.3,49.3,36.0,92.1,55.6,54.1,2.9,3.0,3.1,0.0,0.0,3.8,7.0,89.9,93.5,96.4,100.0,100.0,52.4,98.6,89.9,93.5,96.4,100.0,100.0,52.4,98.6,322.0,11.0,7.0,19.0,795.0,25.0,68.0,0.0,1247.0,223.0,5.0,5.0,7.0,681.0,17.0,36.0,28.0,2.0,0.0,2.0,76.0,2.0,8.0,24.15,22.26,38.21,17.57,30.37,,,,,,,,,2.5,285.29,1.15,1.13,69.64,0.0,16.46,3.26,3.71,171.54,363.64,315.86,233.33,304.75,285.33,206.96,77.85
2022-06-15,81604,80108.0,1092.0,325.0,0.0,85,45.0,17.0,23.0,49.0,345.0,59.0,0.0,836.0,204647.0,1703.0,984984.0,143.0,99.0,2.0,24.0,1.0,19.0,72.02,1.22,1.2,1.44,2.11,347861.0,328984.0,19020.0,277812.0,137334.0,,,,,,,,,,,,,,,,,,,,,,,,55.0,40.0,40.0,40.0,55.0,40.0,40.0,,,,,,9664.0,3131.0,667.0,25.0,815.0,45.0,255.0,70.7,44.3,49.3,36.0,92.1,55.6,54.1,2.9,3.0,3.1,0.0,0.0,3.8,7.0,89.9,93.5,96.4,100.0,100.0,52.4,98.6,89.9,93.5,96.4,100.0,100.0,52.4,98.6,322.0,11.0,7.0,19.0,795.0,25.0,68.0,0.0,1247.0,223.0,5.0,5.0,7.0,681.0,17.0,36.0,28.0,2.0,0.0,2.0,76.0,2.0,8.0,22.21,20.1,38.74,18.25,33.04,,,,,,,,,2.48,285.29,1.16,1.37,72.02,0.0,17.17,5.86,3.99,171.54,363.64,315.86,233.33,304.75,285.33,206.96,84.91
2022-06-16,81710,80171.0,1092.0,364.0,0.0,100,37.0,36.0,27.0,43.0,347.0,63.0,0.0,1140.0,205787.0,1686.0,986670.0,143.0,99.0,2.0,24.0,1.0,15.0,72.62,1.2,1.17,1.35,3.38,348027.0,329147.0,19020.0,278292.0,138860.0,,,,,,,,,,,,,,,,,,,,,,,,56.0,41.0,41.0,41.0,56.0,41.0,41.0,,,,,,9664.0,3131.0,667.0,25.0,815.0,45.0,255.0,70.7,44.3,49.3,36.0,92.1,55.6,54.1,2.9,3.0,3.1,0.0,0.0,3.8,7.0,89.9,93.5,96.4,100.0,100.0,52.4,98.6,89.9,93.5,96.4,100.0,100.0,52.4,98.6,322.0,11.0,7.0,19.0,795.0,25.0,68.0,0.0,1247.0,223.0,5.0,5.0,7.0,681.0,17.0,36.0,28.0,2.0,0.0,2.0,76.0,2.0,8.0,19.27,17.29,24.99,18.48,33.54,,,,,,,,,2.61,285.29,1.24,1.18,72.62,0.0,18.03,3.77,4.02,171.54,363.64,315.86,233.33,304.75,285.33,206.96,95.1
2022-06-17,81795,80235.0,1092.0,384.0,2.0,85,45.0,22.0,18.0,37.0,347.0,64.0,0.0,813.0,206600.0,1189.0,987859.0,143.0,90.0,2.0,24.0,1.0,17.0,74.4,1.16,1.14,1.24,4.04,348124.0,329297.0,19020.0,278899.0,140654.0,26253.0,316.0,926.0,705.0,56178.0,1913.0,4112.0,899.0,76.0,0.0,7.0,0.0,239.0,8.0,32.0,0.0,,,,,,,,57.0,42.0,42.0,42.0,57.0,42.0,42.0,,,,,,9664.0,3131.0,667.0,25.0,815.0,45.0,255.0,70.7,44.3,49.3,36.0,92.1,55.6,54.1,2.9,3.0,3.1,0.0,0.0,3.8,7.0,89.9,93.5,96.4,100.0,100.0,52.4,98.6,89.9,93.5,96.4,100.0,100.0,52.4,98.6,323.0,11.0,7.0,19.0,799.0,25.0,68.0,0.0,1252.0,223.0,5.0,5.0,7.0,681.0,17.0,36.0,28.0,2.0,0.0,2.0,76.0,2.0,8.0,18.42,18.23,24.5,18.68,32.91,20194.8,22981.8,58496.5,23500.0,25139.7,32108.1,23639.0,23852.8,2.89,285.29,1.36,0.85,74.4,0.0,19.11,4.55,4.16,171.54,363.64,315.86,233.33,304.75,285.33,206.96,100.32
2022-06-18,81888,80314.0,1092.0,395.0,2.0,91,46.0,28.0,17.0,37.0,348.0,79.0,0.0,590.0,207190.0,1107.0,988966.0,143.0,89.0,2.0,24.0,1.0,16.0,75.0,1.13,1.14,1.09,4.88,348140.0,329324.0,19020.0,279047.0,141212.0,,,,,,,,,,,,,,,,,,,,,,,,58.0,43.0,43.0,43.0,58.0,43.0,43.0,,,,,,9664.0,3131.0,667.0,25.0,815.0,45.0,255.0,70.7,44.3,49.3,36.0,92.1,55.6,54.1,2.9,3.0,3.1,0.0,0.0,3.8,7.0,89.9,93.5,96.4,100.0,100.0,52.4,98.6,89.9,93.5,96.4,100.0,100.0,52.4,98.6,323.0,11.0,7.0,19.0,799.0,25.0,68.0,0.0,1252.0,223.0,5.0,5.0,7.0,681.0,17.0,36.0,28.0,2.0,0.0,2.0,76.0,2.0,8.0,19.04,18.44,21.17,19.13,30.42,,,,,,,,,2.98,285.29,1.33,1.07,75.0,0.0,19.74,6.27,4.66,171.54,363.64,315.86,233.33,304.75,285.33,206.96,103.19
2022-06-19,81971,80390.0,1092.0,400.0,0.0,83,47.0,25.0,11.0,34.0,352.0,76.0,0.0,761.0,207951.0,1376.0,990342.0,143.0,62.0,2.0,21.0,1.0,14.0,74.49,1.12,1.12,1.04,3.56,348141.0,329325.0,19020.0,279081.0,141362.0,,,,,,,,,,,,,,,,,,,,,,,,59.0,44.0,44.0,44.0,59.0,44.0,44.0,,,,,,9664.0,3131.0,667.0,25.0,815.0,45.0,255.0,70.7,44.3,49.3,36.0,92.1,55.6,54.1,2.9,3.0,3.1,0.0,0.0,3.8,7.0,89.9,93.5,96.4,100.0,100.0,52.4,98.6,89.9,93.5,96.4,100.0,100.0,52.4,98.6,323.0,11.0,7.0,19.0,799.0,25.0,68.0,0.0,1252.0,223.0,5.0,5.0,7.0,681.0,17.0,36.0,28.0,2.0,0.0,2.0,76.0,2.0,8.0,15.05,14.7,19.67,19.32,29.41,,,,,,,,,3.29,285.29,1.4,0.91,74.49,0.0,20.94,4.47,4.86,171.54,363.64,315.86,233.33,304.75,285.33,206.96,104.5
2022-06-20,82022,80441.0,1092.0,397.0,0.0,51,23.0,19.0,9.0,14.0,352.0,51.0,0.0,456.0,208407.0,1026.0,991368.0,143.0,58.0,2.0,23.0,1.0,15.0,73.12,1.18,1.19,0.98,3.61,348229.0,329435.0,19020.0,279613.0,143429.0,26293.0,316.0,931.0,705.0,56325.0,1918.0,4135.0,899.0,73.0,0.0,8.0,0.0,266.0,6.0,34.0,0.0,,,,,,,,60.0,45.0,45.0,45.0,60.0,45.0,45.0,,,,,,9664.0,3131.0,667.0,25.0,815.0,45.0,255.0,70.7,44.3,49.3,36.0,92.1,55.6,54.1,2.9,3.0,3.1,0.0,0.0,3.8,7.0,89.9,93.5,96.4,100.0,100.0,52.4,98.6,89.9,93.5,96.4,100.0,100.0,52.4,98.6,327.0,11.0,7.0,19.0,803.0,25.0,68.0,0.0,1260.0,223.0,5.0,5.0,7.0,681.0,17.0,36.0,28.0,2.0,0.0,2.0,76.0,2.0,8.0,36.37,35.93,28.47,20.99,27.96,20225.5,22981.8,58812.4,23500.0,25205.5,32192.0,23771.2,23910.3,3.55,285.29,1.36,0.61,73.12,0.0,20.79,3.07,4.47,171.54,363.64,315.86,233.33,304.75,285.33,206.96,103.72
2022-06-21,82077,80536.0,1092.0,357.0,0.0,55,31.0,13.0,11.0,25.0,352.0,95.0,0.0,421.0,208828.0,887.0,992255.0,143.0,62.0,2.0,24.0,1.0,14.0,71.33,1.15,1.16,0.99,3.38,348237.0,329447.0,19020.0,279669.0,143754.0,,,,,,,,,,,,,,,,,,,,,,,,61.0,46.0,46.0,46.0,61.0,46.0,46.0,,,,,,8608.0,2614.0,835.0,12.0,914.0,68.0,357.0,71.5,47.6,65.7,50.0,98.1,73.5,57.1,4.3,3.8,5.6,0.0,17.6,1.8,4.3,91.4,93.9,95.7,90.9,90.0,78.6,100.0,91.4,93.9,95.7,90.9,90.0,78.6,100.0,327.0,11.0,7.0,19.0,803.0,25.0,68.0,0.0,1260.0,223.0,5.0,5.0,7.0,681.0,17.0,36.0,28.0,2.0,0.0,2.0,76.0,2.0,8.0,25.1,24.08,37.67,21.25,27.89,,,,,,,,,3.57,285.29,1.25,1.08,71.33,0.0,20.53,5.94,4.85,171.54,363.64,315.86,233.33,304.75,285.33,206.96,93.27
2022-06-22,82160,80634.0,1092.0,342.0,0.0,83,32.0,22.0,29.0,42.0,354.0,98.0,0.0,742.0,209570.0,1272.0,993527.0,143.0,58.0,2.0,24.0,1.0,16.0,69.55,1.2,1.23,0.97,3.22,348339.0,329579.0,19020.0,280326.0,145624.0,,,,,,,,,,,,,,,,,,,,,,,,62.0,47.0,47.0,47.0,62.0,47.0,47.0,,,,,,8608.0,2614.0,835.0,12.0,914.0,68.0,357.0,71.5,47.6,65.7,50.0,98.1,73.5,57.1,4.3,3.8,5.6,0.0,17.6,1.8,4.3,91.4,93.9,95.7,90.9,90.0,78.6,100.0,91.4,93.9,95.7,90.9,90.0,78.6,100.0,327.0,11.0,7.0,19.0,803.0,25.0,68.0,0.0,1260.0,223.0,5.0,5.0,7.0,681.0,17.0,36.0,28.0,2.0,0.0,2.0,76.0,2.0,8.0,34.21,33.99,34.17,23.24,27.23,,,,,,,,,3.72,285.29,1.19,1.51,69.55,0.0,20.45,5.66,4.82,171.54,363.64,315.86,233.33,304.75,285.33,206.96,89.35
2022-06-23,82249,80711.0,1092.0,347.0,0.0,89,40.0,21.0,28.0,33.0,357.0,77.0,0.0,550.0,210120.0,1555.0,995082.0,143.0,64.0,2.0,23.0,1.0,15.0,69.96,1.23,1.27,1.0,3.6,348453.0,329692.0,19020.0,280918.0,147152.0,,,,,,,,,,,,,,,,,,,,,,,,63.0,48.0,48.0,48.0,63.0,48.0,48.0,,,,,,8608.0,2614.0,835.0,12.0,914.0,68.0,357.0,71.5,47.6,65.7,50.0,98.1,73.5,57.1,4.3,3.8,5.6,0.0,17.6,1.8,4.3,91.4,93.9,95.7,90.9,90.0,78.6,100.0,91.4,93.9,95.7,90.9,90.0,78.6,100.0,327.0,11.0,7.0,19.0,803.0,25.0,68.0,0.0,1260.0,223.0,5.0,5.0,7.0,681.0,17.0,36.0,28.0,2.0,0.0,2.0,76.0,2.0,8.0,30.42,30.42,28.3,25.11,27.71,,,,,,,,,3.76,285.29,1.11,1.07,69.96,0.0,20.04,6.0,5.14,171.54,363.64,315.86,233.33,304.75,285.33,206.96,90.65
2022-06-24,82399,80781.0,1092.0,427.0,0.0,152,74.0,48.0,30.0,85.0,358.0,70.0,0.0,1009.0,211129.0,1011.0,996093.0,194.0,72.0,3.0,22.0,1.0,16.0,70.29,1.28,1.31,1.11,6.63,348531.0,329789.0,19020.0,281418.0,148907.0,26373.0,316.0,931.0,706.0,56573.0,1928.0,4155.0,899.0,89.0,0.0,1.0,1.0,283.0,10.0,25.0,0.0,,,,,,,,64.0,49.0,49.0,49.0,64.0,49.0,49.0,,,,,,8608.0,2614.0,835.0,12.0,914.0,68.0,357.0,71.5,47.6,65.7,50.0,98.1,73.5,57.1,4.3,3.8,5.6,0.0,17.6,1.8,4.3,91.4,93.9,95.7,90.9,90.0,78.6,100.0,91.4,93.9,95.7,90.9,90.0,78.6,100.0,330.0,11.0,7.0,19.0,806.0,26.0,68.0,0.0,1267.0,223.0,5.0,5.0,7.0,681.0,17.0,36.0,28.0,2.0,0.0,2.0,76.0,2.0,8.0,33.2,32.0,45.15,27.08,30.66,20287.1,22981.8,58812.4,23533.3,25316.5,32359.9,23886.2,24004.0,4.13,285.29,1.18,1.71,70.29,0.0,22.54,8.42,5.69,171.54,363.64,315.86,233.33,304.75,285.33,206.96,111.55
2022-06-25,82537,80852.0,1092.0,492.0,0.0,136,65.0,49.0,22.0,54.0,360.0,71.0,0.0,791.0,211920.0,1051.0,997144.0,194.0,88.0,3.0,23.0,1.0,17.0,71.35,1.31,1.33,1.18,7.8,348547.0,329817.0,19020.0,281591.0,149430.0,,,,,,,,,,,,,,,,,,,,,,,,65.0,50.0,50.0,50.0,65.0,50.0,50.0,,,,,,8608.0,2614.0,835.0,12.0,914.0,68.0,357.0,71.5,47.6,65.7,50.0,98.1,73.5,57.1,4.3,3.8,5.6,0.0,17.6,1.8,4.3,91.4,93.9,95.7,90.9,90.0,78.6,100.0,91.4,93.9,95.7,90.9,90.0,78.6,100.0,330.0,11.0,7.0,19.0,806.0,26.0,68.0,0.0,1267.0,223.0,5.0,5.0,7.0,681.0,17.0,36.0,28.0,2.0,0.0,2.0,76.0,2.0,8.0,34.17,33.41,39.25,29.22,33.24,,,,,,,,,4.54,285.29,1.23,0.89,71.35,0.0,24.22,6.83,5.77,171.54,363.64,315.86,233.33,304.75,285.33,206.96,128.54
2022-06-26,82676,80925.0,1092.0,557.0,0.0,137,76.0,43.0,18.0,65.0,363.0,73.0,0.0,795.0,212715.0,1229.0,998373.0,194.0,97.0,3.0,24.0,1.0,15.0,70.67,1.31,1.33,1.27,5.86,348550.0,329821.0,19020.0,281625.0,149558.0,,,,,,,,,,,,,,,,,,,,,,,,66.0,51.0,51.0,51.0,66.0,51.0,51.0,,,,,,8608.0,2614.0,835.0,12.0,914.0,68.0,357.0,71.5,47.6,65.7,50.0,98.1,73.5,57.1,4.3,3.8,5.6,0.0,17.6,1.8,4.3,91.4,93.9,95.7,90.9,90.0,78.6,100.0,91.4,93.9,95.7,90.9,90.0,78.6,100.0,330.0,11.0,7.0,19.0,806.0,26.0,68.0,0.0,1267.0,223.0,5.0,5.0,7.0,681.0,17.0,36.0,28.0,2.0,0.0,2.0,76.0,2.0,8.0,28.38,27.2,44.35,31.0,36.77,,,,,,,,,4.87,285.29,1.25,1.01,70.67,0.0,26.24,8.18,6.3,171.54,363.64,315.86,233.33,304.75,285.33,206.96,145.52
2022-06-27,82782,80979.0,1092.0,608.0,0.0,106,48.0,35.0,23.0,37.0,364.0,54.0,0.0,436.0,213151.0,965.0,999338.0,194.0,97.0,3.0,23.0,1.0,17.0,71.91,1.29,1.3,1.42,7.15,348563.0,329835.0,19020.0,281714.0,149952.0,26461.0,318.0,933.0,705.0,56811.0,1933.0,4170.0,898.0,135.0,2.0,2.0,0.0,387.0,10.0,28.0,0.0,,,,,,,,67.0,52.0,52.0,52.0,67.0,52.0,52.0,,,,,,8608.0,2614.0,835.0,12.0,914.0,68.0,357.0,71.5,47.6,65.7,50.0,98.1,73.5,57.1,4.3,3.8,5.6,0.0,17.6,1.8,4.3,91.4,93.9,95.7,90.9,90.0,78.6,100.0,91.4,93.9,95.7,90.9,90.0,78.6,100.0,331.0,11.0,7.0,19.0,808.0,27.0,68.0,0.0,1271.0,223.0,5.0,5.0,7.0,681.0,17.0,36.0,28.0,2.0,0.0,2.0,76.0,2.0,8.0,46.33,45.71,72.91,32.4,43.11,20354.8,23127.3,58938.7,23500.0,25423.0,32443.8,23972.4,24095.0,5.38,285.29,1.36,0.77,71.91,0.0,28.29,8.49,7.07,171.54,363.64,315.86,233.33,304.75,285.33,206.96,158.84
2022-06-28,82870,81131.0,1092.0,544.0,0.0,83,53.0,24.0,6.0,52.0,365.0,152.0,0.0,419.0,213570.0,878.0,1000216.0,194.0,86.0,3.0,24.0,1.0,19.0,74.88,1.44,1.44,1.53,3.53,348643.0,329988.0,19020.0,282171.0,151896.0,,,,,,,,,,,,,,,,,,,,,,,,68.0,53.0,53.0,53.0,68.0,53.0,53.0,,,,,,7272.0,2829.0,426.0,14.0,471.0,54.0,268.0,64.8,44.9,51.6,50.0,98.9,70.4,51.5,7.2,4.5,3.3,25.0,0.0,0.0,8.5,89.8,93.7,94.3,100.0,100.0,60.0,98.8,89.8,93.7,94.3,100.0,100.0,60.0,98.8,331.0,11.0,7.0,19.0,808.0,27.0,68.0,0.0,1271.0,223.0,5.0,5.0,7.0,681.0,17.0,36.0,28.0,2.0,0.0,2.0,76.0,2.0,8.0,65.96,62.71,85.91,37.92,50.01,,,,,,,,,5.4,285.29,1.43,0.78,74.88,0.0,29.33,12.41,8.0,171.54,363.64,315.86,233.33,304.75,285.33,206.96,142.12
2022-06-29,82987,81228.0,1092.0,564.0,0.0,116,65.0,30.0,21.0,73.0,367.0,97.0,0.0,532.0,214102.0,576.0,1000792.0,194.0,61.0,3.0,24.0,1.0,18.0,76.08,1.46,1.47,1.53,7.47,348702.0,330113.0,19020.0,282643.0,153743.0,,,,,,,,,,,,,,,,,,,,,,,,69.0,54.0,54.0,54.0,69.0,54.0,54.0,,,,,,7272.0,2829.0,426.0,14.0,471.0,54.0,268.0,64.8,44.9,51.6,50.0,98.9,70.4,51.5,7.2,4.5,3.3,25.0,0.0,0.0,8.5,89.8,93.7,94.3,100.0,100.0,60.0,98.8,89.8,93.7,94.3,100.0,100.0,60.0,98.8,331.0,11.0,7.0,19.0,808.0,27.0,68.0,0.0,1271.0,223.0,5.0,5.0,7.0,681.0,17.0,36.0,28.0,2.0,0.0,2.0,76.0,2.0,8.0,61.16,60.86,66.78,41.76,54.66,,,,,,,,,6.01,285.29,1.49,1.4,76.08,0.0,30.57,13.72,9.15,171.54,363.64,315.86,233.33,304.75,285.33,206.96,147.35
2022-06-30,83232,81381.0,1092.0,656.0,0.0,244,135.0,56.0,53.0,153.0,371.0,153.0,0.0,1048.0,215150.0,1007.0,1001799.0,194.0,78.0,3.0,24.0,1.0,18.0,77.45,1.45,1.45,1.48,9.04,348753.0,330199.0,19020.0,283071.0,155361.0,,,,,,,,,,,,,,,,,,,,,,,,70.0,55.0,55.0,55.0,70.0,55.0,55.0,,,,,,7272.0,2829.0,426.0,14.0,471.0,54.0,268.0,64.8,44.9,51.6,50.0,98.9,70.4,51.5,7.2,4.5,3.3,25.0,0.0,0.0,8.5,89.8,93.7,94.3,100.0,100.0,60.0,98.8,89.8,93.7,94.3,100.0,100.0,60.0,98.8,331.0,11.0,7.0,19.0,808.0,27.0,68.0,0.0,1271.0,223.0,5.0,5.0,7.0,681.0,17.0,36.0,28.0,2.0,0.0,2.0,76.0,2.0,8.0,54.75,54.13,55.05,45.15,58.49,,,,,,,,,6.78,285.29,1.81,2.1,77.45,0.0,36.35,14.6,10.38,171.54,363.64,315.86,233.33,304.75,285.33,206.96,171.38
2022-07-01,83515,81506.0,1092.0,812.0,0.0,267,140.0,83.0,44.0,143.0,379.0,125.0,0.0,956.0,216106.0,1274.0,1003073.0,194.0,97.0,3.0,21.0,1.0,15.0,77.29,1.43,1.44,1.37,9.73,348813.0,330301.0,19020.0,283545.0,157086.0,26618.0,323.0,952.0,709.0,57263.0,1948.0,4199.0,899.0,190.0,3.0,21.0,4.0,490.0,16.0,33.0,1.0,,,,,,,,71.0,56.0,56.0,56.0,71.0,56.0,56.0,,,,,,7272.0,2829.0,426.0,14.0,471.0,54.0,268.0,64.8,44.9,51.6,50.0,98.9,70.4,51.5,7.2,4.5,3.3,25.0,0.0,0.0,8.5,89.8,93.7,94.3,100.0,100.0,60.0,98.8,89.8,93.7,94.3,100.0,100.0,60.0,98.8,332.0,11.0,7.0,19.0,809.0,27.0,68.0,0.0,1273.0,223.0,5.0,5.0,7.0,681.0,17.0,36.0,28.0,2.0,0.0,2.0,76.0,2.0,8.0,56.24,57.67,47.1,48.81,58.76,20475.5,23490.9,60139.0,23633.3,25625.3,32695.5,24139.1,24273.1,7.23,285.29,1.8,1.09,77.29,0.0,40.64,14.96,11.31,171.54,363.64,315.86,233.33,304.75,285.33,206.96,212.14
2022-07-02,83749,81636.0,1092.0,914.0,0.0,222,108.0,86.0,28.0,122.0,383.0,130.0,0.0,952.0,217058.0,1222.0,1004295.0,194.0,101.0,3.0,21.0,1.0,16.0,77.68,1.34,1.35,1.35,8.18,348827.0,330320.0,19020.0,283654.0,157518.0,,,,,,,,,,,,,,,,,,,,,,,,72.0,57.0,57.0,57.0,72.0,57.0,57.0,,,,,,7272.0,2829.0,426.0,14.0,471.0,54.0,268.0,64.8,44.9,51.6,50.0,98.9,70.4,51.5,7.2,4.5,3.3,25.0,0.0,0.0,8.5,89.8,93.7,94.3,100.0,100.0,60.0,98.8,89.8,93.7,94.3,100.0,100.0,60.0,98.8,332.0,11.0,7.0,19.0,809.0,27.0,68.0,0.0,1273.0,223.0,5.0,5.0,7.0,681.0,17.0,36.0,28.0,2.0,0.0,2.0,76.0,2.0,8.0,40.64,38.75,64.91,49.58,62.43,,,,,,,,,7.28,285.29,1.81,0.83,77.68,0.0,43.85,12.82,12.17,171.54,363.64,315.86,233.33,304.75,285.33,206.96,238.78
2022-07-03,83981,81776.0,1092.0,1005.0,0.0,231,103.0,88.0,40.0,107.0,388.0,140.0,0.0,883.0,217941.0,1486.0,1005781.0,194.0,110.0,3.0,24.0,1.0,17.0,78.87,1.31,1.32,1.27,8.34,348832.0,330322.0,19020.0,283689.0,157679.0,,,,,,,,,,,,,,,,,,,,,,,,73.0,58.0,58.0,58.0,73.0,58.0,58.0,,,,,,7272.0,2829.0,426.0,14.0,471.0,54.0,268.0,64.8,44.9,51.6,50.0,98.9,70.4,51.5,7.2,4.5,3.3,25.0,0.0,0.0,8.5,89.8,93.7,94.3,100.0,100.0,60.0,98.8,89.8,93.7,94.3,100.0,100.0,60.0,98.8,332.0,11.0,7.0,19.0,809.0,27.0,68.0,0.0,1273.0,223.0,5.0,5.0,7.0,681.0,17.0,36.0,28.0,2.0,0.0,2.0,76.0,2.0,8.0,44.63,44.06,46.28,51.98,62.7,,,,,,,,,7.63,285.29,1.81,1.04,78.87,0.0,47.36,12.12,12.73,171.54,363.64,315.86,233.33,304.75,285.33,206.96,262.56
2022-07-04,84111,81894.0,1093.0,1014.0,0.0,129,79.0,36.0,14.0,64.0,389.0,118.0,1.0,682.0,218623.0,975.0,1006756.0,194.0,134.0,3.0,24.0,1.0,17.0,78.4,1.33,1.33,1.27,6.67,348913.0,330487.0,19020.0,284228.0,159914.0,26735.0,330.0,956.0,710.0,57677.0,1956.0,4235.0,899.0,206.0,7.0,22.0,2.0,677.0,13.0,50.0,1.0,,,,,,,,74.0,59.0,59.0,59.0,74.0,59.0,59.0,,,,,,7272.0,2829.0,426.0,14.0,471.0,54.0,268.0,64.8,44.9,51.6,50.0,98.9,70.4,51.5,7.2,4.5,3.3,25.0,0.0,0.0,8.5,89.8,93.7,94.3,100.0,100.0,60.0,98.8,89.8,93.7,94.3,100.0,100.0,60.0,98.8,335.0,11.0,7.0,19.0,811.0,27.0,69.0,0.0,1279.0,223.0,5.0,5.0,7.0,681.0,17.0,37.0,28.0,2.0,0.0,2.0,76.0,2.0,8.0,75.81,72.76,98.1,55.85,66.3,20565.5,24000.0,60391.7,23666.7,25810.5,32829.8,24346.1,24426.5,7.57,285.55,1.7,0.56,78.4,0.0,48.22,9.38,12.86,171.54,363.64,315.86,233.33,304.75,285.33,212.7,264.91
2022-07-05,84272,82079.0,1093.0,990.0,0.0,160,73.0,51.0,36.0,95.0,391.0,185.0,0.0,583.0,219206.0,692.0,1007448.0,194.0,112.0,3.0,24.0,1.0,16.0,76.62,1.28,1.29,1.23,9.39,348971.0,330598.0,19020.0,284725.0,161841.0,,,,,,,,,,,,,,,,,,,,,,,,75.0,60.0,60.0,60.0,75.0,60.0,60.0,,,,,,7448.0,2915.0,547.0,83.0,434.0,56.0,219.0,65.5,50.6,56.7,68.7,97.2,64.3,47.5,11.1,6.5,4.2,0.0,6.2,7.3,18.0,93.6,94.5,90.2,100.0,95.0,83.3,97.5,93.6,94.5,90.2,100.0,95.0,83.3,97.5,335.0,11.0,7.0,19.0,811.0,27.0,69.0,0.0,1279.0,223.0,5.0,5.0,7.0,681.0,17.0,37.0,28.0,2.0,0.0,2.0,76.0,2.0,8.0,75.69,73.61,93.21,57.41,67.35,,,,,,,,,8.4,285.55,1.74,1.24,76.62,0.0,51.09,16.3,13.41,171.54,363.64,315.86,233.33,304.75,285.33,212.7,258.64
2022-07-06,84527,82349.0,1093.0,975.0,0.0,255,144.0,90.0,21.0,172.0,391.0,270.0,0.0,1019.0,220225.0,921.0,1008369.0,194.0,96.0,3.0,23.0,1.0,20.0,78.35,1.25,1.23,1.35,9.01,349034.0,330691.0,19020.0,285195.0,163529.0,,,,,,,,,,,,,,,,,,,,,,,,76.0,61.0,61.0,61.0,76.0,61.0,61.0,,,,,,7448.0,2915.0,547.0,83.0,434.0,56.0,219.0,65.5,50.6,56.7,68.7,97.2,64.3,47.5,11.1,6.5,4.2,0.0,6.2,7.3,18.0,93.6,94.5,90.2,100.0,95.0,83.3,97.5,93.6,94.5,90.2,100.0,95.0,83.3,97.5,335.0,11.0,7.0,19.0,811.0,27.0,69.0,0.0,1279.0,223.0,5.0,5.0,7.0,681.0,17.0,37.0,28.0,2.0,0.0,2.0,76.0,2.0,8.0,72.0,65.84,134.69,58.12,77.05,,,,,,,,,8.62,285.55,1.84,1.59,78.35,0.0,56.28,16.88,13.86,171.54,363.64,315.86,233.33,304.75,285.33,212.7,254.72
2022-07-07,84808,82585.0,1094.0,1018.0,0.0,281,143.0,108.0,30.0,160.0,394.0,236.0,1.0,1037.0,221262.0,1394.0,1009763.0,194.0,114.0,3.0,25.0,1.0,19.0,78.47,1.22,1.2,1.37,8.68,349090.0,330787.0,19020.0,285628.0,165025.0,,,,,,,,,,,,,,,,,,,,,,,,77.0,0.0,0.0,0.0,77.0,0.0,0.0,,,,,,7448.0,2915.0,547.0,83.0,434.0,56.0,219.0,65.5,50.6,56.7,68.7,97.2,64.3,47.5,11.1,6.5,4.2,0.0,6.2,7.3,18.0,93.6,94.5,90.2,100.0,95.0,83.3,97.5,93.6,94.5,90.2,100.0,95.0,83.3,97.5,335.0,11.0,7.0,19.0,811.0,27.0,69.0,0.0,1279.0,223.0,5.0,5.0,7.0,681.0,17.0,37.0,28.0,2.0,0.0,2.0,76.0,2.0,8.0,68.15,63.36,101.84,59.44,83.73,,,,,,,,,8.57,285.81,1.59,1.1,78.47,0.0,57.66,15.43,13.98,171.54,363.64,315.86,233.33,304.75,285.33,212.7,265.95
2022-07-08,85084,82794.0,1094.0,1084.0,1.0,267,122.0,108.0,37.0,152.0,397.0,209.0,0.0,1027.0,222289.0,1345.0,1011108.0,194.0,130.0,3.0,24.0,1.0,15.0,77.11,1.2,1.16,1.49,8.55,349168.0,330892.0,19020.0,286084.0,166479.0,26921.0,331.0,961.0,712.0,58327.0,1987.0,4304.0,900.0,200.0,1.0,5.0,1.0,742.0,32.0,75.0,1.0,,,,,,,,78.0,1.0,1.0,1.0,78.0,1.0,1.0,,,,,,7448.0,2915.0,547.0,83.0,434.0,56.0,219.0,65.5,50.6,56.7,68.7,97.2,64.3,47.5,11.1,6.5,4.2,0.0,6.2,7.3,18.0,93.6,94.5,90.2,100.0,95.0,83.3,97.5,93.6,94.5,90.2,100.0,95.0,83.3,97.5,337.0,11.0,7.0,19.0,813.0,27.0,69.0,0.0,1283.0,224.0,5.0,5.0,7.0,681.0,17.0,37.0,28.0,2.0,0.0,2.0,76.0,2.0,8.0,66.87,61.09,141.64,59.92,97.24,20708.6,24072.7,60707.5,23733.3,26101.4,33350.1,24742.7,24673.4,8.4,285.81,1.42,0.95,77.11,0.0,57.66,14.8,13.96,172.31,363.64,315.86,233.33,304.75,285.33,212.7,283.2
2022-07-09,85369,83011.0,1094.0,1150.0,0.0,281,128.0,106.0,47.0,143.0,402.0,217.0,0.0,916.0,223205.0,1099.0,1012207.0,194.0,138.0,3.0,24.0,1.0,16.0,75.66,1.19,1.16,1.44,12.56,349179.0,330911.0,19020.0,286192.0,166818.0,,,,,,,,,,,,,,,,,,,,,,,,79.0,2.0,2.0,2.0,79.0,2.0,2.0,,,,,,7448.0,2915.0,547.0,83.0,434.0,56.0,219.0,65.5,50.6,56.7,68.7,97.2,64.3,47.5,11.1,6.5,4.2,0.0,6.2,7.3,18.0,93.6,94.5,90.2,100.0,95.0,83.3,97.5,93.6,94.5,90.2,100.0,95.0,83.3,97.5,337.0,11.0,7.0,19.0,813.0,27.0,69.0,0.0,1283.0,224.0,5.0,5.0,7.0,681.0,17.0,37.0,28.0,2.0,0.0,2.0,76.0,2.0,8.0,55.01,51.01,99.54,61.68,102.18,,,,,,,,,9.03,285.81,1.37,1.05,75.66,0.0,59.86,15.61,14.36,172.31,363.64,315.86,233.33,304.75,285.33,212.7,300.44
2022-07-10,85624,83160.0,1094.0,1256.0,0.0,253,131.0,97.0,25.0,169.0,407.0,149.0,0.0,1103.0,224308.0,952.0,1013159.0,194.0,138.0,3.0,25.0,1.0,16.0,74.66,1.16,1.14,1.41,8.82,349184.0,330920.0,19020.0,286211.0,166931.0,,,,,,,,,,,,,,,,,,,,,,,,80.0,3.0,3.0,3.0,80.0,3.0,3.0,,,,,,7448.0,2915.0,547.0,83.0,434.0,56.0,219.0,65.5,50.6,56.7,68.7,97.2,64.3,47.5,11.1,6.5,4.2,0.0,6.2,7.3,18.0,93.6,94.5,90.2,100.0,95.0,83.3,97.5,93.6,94.5,90.2,100.0,95.0,83.3,97.5,337.0,11.0,7.0,19.0,813.0,27.0,69.0,0.0,1283.0,224.0,5.0,5.0,7.0,681.0,17.0,37.0,28.0,2.0,0.0,2.0,76.0,2.0,8.0,50.83,48.93,91.86,62.37,108.7,,,,,,,,,9.1,285.81,1.28,0.9,74.66,0.0,60.68,15.32,14.82,172.31,363.64,315.86,233.33,304.75,285.33,212.7,328.13
2022-07-11,85840,83339.0,1095.0,1292.0,0.0,195,98.0,74.0,23.0,86.0,410.0,179.0,1.0,552.0,224860.0,1242.0,1014401.0,194.0,138.0,3.0,24.0,1.0,16.0,74.07,1.18,1.16,1.4,8.78,349264.0,331035.0,19020.0,286722.0,168767.0,27108.0,331.0,973.0,713.0,58793.0,2007.0,4359.0,900.0,277.0,0.0,17.0,2.0,828.0,49.0,92.0,1.0,,,,,,,,81.0,4.0,4.0,4.0,81.0,4.0,4.0,,,,,,7448.0,2915.0,547.0,83.0,434.0,56.0,219.0,65.5,50.6,56.7,68.7,97.2,64.3,47.5,11.1,6.5,4.2,0.0,6.2,7.3,18.0,93.6,94.5,90.2,100.0,95.0,83.3,97.5,93.6,94.5,90.2,100.0,95.0,83.3,97.5,338.0,11.0,7.0,20.0,814.0,27.0,69.0,0.0,1286.0,224.0,5.0,5.0,7.0,682.0,17.0,37.0,28.0,2.0,0.0,2.0,76.0,2.0,8.0,98.11,92.94,154.75,65.25,116.79,20852.5,24072.7,61465.6,23766.7,26309.9,33685.8,25058.9,24867.0,9.4,286.07,1.31,0.77,74.07,0.0,63.15,15.58,15.7,172.31,363.64,315.86,233.33,305.2,285.33,212.7,337.54
2022-07-12,86029,83632.0,1095.0,1188.0,0.0,185,104.0,68.0,13.0,94.0,416.0,293.0,0.0,485.0,225345.0,863.0,1015264.0,194.0,103.0,3.0,24.0,1.0,16.0,74.07,1.16,1.13,1.42,10.54,349344.0,331152.0,19020.0,287147.0,170353.0,,,,,,,,,,,,,,,,,,,,,,,,82.0,5.0,5.0,5.0,82.0,5.0,5.0,,,,,,8052.0,3131.0,579.0,18.0,516.0,30.0,477.0,65.6,54.3,51.5,50.0,99.2,66.7,70.9,13.0,8.6,8.8,0.0,12.5,8.0,11.9,93.9,96.2,95.2,100.0,78.6,64.3,99.1,93.9,96.2,95.2,100.0,78.6,64.3,99.1,338.0,11.0,7.0,20.0,814.0,27.0,69.0,0.0,1286.0,224.0,5.0,5.0,7.0,682.0,17.0,37.0,28.0,2.0,0.0,2.0,76.0,2.0,8.0,84.75,76.91,168.91,65.73,127.6,,,,,,,,,9.56,286.07,1.25,0.95,74.07,0.0,64.08,19.38,16.14,172.31,363.64,315.86,233.33,305.2,285.33,212.7,310.37
2022-07-13,86358,83924.0,1095.0,1225.0,1.0,325,154.0,109.0,62.0,219.0,420.0,292.0,0.0,1360.0,226705.0,959.0,1016223.0,242.0,111.0,4.0,24.0,1.0,17.0,71.74,1.15,1.13,1.35,11.05,349395.0,331247.0,19020.0,287560.0,171800.0,,,,,,,,,,,,,,,,,,,,,,,,83.0,6.0,6.0,6.0,83.0,6.0,6.0,,,,,,8052.0,3131.0,579.0,18.0,516.0,30.0,477.0,65.6,54.3,51.5,50.0,99.2,66.7,70.9,13.0,8.6,8.8,0.0,12.5,8.0,11.9,93.9,96.2,95.2,100.0,78.6,64.3,99.1,93.9,96.2,95.2,100.0,78.6,64.3,99.1,338.0,11.0,7.0,20.0,814.0,27.0,69.0,0.0,1286.0,224.0,5.0,5.0,7.0,682.0,17.0,37.0,28.0,2.0,0.0,2.0,76.0,2.0,8.0,83.46,76.72,156.87,67.28,130.77,,,,,,,,,9.85,286.07,1.19,1.76,71.74,0.0,66.69,16.1,16.03,172.31,363.64,315.86,233.33,305.2,285.33,212.7,320.03
2022-07-14,86659,84198.0,1095.0,1250.0,1.0,290,149.0,118.0,23.0,169.0,426.0,274.0,0.0,1143.0,227848.0,1249.0,1017472.0,242.0,148.0,4.0,24.0,2.0,16.0,71.02,1.13,1.11,1.28,9.69,349460.0,331318.0,19020.0,287901.0,172949.0,,,,,,,,,,,,,,,,,,,,,,,,84.0,7.0,7.0,7.0,84.0,7.0,7.0,,,,,,8052.0,3131.0,579.0,18.0,516.0,30.0,477.0,65.6,54.3,51.5,50.0,99.2,66.7,70.9,13.0,8.6,8.8,0.0,12.5,8.0,11.9,93.9,96.2,95.2,100.0,78.6,64.3,99.1,93.9,96.2,95.2,100.0,78.6,64.3,99.1,338.0,11.0,7.0,20.0,814.0,27.0,69.0,0.0,1286.0,224.0,5.0,5.0,7.0,682.0,17.0,37.0,28.0,2.0,0.0,2.0,76.0,2.0,8.0,73.57,68.68,117.91,68.04,133.07,,,,,,,,,10.0,286.07,1.16,0.89,71.02,0.0,67.03,14.79,15.94,172.31,363.64,315.86,233.33,305.2,285.33,212.7,326.56
2022-07-15,86986,84454.0,1095.0,1321.0,0.0,326,143.0,122.0,61.0,170.0,428.0,256.0,0.0,901.0,228749.0,1222.0,1018694.0,242.0,147.0,4.0,24.0,2.0,15.0,71.62,1.09,1.09,1.15,12.77,349526.0,331406.0,19020.0,288250.0,174161.0,27365.0,332.0,983.0,719.0,59495.0,2061.0,4448.0,900.0,306.0,1.0,19.0,5.0,800.0,66.0,103.0,0.0,,,,,,,,85.0,8.0,8.0,8.0,85.0,8.0,8.0,,,,,,8052.0,3131.0,579.0,18.0,516.0,30.0,477.0,65.6,54.3,51.5,50.0,99.2,66.7,70.9,13.0,8.6,8.8,0.0,12.5,8.0,11.9,93.9,96.2,95.2,100.0,78.6,64.3,99.1,93.9,96.2,95.2,100.0,78.6,64.3,99.1,339.0,11.0,7.0,20.0,815.0,27.0,69.0,0.0,1288.0,224.0,5.0,5.0,7.0,682.0,17.0,37.0,28.0,2.0,0.0,2.0,76.0,2.0,8.0,63.69,63.19,92.49,68.34,126.05,21050.2,24145.5,62097.3,23966.7,26624.1,34592.1,25570.6,25159.3,10.6,286.07,1.2,1.12,71.62,0.0,69.23,18.87,16.52,172.31,363.64,315.86,233.33,305.2,285.33,212.7,345.11
2022-07-16,87247,84728.0,1095.0,1307.0,0.0,260,127.0,90.0,43.0,138.0,431.0,274.0,0.0,686.0,229435.0,949.0,1019643.0,242.0,132.0,4.0,24.0,2.0,14.0,71.02,1.07,1.08,1.07,12.86,349526.0,331406.0,19020.0,288253.0,174179.0,,,,,,,,,,,,,,,,,,,,,,,,86.0,9.0,9.0,9.0,86.0,9.0,9.0,,,,,,8052.0,3131.0,579.0,18.0,516.0,30.0,477.0,65.6,54.3,51.5,50.0,99.2,66.7,70.9,13.0,8.6,8.8,0.0,12.5,8.0,11.9,93.9,96.2,95.2,100.0,78.6,64.3,99.1,93.9,96.2,95.2,100.0,78.6,64.3,99.1,339.0,11.0,7.0,20.0,815.0,27.0,69.0,0.0,1288.0,224.0,5.0,5.0,7.0,682.0,17.0,37.0,28.0,2.0,0.0,2.0,76.0,2.0,8.0,53.82,55.72,65.91,69.01,121.24,,,,,,,,,10.64,286.07,1.14,0.8,71.02,0.0,68.45,20.12,17.17,172.31,363.64,315.86,233.33,305.2,285.33,212.7,341.46
2022-07-17,87481,84927.0,1096.0,1341.0,0.0,227,121.0,86.0,20.0,122.0,436.0,199.0,1.0,789.0,230224.0,939.0,1020582.0,242.0,144.0,4.0,24.0,2.0,14.0,70.83,1.06,1.07,1.09,11.18,349526.0,331406.0,19020.0,288254.0,174191.0,,,,,,,,,,,,,,,,,,,,,,,,87.0,10.0,10.0,10.0,87.0,10.0,10.0,,,,,,8052.0,3131.0,579.0,18.0,516.0,30.0,477.0,65.6,54.3,51.5,50.0,99.2,66.7,70.9,13.0,8.6,8.8,0.0,12.5,8.0,11.9,93.9,96.2,95.2,100.0,78.6,64.3,99.1,93.9,96.2,95.2,100.0,78.6,64.3,99.1,339.0,11.0,7.0,20.0,815.0,27.0,69.0,0.0,1288.0,224.0,5.0,5.0,7.0,682.0,17.0,37.0,28.0,2.0,0.0,2.0,76.0,2.0,8.0,52.01,50.45,120.72,69.23,125.37,,,,,,,,,10.98,286.33,1.11,0.87,70.83,0.0,67.48,15.46,17.19,172.31,363.64,315.86,233.33,305.2,285.33,212.7,350.34
2022-07-18,87654,85124.0,1096.0,1317.0,0.0,161,98.0,43.0,20.0,70.0,437.0,197.0,0.0,459.0,230683.0,746.0,1021328.0,242.0,126.0,4.0,24.0,2.0,14.0,70.24,1.09,1.11,1.08,12.2,349596.0,331522.0,19020.0,288638.0,175493.0,27496.0,333.0,988.0,722.0,59943.0,2076.0,4495.0,900.0,271.0,1.0,15.0,5.0,865.0,60.0,89.0,0.0,,,,,,,,88.0,11.0,11.0,11.0,88.0,11.0,11.0,,,,,,8052.0,3131.0,579.0,18.0,516.0,30.0,477.0,65.6,54.3,51.5,50.0,99.2,66.7,70.9,13.0,8.6,8.8,0.0,12.5,8.0,11.9,93.9,96.2,95.2,100.0,78.6,64.3,99.1,93.9,96.2,95.2,100.0,78.6,64.3,99.1,339.0,11.0,7.0,20.0,818.0,27.0,69.0,0.0,1291.0,224.0,5.0,5.0,7.0,683.0,17.0,37.0,28.0,2.0,0.0,2.0,76.0,2.0,8.0,120.74,120.58,161.36,73.18,126.31,21150.9,24218.2,62413.1,24066.7,26824.6,34843.9,25840.8,25329.1,11.47,286.33,1.05,0.71,70.24,0.0,66.21,15.25,17.14,172.31,363.64,315.86,233.33,305.64,285.33,212.7,344.07
2022-07-19,87819,85483.0,1096.0,1123.0,0.0,162,114.0,31.0,17.0,108.0,441.0,359.0,0.0,495.0,231178.0,438.0,1021766.0,242.0,120.0,4.0,24.0,2.0,16.0,70.83,1.12,1.15,1.11,12.33,349683.0,331623.0,19020.0,289017.0,176608.0,,,,,,,,,,,,,,,,,,,,,,,,89.0,12.0,12.0,12.0,89.0,12.0,12.0,,,,,,7387.0,2816.0,598.0,7.0,701.0,40.0,435.0,64.3,53.1,49.7,42.9,99.9,62.5,70.6,14.1,10.7,14.5,50.0,0.0,15.0,20.7,94.1,96.0,96.8,100.0,91.7,77.8,99.2,94.1,96.0,96.8,100.0,91.7,77.8,99.2,339.0,11.0,7.0,20.0,818.0,27.0,69.0,0.0,1291.0,224.0,5.0,5.0,7.0,683.0,17.0,37.0,28.0,2.0,0.0,2.0,76.0,2.0,8.0,107.88,104.56,207.46,77.13,131.82,,,,,,,,,11.72,286.33,1.02,1.01,70.83,0.0,65.35,21.82,17.49,172.31,363.64,315.86,233.33,305.64,285.33,212.7,293.39
2022-07-20,88165,85788.0,1096.0,1164.0,0.0,341,190.0,118.0,33.0,212.0,451.0,305.0,0.0,1108.0,232286.0,1093.0,1022859.0,260.0,133.0,5.0,24.0,2.0,16.0,70.83,1.15,1.19,1.14,11.8,349752.0,331706.0,19020.0,289347.0,177647.0,,,,,,,,,,,,,,,,,,,,,,,,90.0,13.0,13.0,13.0,90.0,13.0,13.0,,,,,,,,,,,,,,,,,,,,,,,,,,,,,,,,,,,,,,,,,339.0,11.0,7.0,20.0,818.0,27.0,69.0,0.0,1291.0,224.0,5.0,5.0,7.0,683.0,17.0,37.0,28.0,2.0,0.0,2.0,76.0,2.0,8.0,111.82,111.99,204.24,82.17,138.59,,,,,,,,,11.83,286.33,0.99,2.1,70.83,0.0,65.95,19.13,17.92,172.31,363.64,315.86,233.33,305.64,285.33,212.7,304.1
2022-07-21,88539,86086.0,1097.0,1236.0,0.0,371,177.0,133.0,61.0,180.0,459.0,298.0,1.0,999.0,233285.0,1348.0,1024207.0,260.0,151.0,5.0,24.0,1.0,15.0,69.64,1.16,1.19,1.26,14.17,349809.0,331793.0,19020.0,289675.0,178612.0,,,,,,,,,,,,,,,,,,,,,,,,91.0,14.0,14.0,14.0,91.0,14.0,14.0,,,,,,,,,,,,,,,,,,,,,,,,,,,,,,,,,,,,,,,,,339.0,11.0,7.0,20.0,818.0,27.0,69.0,0.0,1291.0,224.0,5.0,5.0,7.0,683.0,17.0,37.0,28.0,2.0,0.0,2.0,76.0,2.0,8.0,93.7,90.47,244.17,85.28,156.62,,,,,,,,,12.47,286.59,1.03,1.09,69.64,0.0,68.97,18.02,18.38,172.31,363.64,315.86,233.33,305.64,285.33,212.7,322.91
2022-07-22,88871,86342.0,1097.0,1309.0,0.0,328,141.0,129.0,58.0,182.0,462.0,256.0,0.0,881.0,234166.0,1216.0,1025423.0,260.0,152.0,5.0,24.0,2.0,16.0,70.24,1.19,1.21,1.48,12.01,349890.0,331908.0,19020.0,290080.0,179679.0,27788.0,334.0,995.0,727.0,60718.0,2113.0,4560.0,900.0,315.0,2.0,7.0,3.0,834.0,40.0,67.0,0.0,,,,,,,,92.0,15.0,15.0,15.0,92.0,15.0,15.0,,,,,,,,,,,,,,,,,,,,,,,,,,,,,,,,,,,,,,,,,342.0,11.0,7.0,20.0,822.0,27.0,69.0,0.0,1298.0,224.0,5.0,5.0,7.0,684.0,17.0,37.0,28.0,2.0,0.0,2.0,76.0,2.0,8.0,101.67,93.68,344.14,89.64,192.57,21375.5,24290.9,62855.3,24233.3,27171.4,35464.9,26214.4,25637.9,12.36,286.59,1.0,0.88,70.24,0.0,69.05,20.66,18.64,172.31,363.64,315.86,233.33,306.09,285.33,212.7,341.98
2022-07-23,89198,86568.0,1098.0,1407.0,1.0,327,169.0,85.0,73.0,163.0,466.0,226.0,1.0,764.0,234930.0,1357.0,1026780.0,260.0,163.0,5.0,24.0,2.0,17.0,72.02,,,,12.09,349904.0,331935.0,19020.0,290195.0,179934.0,,,,,,,,,,,,,,,,,,,,,,,,93.0,16.0,16.0,16.0,93.0,16.0,16.0,,,,,,,,,,,,,,,,,,,,,,,,,,,,,,,,,,,,,,,,,342.0,11.0,7.0,20.0,822.0,27.0,69.0,0.0,1298.0,224.0,5.0,5.0,7.0,684.0,17.0,37.0,28.0,2.0,0.0,2.0,76.0,2.0,8.0,,,,,,,,,,,,,,12.25,286.85,1.05,1.0,72.02,0.0,71.55,21.34,18.81,172.31,363.64,315.86,233.33,306.09,285.33,212.7,367.58
2022-07-24,89474,86744.0,1098.0,1507.0,0.0,273,144.0,101.0,28.0,165.0,470.0,176.0,0.0,905.0,235835.0,1192.0,1027972.0,260.0,165.0,5.0,23.0,2.0,17.0,74.3,,,,9.06,349904.0,331935.0,19020.0,290196.0,179942.0,,,,,,,,,,,,,,,,,,,,,,,,94.0,17.0,17.0,17.0,94.0,17.0,17.0,,,,,,,,,,,,,,,,,,,,,,,,,,,,,,,,,,,,,,,,,342.0,11.0,7.0,20.0,822.0,27.0,69.0,0.0,1298.0,224.0,5.0,5.0,7.0,684.0,17.0,37.0,28.0,2.0,0.0,2.0,76.0,2.0,8.0,,,,,,,,,,,,,,11.95,286.85,1.09,0.83,74.3,0.0,73.26,18.23,19.21,172.31,363.64,315.86,233.33,306.09,285.33,212.7,393.71
2022-07-25,89705,86921.0,1099.0,1559.0,0.0,218,123.0,65.0,30.0,112.0,472.0,177.0,1.0,435.0,236270.0,930.0,1028902.0,260.0,159.0,5.0,24.0,2.0,13.0,73.71,,,,11.4,349963.0,332026.0,19020.0,290477.0,181069.0,28002.0,335.0,1000.0,728.0,61195.0,2150.0,4633.0,900.0,361.0,1.0,6.0,2.0,978.0,61.0,109.0,0.0,,,,,,,,95.0,18.0,18.0,18.0,95.0,18.0,18.0,,,,,,,,,,,,,,,,,,,,,,,,,,,,,,,,,,,,,,,,,343.0,11.0,7.0,20.0,825.0,27.0,70.0,0.0,1303.0,224.0,5.0,5.0,7.0,686.0,17.0,37.0,28.0,2.0,0.0,2.0,76.0,2.0,8.0,,,,,,21540.2,24363.6,63171.2,24266.7,27384.8,36085.9,26634.1,25849.0,11.84,287.12,1.14,0.8,73.71,0.0,75.39,25.75,20.71,172.31,363.64,315.86,233.33,306.99,285.33,212.7,407.29
2022-07-26,89867,87324.0,1099.0,1318.0,0.0,163,94.0,46.0,23.0,112.0,474.0,403.0,0.0,473.0,236743.0,378.0,1029280.0,260.0,189.0,5.0,24.0,1.0,13.0,71.33,,,,13.49,350030.0,332094.0,19020.0,290711.0,181952.0,,,,,,,,,,,,,,,,,,,,,,,,96.0,19.0,19.0,19.0,96.0,19.0,19.0,,,,,,,,,,,,,,,,,,,,,,,,,,,,,,,,,,,,,,,,,,,,,,,,,,,,,,,,,,,,,,,,,,,,,,,,,,,,,12.0,287.12,1.15,0.75,61.31,10.02,75.43,23.68,20.97,,,,,,,,344.33
2022-07-27,90219,87662.0,1099.0,1332.0,0.0,353,211.0,95.0,47.0,196.0,478.0,338.0,0.0,1006.0,237749.0,1180.0,1030460.0,260.0,171.0,5.0,,1.0,,,,,,13.31,350060.0,332143.0,19020.0,290848.0,182473.0,,,,,,,,,,,,,,,,,,,,,,,,97.0,20.0,20.0,20.0,97.0,20.0,20.0,,,,,,,,,,,,,,,,,,,,,,,,,,,,,,,,,,,,,,,,,,,,,,,,,,,,,,,,,,,,,,,,,,,,,,,,,,,,,12.22,287.12,1.15,2.17,60.71,,75.87,19.48,21.02,,,,,,,,347.99
2022-07-28,90560,87998.0,1101.0,1333.0,0.0,334,169.0,101.0,64.0,172.0,485.0,336.0,2.0,910.0,238659.0,1367.0,1031827.0,260.0,157.0,5.0,,1.0,,,,,,11.85,,,,,,,,,,,,,,,,,,,,,,,,,,,,,98.0,21.0,21.0,21.0,98.0,21.0,21.0,,,,,,,,,,,,,,,,,,,,,,,,,,,,,,,,,,,,,,,,,,,,,,,,,,,,,,,,,,,,,,,,,,,,,,,,,,,,,11.89,287.64,1.08,0.95,60.71,,74.49,18.9,21.15,,,,,,,,348.25
